2016-02-05,'600077,宋都股份,4.58,4.72,4.55,4.7,4.71,-0.13,-2.7601,1.6225,21743183,100910142.0,6137760253.08,6137760253.08
2016-02-04,'600077,宋都股份,4.71,4.78,4.63,4.67,4.67,0.04,0.8565,2.2363,29969609,140817961.0,6311976155.46,6311976155.46
2016-02-03,'600077,宋都股份,4.67,4.77,4.5,4.6,4.58,0.09,1.9651,2.6074,34941688,162053855.0,6258371262.42,6258371262.42
2016-02-02,'600077,宋都股份,4.58,4.62,4.35,4.37,4.36,0.22,5.0459,2.0087,26919093,121885126.0,6137760253.08,6137760253.08
2016-02-01,'600077,宋都股份,4.36,4.51,4.24,4.51,4.5,-0.14,-3.1111,1.6095,21569262,94730970.0,5842933341.36,5842933341.36
2016-01-29,'600077,宋都股份,4.5,4.57,4.25,4.3,4.32,0.18,4.1667,2.1725,29113958,128793147.0,6030550467.0,6030550467.0
2016-01-28,'600077,宋都股份,4.32,4.6,4.24,4.47,4.55,-0.23,-5.0549,1.6814,22532733,99958501.0,5789328448.32,5789328448.32
2016-01-27,'600077,宋都股份,4.55,4.72,4.26,4.69,4.68,-0.13,-2.7778,2.3673,31724574,142939671.0,6097556583.3,6097556583.3
2016-01-26,'600077,宋都股份,4.68,5.1,4.64,5.09,5.16,-0.48,-9.3023,2.635,35312864,171677895.0,6271772485.68,6271772485.68
2016-01-25,'600077,宋都股份,5.16,5.22,5.07,5.15,5.12,0.04,0.7813,1.668,22352615,115198298.0,6915031202.16,6915031202.16
2016-01-22,'600077,宋都股份,5.12,5.17,4.87,5.13,5.07,0.05,0.9862,2.3531,31534022,158641249.0,6861426309.12,6861426309.12
2016-01-21,'600077,宋都股份,5.07,5.4,5.03,5.25,5.41,-0.34,-6.2847,2.1738,29132035,152965595.0,6794420192.82,6794420192.82
2016-01-20,'600077,宋都股份,5.41,5.55,5.33,5.4,5.27,0.14,2.6565,4.1786,55998187,304610884.0,7250061783.66,7250061783.66
2016-01-19,'600077,宋都股份,5.27,5.32,5.0,5.04,5.05,0.22,4.3564,2.7239,36503156,190008292.0,7062444658.02,7062444658.02
2016-01-18,'600077,宋都股份,5.05,5.15,4.75,4.75,4.87,0.18,3.6961,1.6362,21927462,109149373.0,6767617746.3,6767617746.3
2016-01-15,'600077,宋都股份,4.87,5.23,4.8,5.14,5.19,-0.32,-6.1657,2.1598,28943652,145783986.0,6526395727.62,6526395727.62
2016-01-14,'600077,宋都股份,5.19,5.24,4.81,4.83,5.0,0.19,3.8,2.1313,28562672,144204265.0,6955234871.94,6955234871.94
2016-01-13,'600077,宋都股份,5.0,5.35,4.94,5.16,5.14,-0.14,-2.7237,2.3629,31665092,163869869.0,6700611630.0,6700611630.0
2016-01-12,'600077,宋都股份,5.14,5.16,4.9,5.05,5.06,0.08,1.581,2.566,34387541,174038027.0,6888228755.64,6888228755.64
2016-01-11,'600077,宋都股份,5.06,5.64,5.06,5.47,5.62,-0.56,-9.9644,3.2097,43014196,227981166.0,6781018969.56,6781018969.56
2016-01-08,'600077,宋都股份,5.62,5.85,5.21,5.8,5.65,-0.03,-0.531,2.8669,38419783,217660925.0,7531487472.12,7531487472.12
2016-01-07,'600077,宋都股份,5.65,6.2,5.65,6.2,6.28,-0.63,-10.0318,0.5511,7385500,43271996.0,7571691141.9,7571691141.9
2016-01-06,'600077,宋都股份,6.28,6.3,6.06,6.14,6.08,0.2,3.2895,2.3618,31651455,195981481.0,8415968207.28,8415968207.28
2016-01-05,'600077,宋都股份,6.08,6.46,5.89,6.16,6.54,-0.46,-7.0336,3.3226,44527307,271561410.0,8147943742.08,8147943742.08
2016-01-04,'600077,宋都股份,6.54,7.26,6.54,7.12,7.27,-0.73,-10.0413,2.2646,30348579,205316958.0,8764400012.04,8764400012.04
2015-12-31,'600077,宋都股份,7.27,7.42,7.25,7.3,7.29,-0.02,-0.2743,1.5339,20556339,150789728.0,9742689310.02,9742689310.02
2015-12-30,'600077,宋都股份,7.29,7.47,7.11,7.12,7.18,0.11,1.532,2.8697,38456894,280547059.0,9769491756.54,9769491756.54
2015-12-29,'600077,宋都股份,7.18,7.38,6.99,7.34,7.34,-0.16,-2.1798,3.7011,49599352,352288860.0,9622078300.68,9622078300.68
2015-12-28,'600077,宋都股份,7.34,8.0,7.27,7.89,8.05,-0.71,-8.8199,5.4343,72825670,548984445.0,9836497872.84,9836497872.84
2015-12-25,'600077,宋都股份,8.05,8.21,7.91,8.17,8.14,-0.09,-1.1057,1.5594,17012680,136283466.0,10787984724.3,8782263677.6
2015-12-24,'600077,宋都股份,8.14,8.58,8.11,8.51,8.61,-0.47,-5.4588,1.958,21360783,176681493.0,10908595733.6,8880450476.48
2015-12-23,'600077,宋都股份,8.61,8.73,8.25,8.31,8.33,0.28,3.3613,3.1369,34222520,289652611.0,11538453226.9,9393203759.52
2015-12-22,'600077,宋都股份,8.33,8.59,8.19,8.5,8.5,-0.17,-2.0,1.9214,20962115,175005816.0,11163218975.6,9087733718.56
2015-12-21,'600077,宋都股份,8.5,8.66,8.35,8.42,8.51,-0.01,-0.1175,1.9094,20831029,176357328.0,11391039771.0,9273197672.0
2015-12-18,'600077,宋都股份,8.51,8.74,8.16,8.39,8.39,0.12,1.4303,3.0434,33202879,279846663.0,11404440994.3,9284107316.32
2015-12-17,'600077,宋都股份,8.39,8.46,8.07,8.07,8.0,0.39,4.875,2.4683,26928297,224163908.0,11243626315.1,9153191584.48
2015-12-16,'600077,宋都股份,8.0,8.23,7.95,8.1,8.03,-0.03,-0.3736,1.2585,13729669,111168497.0,10720978608.0,8727715456.0
2015-12-15,'600077,宋都股份,8.03,8.25,8.0,8.01,8.01,0.02,0.2497,1.5974,17427046,141174528.0,10761182277.8,8760444388.96
2015-12-14,'600077,宋都股份,8.01,8.09,7.77,7.84,7.89,0.12,1.5209,1.2608,13755183,108955101.0,10734379831.3,8738625100.32
2015-12-11,'600077,宋都股份,7.89,8.17,7.8,8.17,8.14,-0.25,-3.0713,1.0458,11409338,90296058.0,10573565152.1,8607709368.48
2015-12-10,'600077,宋都股份,8.14,8.47,8.05,8.3,8.49,-0.35,-4.1225,1.5739,17170444,142051025.0,10908595733.6,8880450476.48
2015-12-09,'600077,宋都股份,8.49,8.49,7.78,7.95,7.98,0.51,6.391,2.8153,30713388,252370224.0,11377638547.7,9262288027.68
2015-12-08,'600077,宋都股份,7.98,8.4,7.9,8.38,8.49,-0.51,-6.0071,2.1958,23955499,194998666.0,10694176161.5,8705896167.36
2015-12-07,'600077,宋都股份,8.49,8.78,8.33,8.59,8.59,-0.1,-1.1641,2.6724,29155402,249412438.0,11377638547.7,9262288027.68
2015-12-04,'600077,宋都股份,8.59,8.72,8.16,8.38,8.58,0.01,0.1166,3.6889,40244253,338537369.0,11511650780.3,9371384470.88
2015-12-03,'600077,宋都股份,8.58,8.8,8.09,8.36,8.14,0.44,5.4054,4.0727,44431281,374915879.0,11498249557.1,9360474826.56
2015-12-02,'600077,宋都股份,8.14,8.54,7.85,8.48,8.59,-0.45,-5.2386,4.6064,50254027,413467327.0,10908595733.6,8880450476.48
2015-12-01,'600077,宋都股份,8.59,8.94,8.13,8.3,8.13,0.46,5.6581,8.0257,87557549,747144132.0,11511650780.3,9371384470.88
2015-11-30,'600077,宋都股份,8.13,8.13,7.22,7.35,7.39,0.74,10.0135,5.151,56195778,439659776.0,10895194510.4,8869540832.16
2015-11-27,'600077,宋都股份,7.39,7.57,7.0,7.28,7.28,0.11,1.511,4.0855,44571343,326973876.0,9903503989.14,8062227152.48
2015-11-26,'600077,宋都股份,7.28,7.58,7.24,7.43,7.44,-0.16,-2.1505,2.5983,28346010,208880838.0,9756090533.28,7942221064.96
2015-11-25,'600077,宋都股份,7.44,7.5,7.13,7.14,7.17,0.27,3.7657,3.1146,33979068,248939602.0,9970510105.44,8116775374.08
2015-11-24,'600077,宋都股份,7.17,7.18,6.88,7.04,7.05,0.12,1.7021,2.3403,25531797,179951767.0,9608677077.42,7822214977.44
2015-11-23,'600077,宋都股份,7.05,7.28,6.99,7.02,6.96,0.09,1.2931,2.3272,25388702,181160821.0,9447862398.3,7691299245.6
2015-11-20,'600077,宋都股份,6.96,7.05,6.86,6.89,6.9,0.06,0.8696,1.5968,17420677,121582229.0,9327251388.96,7593112446.72
2015-11-19,'600077,宋都股份,6.9,6.91,6.71,6.87,6.87,0.03,0.4367,1.4205,15496610,105713512.0,9246844049.4,7527654580.8
2015-11-18,'600077,宋都股份,6.87,7.14,6.73,6.78,6.78,0.09,1.3274,2.2474,24518023,170261812.0,9206640379.62,7494925647.84
2015-11-17,'600077,宋都股份,6.78,7.08,6.71,6.99,6.89,-0.11,-1.5965,2.159,23553730,162970057.0,9086029370.28,7396738848.96
2015-11-16,'600077,宋都股份,6.89,6.91,6.63,6.67,6.81,0.08,1.1747,1.3918,15183944,102734402.0,9233442826.14,7516744936.48
2015-11-13,'600077,宋都股份,6.81,7.04,6.67,7.0,7.13,-0.32,-4.4881,2.6116,28491562,195333491.0,9126233040.06,7429467781.92
2015-11-12,'600077,宋都股份,7.13,7.43,6.96,7.39,7.35,-0.22,-2.9932,3.817,41641824,297681411.0,9555072184.38,7778576400.16
2015-11-11,'600077,宋都股份,7.35,7.48,7.26,7.35,7.34,0.01,0.1362,2.5983,28346491,208994179.0,9849899096.1,8018588575.2
2015-11-10,'600077,宋都股份,7.34,7.39,7.05,7.11,7.17,0.17,2.371,2.6509,28920004,208460178.0,9836497872.84,8007678930.88
2015-11-09,'600077,宋都股份,7.17,7.23,7.0,7.04,7.09,0.08,1.1283,2.0191,22027786,156905929.0,9608677077.42,7822214977.44
2015-11-06,'600077,宋都股份,7.09,7.16,6.93,6.93,6.95,0.14,2.0144,2.1305,23243193,164038086.0,9501467291.34,7734937822.88
2015-11-05,'600077,宋都股份,6.95,7.13,6.85,7.0,6.98,-0.03,-0.4298,2.2984,25074992,174998065.0,9313850165.7,7582202802.4
2015-11-04,'600077,宋都股份,6.98,7.09,6.59,6.6,6.58,0.4,6.079,2.0719,22603189,155338589.0,9354053835.48,7614931735.36
2015-11-03,'600077,宋都股份,6.58,6.75,6.5,6.6,6.58,0.0,0.0,1.3195,14395031,95081251.0,8818004905.08,7178545962.56
2015-11-02,'600077,宋都股份,6.58,6.85,6.57,6.7,6.84,-0.26,-3.8012,1.2525,13664205,91058410.0,8818004905.08,7178545962.56
2015-10-30,'600077,宋都股份,6.84,7.05,6.75,7.0,7.02,-0.18,-2.5641,1.311,14302099,98539867.0,9166436709.84,7462196714.88
2015-10-29,'600077,宋都股份,7.02,7.08,6.78,6.95,6.95,0.07,1.0072,1.5278,16667843,115743586.0,9407658728.52,7658570312.64
2015-10-28,'600077,宋都股份,6.95,7.4,6.8,7.1,7.16,-0.21,-2.933,2.2154,24169322,171071759.0,9313850165.7,7582202802.4
2015-10-27,'600077,宋都股份,7.16,7.27,6.61,7.16,7.17,-0.01,-0.1395,2.3567,25711250,179414312.0,9595275854.16,7811305333.12
2015-10-26,'600077,宋都股份,7.17,7.68,7.01,7.68,7.45,-0.28,-3.7584,4.6065,50254955,364002826.0,9608677077.42,7822214977.44
2015-10-23,'600077,宋都股份,7.45,7.51,7.02,7.06,6.86,0.59,8.6006,4.1336,45096035,326376568.0,9983911328.7,8127685018.4
2015-10-22,'600077,宋都股份,6.86,6.86,6.22,6.24,6.24,0.62,9.9359,3.1546,34415085,227110790.0,9193239156.36,7484016003.52
2015-10-21,'600077,宋都股份,6.24,6.91,6.21,6.9,6.9,-0.66,-9.5652,3.3359,36393544,240098383.0,8362363314.24,6807618055.68
2015-10-20,'600077,宋都股份,6.9,7.05,6.47,6.5,6.47,0.43,6.6461,4.3888,47879850,324205400.0,9246844049.4,7527654580.8
2015-10-19,'600077,宋都股份,6.47,6.78,6.35,6.65,6.65,-0.18,-2.7068,3.231,35249435,232338573.0,8670591449.22,7058539875.04
2015-10-16,'600077,宋都股份,6.65,6.88,6.47,6.58,6.35,0.3,4.7244,4.373,47707599,316542921.0,8911813467.9,7254913472.8
2015-10-15,'600077,宋都股份,6.35,6.44,6.12,6.15,6.21,0.14,2.2544,2.9735,32439707,203910116.0,8509776770.1,6927624143.2
2015-10-14,'600077,宋都股份,6.21,6.49,6.13,6.32,6.49,-0.28,-4.3143,3.1174,34010266,213500284.0,8322159644.46,6774889122.72
2015-10-13,'600077,宋都股份,6.49,6.59,6.15,6.18,6.12,0.37,6.0458,6.0869,66405900,424758878.0,8697393895.74,7080359163.68
2015-10-12,'600077,宋都股份,6.12,6.12,5.66,5.69,5.56,0.56,10.0719,2.0756,22644086,135517090.0,8201548635.12,6676702323.84
2015-10-09,'600077,宋都股份,5.56,5.58,5.33,5.38,5.4,0.16,2.963,1.6841,18372743,100872752.0,7451080132.56,6065762241.92
2015-10-08,'600077,宋都股份,5.4,5.54,5.32,5.37,5.19,0.21,4.0462,1.234,13462417,73038036.0,7236660560.4,5891207932.8
2015-09-30,'600077,宋都股份,5.19,5.26,5.14,5.24,5.19,0.0,0.0,0.5187,5658300,29452338.0,6955234871.94,5662105402.08
2015-09-29,'600077,宋都股份,5.19,5.28,5.08,5.2,5.35,-0.16,-2.9907,0.7807,8517177,44190306.0,6955234871.94,5662105402.08
2015-09-28,'600077,宋都股份,5.35,5.42,5.09,5.17,5.17,0.18,3.4816,0.819,8934499,47061796.0,7169654444.1,5836659711.2
2015-09-25,'600077,宋都股份,5.17,5.48,5.05,5.41,5.48,-0.31,-5.6569,1.3558,14790872,77795560.0,6928432425.42,5640286113.44
2015-09-24,'600077,宋都股份,5.48,5.56,5.31,5.38,5.31,0.17,3.2015,1.7817,19437883,106217415.0,7343870346.48,5978485087.36
2015-09-23,'600077,宋都股份,5.31,5.46,5.21,5.41,5.51,-0.2,-3.6298,1.5282,16672214,89406347.0,7116049551.06,5793021133.92
2015-09-22,'600077,宋都股份,5.51,5.7,5.38,5.7,5.65,-0.14,-2.4779,2.674,29172928,161330129.0,7384074016.26,6011214020.32
2015-09-21,'600077,宋都股份,5.65,5.67,5.04,5.09,5.17,0.48,9.2843,2.2281,24308139,131639064.0,7571691141.9,6163949040.8
2015-09-18,'600077,宋都股份,5.17,5.25,5.02,5.05,5.04,0.13,2.5794,1.4693,16029335,82214420.0,6928432425.42,5640286113.44
2015-09-17,'600077,宋都股份,5.04,5.4,5.02,5.18,5.12,-0.08,-1.5625,2.3311,25431839,132412773.0,6754216523.04,5498460737.28
2015-09-16,'600077,宋都股份,5.12,5.12,4.67,4.74,4.65,0.47,10.1075,1.7786,19404140,94290616.0,6861426309.12,5585737891.84
2015-09-15,'600077,宋都股份,4.65,5.09,4.65,4.91,5.17,-0.52,-10.058,2.2043,24047695,115883476.0,6231568815.9,5072984608.8
2015-09-14,'600077,宋都股份,5.17,5.82,5.17,5.75,5.74,-0.57,-9.9303,1.6079,17541140,95003728.0,6928432425.42,5640286113.44
2015-09-11,'600077,宋都股份,5.74,5.81,5.59,5.68,5.65,0.09,1.5929,1.3173,14371179,81866486.0,7692302151.24,6262135839.68
2015-09-10,'600077,宋都股份,5.65,5.93,5.61,5.73,5.83,-0.18,-3.0875,2.149,23445291,135112675.0,7571691141.9,6163949040.8
2015-09-09,'600077,宋都股份,5.83,5.87,5.5,5.55,5.52,0.31,5.6159,2.6114,28489290,162298507.0,7812913160.58,6360322638.56
2015-09-08,'600077,宋都股份,5.52,5.56,5.1,5.18,5.16,0.36,6.9767,1.504,16408438,87085869.0,7397475239.52,6022123664.64
2015-09-07,'600077,宋都股份,5.16,5.41,5.11,5.18,5.05,0.11,2.1782,1.8815,20526450,107632736.0,6915031202.16,5629376469.12
2015-09-02,'600077,宋都股份,5.05,5.39,4.85,4.92,5.17,-0.12,-2.3211,2.3522,25662147,129364720.0,6767617746.3,5509370381.6
2015-09-01,'600077,宋都股份,5.17,5.9,5.11,5.67,5.68,-0.51,-8.9789,2.4875,27138088,147273165.0,6928432425.42,5640286113.44
2015-08-31,'600077,宋都股份,5.68,6.09,5.66,6.09,6.17,-0.49,-7.9417,2.1868,23856932,139970056.0,7611894811.68,6196677973.76
2015-08-28,'600077,宋都股份,6.17,6.17,5.65,5.73,5.61,0.56,9.9822,3.0938,33752787,198921513.0,8268554751.42,6731250545.44
2015-08-27,'600077,宋都股份,5.61,5.64,5.13,5.44,5.28,0.33,6.25,2.6233,28619628,153759688.0,7518086248.86,6120310463.52
2015-08-26,'600077,宋都股份,5.28,6.1,5.27,5.9,5.85,-0.57,-9.7436,4.0187,43842921,245651073.0,7075845881.28,5760292200.96
2015-08-25,'600077,宋都股份,5.85,6.02,5.85,5.85,6.5,-0.65,-10.0,2.4764,27016967,158318877.0,7839715607.1,6382141927.2
2015-08-24,'600077,宋都股份,6.5,6.94,6.5,6.85,7.22,-0.72,-9.9723,1.8321,19987989,130766781.0,8710795119.0,7091268808.0
2015-08-21,'600077,宋都股份,7.22,7.94,7.18,7.75,7.92,-0.7,-8.8384,2.2933,25018763,189609153.0,9675683193.72,7876763199.04
2015-08-20,'600077,宋都股份,7.92,8.46,7.9,8.35,8.51,-0.59,-6.933,2.0009,21829611,178664436.0,10613768821.9,8640438301.44
2015-08-19,'600077,宋都股份,8.51,8.65,7.6,7.9,8.34,0.17,2.0384,2.572,28059883,228125868.0,11404440994.3,9284107316.32
2015-08-18,'600077,宋都股份,8.34,9.39,8.34,9.34,9.27,-0.93,-10.0324,3.3605,36661532,323138046.0,11176620198.8,9098643362.88
2015-08-17,'600077,宋都股份,9.27,9.35,8.84,9.11,9.2,0.07,0.7609,2.858,31179659,284218455.0,12422933962.0,10113240284.6
2015-08-14,'600077,宋都股份,9.2,9.68,8.75,9.19,9.18,0.02,0.2179,3.8599,42110377,387895944.0,12329125399.2,10036872774.4
2015-08-13,'600077,宋都股份,9.18,9.45,8.2,8.68,8.59,0.59,6.8685,4.3958,47956868,416357146.0,12302322952.7,10015053485.8
2015-08-12,'600077,宋都股份,8.59,9.05,8.57,9.05,9.1,-0.51,-5.6044,2.6619,29040613,256471388.0,11511650780.3,9371384470.88
2015-08-11,'600077,宋都股份,9.1,9.34,8.5,8.61,8.64,0.46,5.3241,3.316,36176616,322256640.0,12195113166.6,9927776331.2
2015-08-10,'600077,宋都股份,8.64,8.79,8.37,8.38,8.38,0.26,3.1026,2.9995,32724012,282613621.0,11578656896.6,9425932692.48
2015-08-07,'600077,宋都股份,8.38,8.59,8.21,8.35,8.12,0.26,3.202,2.855,31146837,261704525.0,11230225091.9,9142281940.16
2015-08-06,'600077,宋都股份,8.12,8.22,7.55,7.55,7.84,0.28,3.5714,2.9283,31946596,255591055.0,10881793287.1,8858631187.84
2015-08-05,'600077,宋都股份,7.84,7.97,7.2,7.29,7.28,0.56,7.6923,4.1871,45679529,349013046.0,10506559035.8,8553161146.88
2015-08-04,'600077,宋都股份,7.28,7.28,6.66,6.66,6.62,0.66,9.9698,2.7003,29458951,206351093.0,9756090533.28,7942221064.96
2015-08-03,'600077,宋都股份,6.62,7.32,6.62,7.23,7.35,-0.73,-9.932,2.6099,28473383,197306992.0,8871609798.12,7222184539.84
2015-07-31,'600077,宋都股份,7.35,7.69,7.2,7.33,7.41,-0.06,-0.8097,1.9512,21287347,157920359.0,9849899096.1,8018588575.2
2015-07-30,'600077,宋都股份,7.41,7.83,7.25,7.45,7.49,-0.08,-1.0681,3.0892,33702428,255816052.0,9930306435.66,8084046441.12
2015-07-29,'600077,宋都股份,7.49,7.53,6.88,7.06,6.88,0.61,8.8663,2.8381,30963122,221063462.0,10037516221.7,8171323595.68
2015-07-28,'600077,宋都股份,6.88,7.57,6.7,6.83,7.44,-0.56,-7.5269,3.9975,43611041,302298374.0,9220041602.88,7505835292.16
2015-07-27,'600077,宋都股份,7.44,8.49,7.44,8.15,8.27,-0.83,-10.0363,3.1853,34750799,278222990.0,9970510105.44,8116775374.08
2015-07-24,'600077,宋都股份,8.27,8.76,8.11,8.56,8.56,-0.29,-3.3879,3.7039,40407897,343879482.0,11082811636.0,9022275852.64
2015-07-23,'600077,宋都股份,8.56,8.67,8.08,8.32,8.01,0.55,6.8664,4.3907,47901223,401549848.0,11471447110.6,9338655537.92
2015-07-22,'600077,宋都股份,8.01,8.19,7.7,8.0,8.1,-0.09,-1.1111,3.5604,38842352,309754935.0,10734379831.3,8738625100.32
2015-07-21,'600077,宋都股份,8.1,8.3,7.6,7.9,8.0,0.1,1.25,4.0049,43692035,351553668.0,10854990840.6,8836811899.2
2015-07-20,'600077,宋都股份,8.0,8.21,7.56,7.65,7.6,0.4,5.2632,5.7179,62380532,489888417.0,10720978608.0,8727715456.0
2015-07-17,'600077,宋都股份,7.6,7.6,6.8,6.92,6.91,0.69,9.9855,4.287,46769880,342911448.0,10184929677.6,8291329683.2
2015-07-16,'600077,XD宋都股,6.91,7.03,6.01,6.01,6.59,0.32,4.8558,4.5692,49848257,329932085.0,9260245272.66,7538564225.12
2015-07-15,'600077,宋都股份,6.6,7.72,6.54,7.72,7.02,-0.42,-5.9829,7.7281,84311149,617219143.0,8844807351.6,7200365251.2
2015-07-14,'600077,宋都股份,7.02,7.02,7.02,7.02,6.38,0.64,10.0313,0.2748,2997829,21044760.0,9407658728.52,7658570312.64
2015-07-13,'600077,宋都股份,6.38,6.38,6.38,6.38,5.8,0.58,10.0,0.0937,1022565,6523965.0,8549980439.88,6960353076.16
2015-07-10,'600077,宋都股份,0.0,0.0,0.0,0.0,5.8,None,None,0.0,0,0.0,7772709490.8,6327593705.6
2015-07-09,'600077,宋都股份,0.0,0.0,0.0,0.0,5.8,None,None,0.0,0,0.0,7772709490.8,6327593705.6
2015-07-08,'600077,宋都股份,0.0,0.0,0.0,0.0,5.8,None,None,0.0,0,0.0,7772709490.8,6327593705.6
2015-07-07,'600077,宋都股份,5.8,6.32,5.8,6.32,6.44,-0.64,-9.9379,2.1424,23372615,138972939.0,7772709490.8,6327593705.6
2015-07-06,'600077,宋都股份,6.44,7.83,6.41,7.83,7.12,-0.68,-9.5506,5.0982,55619546,377111267.0,8630387779.44,7025810942.08
2015-07-03,'600077,宋都股份,7.12,7.95,7.12,7.13,7.91,-0.79,-9.9874,3.2177,35104289,254702110.0,9541670961.12,7767666755.84
2015-07-02,'600077,宋都股份,7.91,8.75,7.91,8.64,8.79,-0.88,-10.0114,2.7951,30493690,249953906.0,10600367598.7,8629528657.12
2015-07-01,'600077,宋都股份,8.79,9.96,8.79,9.4,9.77,-0.98,-10.0307,2.9443,32121538,304339609.0,11779675245.5,9589577357.28
2015-06-30,'600077,宋都股份,9.77,9.8,8.43,9.1,9.37,0.4,4.2689,4.0485,44167698,397735665.0,13092995125.0,10658722500.6
2015-06-29,'600077,宋都股份,9.37,10.9,9.37,10.81,10.41,-1.04,-9.9904,3.153,34398061,336948859.0,12556946194.6,10222336727.8
2015-06-26,'600077,宋都股份,10.41,11.25,10.41,11.11,11.57,-1.16,-10.0259,2.2146,24160668,255940993.0,13950673413.7,11356939737.1
2015-06-25,'600077,宋都股份,11.57,12.9,11.37,12.68,12.63,-1.06,-8.3927,2.0828,22722259,281613727.0,15505215311.8,12622458478.2
2015-06-24,'600077,宋都股份,12.63,13.09,12.3,12.61,12.41,0.22,1.7728,2.4363,26579248,336337990.0,16925744977.4,13778880776.2
2015-06-23,'600077,宋都股份,12.41,13.25,11.68,13.0,12.98,-0.57,-4.3914,2.4124,26318494,320417001.0,16630918065.7,13538868601.1
2015-06-19,'600077,宋都股份,12.98,14.28,12.98,13.5,14.42,-1.44,-9.9861,2.1083,23000599,312081662.0,17394787791.5,14160718327.4
2015-06-18,'600077,宋都股份,14.42,15.33,14.38,15.05,15.01,-0.59,-3.9307,2.6472,28880531,432007328.0,19324563940.9,15731707109.4
2015-06-17,'600077,宋都股份,15.01,15.3,14.16,15.2,15.47,-0.46,-2.9735,3.181,34703707,512086486.0,20115236113.3,16375376124.3
2015-06-16,'600077,宋都股份,15.47,15.78,14.7,15.02,15.0,0.47,3.1333,3.9957,43591247,665504213.0,20731692383.2,16877219763.0
2015-06-15,'600077,宋都股份,15.0,16.06,14.5,14.95,14.6,0.4,2.7397,4.6981,51254824,780005219.0,20101834890.0,16364466480.0
2015-06-12,'600077,宋都股份,14.6,15.02,14.2,14.71,14.59,0.01,0.0685,3.7016,40383268,590234075.0,19565785959.6,15928080707.2
2015-06-11,'600077,宋都股份,14.59,15.4,14.43,15.01,14.36,0.23,1.6017,4.0736,44441042,659433112.0,19552384736.3,15917171062.9
2015-06-10,'600077,宋都股份,14.36,14.36,13.15,13.2,13.05,1.31,10.0383,1.8392,20064898,277549315.0,19244156601.4,15666249243.5
2015-06-09,'600077,宋都股份,13.05,13.51,12.76,13.51,13.51,-0.46,-3.4049,2.6573,28990560,380355752.0,17488596354.3,14237085837.6
2015-06-08,'600077,宋都股份,13.51,14.09,13.35,14.0,14.27,-0.76,-5.3259,3.7564,40980558,559195123.0,18105052624.3,14738929476.3
2015-06-05,'600077,宋都股份,14.27,15.09,14.01,14.05,13.78,0.49,3.5559,4.9375,53866397,780412285.0,19123545592.0,15568062444.6
2015-06-04,'600077,宋都股份,13.78,13.78,11.94,13.15,12.53,1.25,9.9761,6.2379,68053521,889802748.0,18466885652.3,15033489873.0
2015-06-03,'600077,宋都股份,12.53,12.53,11.35,11.39,11.39,1.14,10.0088,4.2586,46459895,570545349.0,16791732744.8,13669784333.0
2015-06-02,'600077,宋都股份,11.39,11.47,10.9,11.18,11.19,0.2,1.7873,3.5095,38287562,429520151.0,15263993293.1,12426084880.5
2015-06-01,'600077,宋都股份,11.19,11.26,10.42,10.5,10.51,0.68,6.47,3.6027,39304277,429686539.0,14995968827.9,12207891994.1
2015-05-29,'600077,宋都股份,10.51,10.56,9.4,10.0,10.05,0.46,4.5771,3.4084,37184806,374935021.0,14084685646.3,11466036180.3
2015-05-28,'600077,宋都股份,10.05,11.5,10.01,11.25,11.08,-1.03,-9.296,3.9317,42893762,468317366.0,13468229376.3,10964192541.6
2015-05-27,'600077,宋都股份,11.08,11.35,10.68,11.0,10.94,0.14,1.2797,3.687,40224146,442325323.0,14848555372.1,12087885906.6
2015-05-26,'600077,宋都股份,10.94,11.16,10.4,10.47,10.42,0.52,4.9904,3.9435,43022127,463329331.0,14660938246.4,11935150886.1
2015-05-25,'600077,宋都股份,10.42,10.47,10.02,10.25,10.28,0.14,1.3619,3.733,40726048,420385390.0,13964074636.9,11367849381.4
2015-05-22,'600077,宋都股份,10.28,10.35,10.01,10.34,10.29,-0.01,-0.0972,2.7077,29539940,301413908.0,13776457511.3,11215114361.0
2015-05-21,'600077,宋都股份,10.29,10.57,9.85,10.05,10.09,0.2,1.9822,3.0579,33360313,342877791.0,13789858734.5,11226024005.3
2015-05-20,'600077,宋都股份,10.09,10.79,9.76,10.09,9.99,0.1,1.001,4.0165,43818152,446553347.0,13521834269.3,11007831118.9
2015-05-19,'600077,宋都股份,9.99,10.26,9.35,9.47,9.33,0.66,7.074,4.859,53010159,529806390.0,13387822036.7,10898734675.7
2015-05-18,'600077,宋都股份,9.33,9.33,8.51,8.51,8.48,0.85,10.0236,3.3212,36232769,326183513.0,12503341301.6,10178698150.6
2015-05-15,'600077,宋都股份,8.48,8.89,8.46,8.89,8.84,-0.36,-4.0724,1.3646,14887708,128032113.0,11364237324.5,9251378383.36
2015-05-14,'600077,宋都股份,8.84,8.95,8.6,8.89,8.88,-0.04,-0.4505,1.6157,17627190,155372436.0,11846681361.8,9644125578.88
2015-05-13,'600077,宋都股份,8.88,9.01,8.55,8.9,8.95,-0.07,-0.7821,1.5951,17402370,153408984.0,11900286254.9,9687764156.16
2015-05-12,'600077,宋都股份,8.95,9.08,8.8,8.89,8.85,0.1,1.1299,1.5579,16995633,151614003.0,11994094817.7,9764131666.4
2015-05-11,'600077,宋都股份,8.85,8.99,8.35,8.46,8.33,0.52,6.2425,2.1208,23137321,200873024.0,11860082585.1,9655035223.2
2015-05-08,'600077,宋都股份,8.33,8.48,8.03,8.35,8.26,0.07,0.8475,1.8425,20101269,165877500.0,11163218975.6,9087733718.56
2015-05-07,'600077,宋都股份,8.26,9.01,8.18,8.92,9.0,-0.74,-8.2222,2.0003,21822541,185954731.0,11069410412.8,9011366208.32
2015-05-06,'600077,宋都股份,9.0,9.48,8.91,9.31,9.3,-0.3,-3.2258,1.7296,18869004,174444692.0,12061100934.0,9818679888.0
2015-05-05,'600077,宋都股份,9.3,9.5,9.05,9.3,9.3,0.0,0.0,2.0156,21988955,204456096.0,12463137631.8,10145969217.6
2015-05-04,'600077,宋都股份,9.3,9.5,9.21,9.25,9.26,0.04,0.432,1.6282,17763051,165877726.0,12463137631.8,10145969217.6
2015-04-30,'600077,宋都股份,9.26,9.47,9.22,9.39,9.33,-0.07,-0.7503,1.6229,17705360,165161957.0,12409532738.8,10102330640.3
2015-04-29,'600077,宋都股份,9.33,9.4,9.04,9.3,9.25,0.08,0.8649,2.3587,25732898,237732601.0,12503341301.6,10178698150.6
2015-04-28,'600077,宋都股份,9.25,9.92,9.0,9.92,9.83,-0.58,-5.9003,2.7094,29558545,283889471.0,12396131515.5,10091420996.0
2015-04-27,'600077,宋都股份,9.83,10.1,9.57,10.0,9.69,0.14,1.4448,3.463,37780302,372633129.0,13173402464.6,10724180366.6
2015-04-24,'600077,宋都股份,9.69,9.89,8.99,9.16,9.19,0.5,5.4407,3.3665,36727284,346537101.0,12985785338.9,10571445346.1
2015-04-23,'600077,宋都股份,9.19,9.36,9.1,9.34,9.34,-0.15,-1.606,2.7461,29958753,276064462.0,12315724175.9,10025963130.1
2015-04-22,'600077,宋都股份,9.34,9.36,8.91,9.03,9.02,0.32,3.5477,2.677,29205076,268006758.0,12516742524.8,10189607794.9
2015-04-21,'600077,宋都股份,9.02,9.05,8.72,8.77,8.82,0.2,2.2676,2.1458,23410187,208271158.0,12087903380.5,9840499176.64
2015-04-20,'600077,宋都股份,8.82,9.08,8.63,9.05,8.94,-0.12,-1.3423,2.8519,31113366,276129084.0,11819878915.3,9622306290.24
2015-04-17,'600077,宋都股份,8.94,9.26,8.9,9.14,9.05,-0.11,-1.2155,2.6088,28460976,256817003.0,11980693594.4,9753222022.08
2015-04-16,'600077,宋都股份,9.05,9.2,8.8,8.92,9.04,0.01,0.1106,2.1947,23943033,216607802.0,12128107050.3,9873228109.6
2015-04-15,'600077,宋都股份,9.04,9.28,8.79,9.05,9.01,0.03,0.333,2.8289,30862559,279150218.0,12114705827.0,9862318465.28
2015-04-14,'600077,宋都股份,9.01,9.28,8.94,9.19,9.36,-0.35,-3.7393,3.191,34812712,315964026.0,12074502157.3,9829589532.32
2015-04-13,'600077,宋都股份,9.36,9.5,9.21,9.49,9.49,-0.13,-1.3699,2.773,30252249,282700612.0,12543544971.4,10211427083.5
2015-04-10,'600077,宋都股份,9.49,9.58,9.15,9.3,9.47,0.02,0.2112,2.9092,31738222,297744901.0,12717760873.7,10353252459.7
2015-04-09,'600077,宋都股份,9.47,9.49,8.65,9.04,9.0,0.47,5.2222,3.9966,43601548,397694052.0,12690958427.2,10331433171.0
2015-04-08,'600077,宋都股份,9.0,9.34,8.7,8.85,8.79,0.21,2.3891,3.7681,41108380,373313495.0,12061100934.0,9818679888.0
2015-04-07,'600077,宋都股份,8.79,9.09,8.22,8.29,8.27,0.52,6.2878,4.0268,43930871,381767740.0,11779675245.5,9589577357.28
2015-04-03,'600077,宋都股份,8.27,8.33,8.08,8.2,8.21,0.06,0.7308,2.4488,26715233,220081400.0,11082811636.0,9022275852.64
2015-04-02,'600077,宋都股份,8.21,8.27,7.9,7.9,7.94,0.27,3.4005,2.7005,29461709,238575398.0,11002404296.5,8956817986.72
2015-04-01,'600077,宋都股份,7.94,8.09,7.79,7.85,7.89,0.05,0.6337,1.8257,19918019,157823421.0,10640571268.4,8662257590.08
2015-03-31,'600077,宋都股份,7.89,8.34,7.82,8.32,8.09,-0.2,-2.4722,2.7202,29676866,240213084.0,10573565152.1,8607709368.48
2015-03-30,'600077,宋都股份,8.09,8.26,7.84,7.89,7.93,0.16,2.0177,2.5672,28006828,225850986.0,10841589617.3,8825902254.88
2015-03-27,'600077,宋都股份,7.93,7.99,7.68,7.73,7.8,0.13,1.6667,2.0639,22516915,176867193.0,10627170045.2,8651347945.76
2015-03-26,'600077,宋都股份,7.8,7.91,7.48,7.66,7.73,0.07,0.9056,3.8069,41531612,320098384.0,10452954142.8,8509522569.6
2015-03-25,'600077,宋都股份,7.73,8.03,7.53,8.03,8.1,-0.37,-4.5679,3.9156,42718338,331409167.0,10359145580.0,8433155059.36
2015-03-24,'600077,宋都股份,8.1,8.3,7.81,8.28,8.26,-0.16,-1.937,3.0647,33435327,269371412.0,10854990840.6,8836811899.2
2015-03-23,'600077,宋都股份,8.26,8.36,8.09,8.22,8.22,0.04,0.4866,2.8446,31033392,256168463.0,11069410412.8,9011366208.32
2015-03-20,'600077,宋都股份,8.22,8.61,8.1,8.2,8.22,0.0,0.0,2.7437,29932832,248193427.0,11015805519.7,8967727631.04
2015-03-19,'600077,宋都股份,8.22,8.39,8.0,8.26,8.24,-0.02,-0.2427,2.1879,23869088,195098701.0,11015805519.7,8967727631.04
2015-03-18,'600077,宋都股份,8.24,8.24,7.4,7.5,7.49,0.75,10.0134,3.0299,33055567,263813268.0,11042607966.2,8989546919.68
2015-03-17,'600077,宋都股份,7.49,7.65,7.35,7.58,7.58,-0.09,-1.1873,2.2936,25022762,187895047.0,10037516221.7,8171323595.68
2015-03-16,'600077,宋都股份,7.58,7.68,7.17,7.24,7.17,0.41,5.7183,2.366,25812668,193413774.0,10158127231.1,8269510394.56
2015-03-13,'600077,宋都股份,7.17,7.25,7.09,7.17,7.15,0.02,0.2797,1.1645,12703941,90896193.0,9608677077.42,7822214977.44
2015-03-12,'600077,宋都股份,7.15,7.38,7.07,7.31,7.36,-0.21,-2.8533,1.6413,17906129,129153370.0,9581874630.9,7800395688.8
2015-03-11,'600077,宋都股份,7.36,7.55,7.21,7.4,7.45,-0.09,-1.2081,1.5919,17367218,127333067.0,9863300319.36,8029498219.52
2015-03-10,'600077,宋都股份,7.45,7.57,7.03,7.09,7.02,0.43,6.1254,2.3455,25588706,189286066.0,9983911328.7,8127685018.4
2015-03-09,'600077,宋都股份,7.02,7.1,6.76,6.97,6.99,0.03,0.4292,1.5226,16611006,115235042.0,9407658728.52,7658570312.64
2015-03-06,'600077,宋都股份,6.99,7.26,6.93,7.14,7.16,-0.17,-2.3743,1.9436,21204090,149789059.0,9367455058.74,7625841379.68
2015-03-05,'600077,宋都股份,7.16,7.45,7.03,7.19,7.18,-0.02,-0.2786,2.8885,31512884,227408298.0,9595275854.16,7811305333.12
2015-03-04,'600077,宋都股份,7.18,7.25,6.63,6.68,6.72,0.46,6.8452,4.2834,46730168,327420337.0,9622078300.68,7833124621.76
2015-03-03,'600077,宋都股份,6.72,6.74,6.33,6.57,6.59,0.13,1.9727,2.8137,30696616,201140459.0,9005622030.72,7331280983.04
2015-03-02,'600077,宋都股份,6.59,6.87,6.52,6.61,6.54,0.05,0.7645,3.1448,34308588,230135233.0,8831406128.34,7189455606.88
2015-02-27,'600077,宋都股份,6.54,6.68,6.15,6.35,6.25,0.29,4.64,4.4587,48643076,311475393.0,8764400012.04,7134907385.28
2015-02-26,'600077,宋都股份,6.25,6.25,5.65,5.65,5.68,0.57,10.0352,3.2697,35670890,217695087.0,8375764537.5,6818527700.0
2015-02-25,'600077,宋都股份,5.68,5.77,5.57,5.68,5.65,0.03,0.531,1.0837,11822998,66964412.0,7611894811.68,6196677973.76
2015-02-17,'600077,宋都股份,5.65,5.79,5.64,5.76,5.74,-0.09,-1.5679,0.8261,9012066,51287422.0,7571691141.9,6163949040.8
2015-02-16,'600077,宋都股份,5.74,5.77,5.65,5.66,5.66,0.08,1.4134,1.0646,11614458,66374219.0,7692302151.24,6262135839.68
2015-02-13,'600077,宋都股份,5.66,5.73,5.56,5.59,5.56,0.1,1.7986,1.2913,14087905,79652821.0,7585092365.16,6174858685.12
2015-02-12,'600077,宋都股份,5.56,5.58,5.41,5.42,5.42,0.14,2.583,0.7891,8608329,47390479.0,7451080132.56,6065762241.92
2015-02-11,'600077,宋都股份,5.42,5.5,5.34,5.4,5.4,0.02,0.3704,0.5719,6238726,33859663.0,7263463006.92,5913027221.44
2015-02-10,'600077,宋都股份,5.4,5.5,5.3,5.3,5.38,0.02,0.3717,0.5664,6178926,33327274.0,7236660560.4,5891207932.8
2015-02-09,'600077,宋都股份,5.38,5.5,5.28,5.48,5.52,-0.14,-2.5362,0.8056,8789315,47075284.0,7209858113.88,5869388644.16
2015-02-06,'600077,宋都股份,5.52,5.75,5.4,5.63,5.63,-0.11,-1.9538,0.8157,8899053,49739128.0,7397475239.52,6022123664.64
2015-02-05,'600077,宋都股份,5.63,5.82,5.57,5.8,5.66,-0.03,-0.53,1.0474,11426493,64517388.0,7544888695.38,6142129752.16
