2016-02-05,'600061,国投安信,17.75,18.35,17.7,18.0,18.41,-0.66,-3.585,2.6668,11442934,205368572.0,65571192905.8,7616222185.0
2016-02-04,'600061,国投安信,18.41,18.68,18.25,18.3,18.2,0.21,1.1538,3.4033,14602943,269862952.0,68009333036.3,7899416925.4
2016-02-03,'600061,国投安信,18.2,18.3,17.71,18.0,18.34,-0.14,-0.7634,2.2202,9526534,171081209.0,67233561176.6,7809309508.0
2016-02-02,'600061,国投安信,18.34,18.57,17.95,17.96,17.92,0.42,2.3438,3.6131,15503028,284439077.0,67750742416.4,7869381119.6
2016-02-01,'600061,国投安信,17.92,18.36,17.52,18.36,18.64,-0.72,-3.8627,3.2268,13845635,249035077.0,66199198697.0,7689166284.8
2016-01-29,'600061,国投安信,18.64,18.96,17.49,17.71,17.69,0.95,5.3703,4.6173,19811950,367786836.0,68858987930.3,7998106001.6
2016-01-28,'600061,国投安信,17.69,18.55,17.3,17.6,17.98,-0.29,-1.6129,4.7262,20279470,365114767.0,65349543803.0,7590477208.6
2016-01-27,'600061,国投安信,17.98,18.96,16.97,18.6,18.86,-0.88,-4.666,5.0126,21508143,380952662.0,66420847799.7,7714911261.2
2016-01-26,'600061,国投安信,18.86,20.74,18.86,20.56,20.95,-2.09,-9.9761,3.8768,16634841,330527050.0,69671701307.2,8092504248.4
2016-01-25,'600061,国投安信,20.95,21.5,20.5,21.25,21.04,-0.09,-0.4278,3.4293,14714475,309012605.0,77392478387.4,8989287593.0
2016-01-22,'600061,国投安信,21.04,21.68,20.01,21.5,20.99,0.05,0.2382,3.6084,15483230,325018800.0,77724952041.5,9027905057.6
2016-01-21,'600061,国投安信,20.99,23.16,20.89,22.22,22.86,-1.87,-8.1802,5.4624,23438238,523496599.0,77540244455.9,9006450910.6
2016-01-20,'600061,国投安信,22.86,23.3,22.45,22.8,22.49,0.37,1.6452,8.0838,34686130,794215569.0,84448308159.2,9808836008.4
2016-01-19,'600061,国投安信,22.49,22.92,21.47,21.61,21.66,0.83,3.8319,5.5347,23748614,528276661.0,83081472025.4,9650075320.6
2016-01-18,'600061,国投安信,21.66,21.97,20.7,20.94,21.65,0.01,0.0462,3.5342,15164741,327150176.0,80015326103.6,9293936480.4
2016-01-15,'600061,国投安信,21.65,22.38,21.31,22.26,22.54,-0.89,-3.9485,5.1045,21902355,477824923.0,79978384586.4,9289645651.0
2016-01-14,'600061,国投安信,22.54,22.68,20.03,20.21,21.5,1.04,4.8372,7.1254,30573794,667154338.0,83266179611.0,9671529467.6
2016-01-13,'600061,国投安信,21.5,22.58,21.2,21.24,21.15,0.35,1.6548,7.3359,31477071,689207878.0,79424261829.5,9225283210.0
2016-01-12,'600061,国投安信,21.15,21.79,20.51,20.88,20.44,0.71,3.4736,4.9211,21115805,447467785.0,78131308729.9,9075104181.0
2016-01-11,'600061,国投安信,20.44,22.26,20.39,21.55,22.46,-2.02,-8.9938,5.2082,22347544,479422589.0,75508461013.7,8770455293.6
2016-01-08,'600061,国投安信,22.46,23.29,19.98,22.13,21.26,1.2,5.6444,8.2208,35274055,787576794.0,82970647474.0,9637202832.4
2016-01-07,'600061,国投安信,21.26,22.99,21.24,22.88,23.6,-2.34,-9.9153,1.755,7530384,167488892.0,78537665418.4,9122303304.4
2016-01-06,'600061,国投安信,23.6,23.95,22.77,23.0,23.4,0.2,0.8547,5.4163,23240516,542560092.0,87181980426.8,10126357384.0
2016-01-05,'600061,国投安信,23.4,23.93,21.42,21.42,23.34,0.06,0.2571,7.2715,31200684,714833853.0,86443150084.2,10040540796.0
2016-01-04,'600061,国投安信,23.34,25.77,23.34,25.58,25.93,-2.59,-9.9884,4.9828,21380425,520563650.0,86221500981.4,10014795819.6
2015-12-31,'600061,国投安信,25.93,26.74,25.9,26.4,26.4,-0.47,-1.7803,3.3409,14335035,377668338.0,95789353918.1,11126120634.2
2015-12-30,'600061,国投安信,26.4,26.57,25.87,26.4,26.51,-0.11,-0.4149,4.5534,19538019,512022399.0,97525605223.2,11327789616.0
2015-12-29,'600061,国投安信,26.51,26.67,25.88,26.2,26.07,0.44,1.6878,4.7752,20489426,540073069.0,97931961911.6,11374988739.4
2015-12-28,'600061,国投安信,26.07,28.3,26.0,27.94,27.64,-1.57,-5.6802,7.1655,30745869,829860319.0,96306535157.9,11186192245.8
2015-12-25,'600061,国投安信,27.64,27.83,27.21,27.45,27.41,0.23,0.8391,4.1889,17973957,494185628.0,1.02106353347e+11,11859852461.6
2015-12-24,'600061,国投安信,27.41,29.05,27.21,28.88,29.46,-2.05,-6.9586,9.702,41629611,1163992820.0,1.01256698453e+11,11761163385.4
2015-12-23,'600061,国投安信,29.46,31.8,29.0,29.5,29.48,-0.02,-0.0678,14.2691,61226070,1834625399.0,1.08829709465e+11,12640783412.4
2015-12-22,'600061,国投安信,29.48,29.5,28.1,28.6,28.76,0.72,2.5035,7.8724,33779141,974190728.0,1.08903592499e+11,12649365071.2
2015-12-21,'600061,国投安信,28.76,29.54,28.44,28.44,28.73,0.03,0.1044,6.7792,29088369,842159815.0,1.06243803266e+11,12340425354.4
2015-12-18,'600061,国投安信,28.73,29.76,28.33,29.08,29.58,-0.85,-2.8736,9.1324,39185414,1132466823.0,1.06132978714e+11,12327552866.2
2015-12-17,'600061,国投安信,29.58,30.96,28.88,29.48,29.14,0.44,1.51,14.8725,63815183,1898142292.0,1.09273007671e+11,12692273365.2
2015-12-16,'600061,国投安信,29.14,30.88,28.8,29.62,29.43,-0.29,-0.9854,14.4706,62090827,1838490116.0,1.07647580917e+11,12503476871.6
2015-12-15,'600061,国投安信,29.43,30.75,27.89,28.89,27.95,1.48,5.2952,21.0415,90285673,2648091486.0,1.08718884914e+11,12627910924.2
2015-12-14,'600061,国投安信,27.95,27.95,24.83,25.0,25.41,2.54,9.9961,15.1225,64888199,1739682637.0,1.03251540378e+11,11992868173.0
2015-12-11,'600061,国投安信,25.41,26.16,23.7,24.0,24.64,0.77,3.125,10.027,43024204,1070636558.0,93868395027.3,10902997505.4
2015-12-10,'600061,国投安信,24.64,26.55,24.25,24.28,24.21,0.43,1.7761,9.887,42423617,1078642891.0,91023898208.3,10572603641.6
2015-12-09,'600061,国投安信,24.21,24.85,23.48,23.99,24.5,-0.29,-1.1837,5.9905,25704063,619353613.0,89435412971.7,10388097977.4
2015-12-08,'600061,国投安信,24.5,25.5,23.9,24.1,24.21,0.29,1.1979,9.312,39956047,994574404.0,90506716968.5,10512532030.0
2015-12-07,'600061,国投安信,24.21,24.38,23.78,24.36,24.41,-0.2,-0.8193,4.6857,20105665,482911202.0,89435412971.7,10388097977.4
2015-12-04,'600061,国投安信,24.41,25.0,24.18,24.68,25.13,-0.72,-2.8651,6.3179,27108945,665288571.0,90174243314.3,10473914565.4
2015-12-03,'600061,国投安信,25.13,25.97,24.5,25.0,25.49,-0.36,-1.4123,8.0739,34643863,872469227.0,92834032547.7,10782854282.2
2015-12-02,'600061,国投安信,25.49,25.96,23.51,23.6,23.83,1.66,6.966,9.9853,42845008,1062130822.0,94163927164.4,10937324140.6
2015-12-01,'600061,国投安信,23.83,24.6,23.01,24.3,24.76,-0.93,-3.7561,6.1367,26331533,629576663.0,88031635320.8,10225046460.2
2015-11-30,'600061,国投安信,24.76,25.07,22.61,24.0,24.11,0.65,2.696,9.1385,39211915,943494597.0,91467196413.9,10624093594.4
2015-11-27,'600061,国投安信,24.11,26.66,24.11,25.86,26.79,-2.68,-10.0037,12.4687,53500861,1349770854.0,89065997800.4,10345189683.4
2015-11-26,'600061,国投安信,26.79,28.3,26.32,26.5,25.73,1.06,4.1197,16.5113,70847173,1955371414.0,98966324391.3,11495131962.6
2015-11-25,'600061,国投安信,25.73,25.99,24.37,24.8,25.13,0.6,2.3876,9.1907,39435549,996697212.0,95050523575.5,11040304046.2
2015-11-24,'600061,国投安信,25.13,25.84,23.76,23.96,24.05,1.08,4.4906,9.7505,41837911,1038802256.0,92834032547.7,10782854282.2
2015-11-23,'600061,国投安信,24.05,25.55,23.66,24.7,24.93,-0.88,-3.5299,8.9002,38189190,936456410.0,88844348697.6,10319444707.0
2015-11-20,'600061,国投安信,24.93,25.29,24.44,25.09,25.48,-0.55,-2.1586,6.8864,29548564,733994192.0,92095202205.1,10697037694.2
2015-11-19,'600061,国投安信,25.48,25.55,24.23,25.02,25.48,0.0,0.0,9.8493,42261769,1056518903.0,94126985647.2,10933033311.2
2015-11-18,'600061,国投安信,25.48,28.08,25.48,28.0,28.31,-2.83,-9.9965,13.0848,56144439,1503919740.0,94126985647.2,10933033311.2
2015-11-17,'600061,国投安信,28.31,28.31,27.2,27.2,25.74,2.57,9.9845,21.1386,90702090,2549125010.0,1.04581434995e+11,12147338031.4
2015-11-16,'600061,国投安信,25.74,25.8,24.85,25.0,25.87,-0.13,-0.5025,7.5262,32293611,816569159.0,95087465092.6,11044594875.6
2015-11-13,'600061,国投安信,25.87,27.05,25.02,25.05,25.57,0.3,1.1732,12.8042,54940659,1429290383.0,95567704815.3,11100375657.8
2015-11-12,'600061,国投安信,25.57,26.38,25.13,26.0,26.61,-1.04,-3.9083,11.5889,49725911,1281482790.0,94459459301.4,10971650775.8
2015-11-11,'600061,国投安信,26.61,27.65,24.89,25.5,26.15,0.46,1.7591,13.8277,59332401,1538925879.0,98301377082.9,11417897033.4
2015-11-10,'600061,国投安信,26.15,28.28,25.38,25.5,26.13,0.02,0.0765,16.6516,71449169,1909767265.0,96602067294.9,11220518881.0
2015-11-09,'600061,国投安信,26.13,28.24,25.58,26.6,25.67,0.46,1.792,18.8507,80885248,2176588884.0,96528184260.7,11211937222.2
2015-11-06,'600061,国投安信,25.67,25.67,23.01,24.0,23.34,2.33,9.9829,15.8909,68185133,1662160788.0,94828874472.7,11014559069.8
2015-11-05,'600061,国投安信,23.34,23.34,22.5,22.5,21.22,2.12,9.9906,14.7093,63115216,1465494007.0,86221500981.4,10014795819.6
2015-11-04,'600061,国投安信,21.22,21.22,19.07,19.23,19.29,1.93,10.0052,11.6523,49998197,1026114800.0,78389899349.9,9105139986.8
2015-11-03,'600061,国投安信,19.29,19.6,17.79,18.08,18.27,1.02,5.5829,9.0173,38691616,716104502.0,71260186543.8,8277009912.6
2015-11-02,'600061,国投安信,18.27,19.36,17.77,18.01,17.95,0.32,1.7827,11.6049,49794733,925665853.0,67492151796.5,7839345313.8
2015-10-30,'600061,国投安信,17.95,17.95,16.02,16.29,16.32,1.63,9.9877,5.4117,23220576,403195506.0,66310023248.3,7702038773.0
2015-10-29,'600061,国投安信,16.32,16.49,16.0,16.2,16.09,0.23,1.4295,2.6915,11548975,187929003.0,60288555956.2,7002633580.8
2015-10-28,'600061,国投安信,16.09,16.84,16.0,16.64,16.83,-0.74,-4.3969,3.2097,13772346,225205382.0,59438901062.2,6903944504.6
2015-10-27,'600061,国投安信,16.83,17.07,15.85,16.95,17.22,-0.39,-2.2648,4.416,18948482,312300349.0,62172573329.8,7221465880.2
2015-10-26,'600061,国投安信,17.22,18.0,16.9,17.31,16.92,0.3,1.773,5.0512,21673681,377388511.0,63613292497.9,7388808226.8
2015-10-23,'600061,国投安信,16.92,17.08,16.29,16.66,16.55,0.37,2.2356,4.1313,17726580,295101144.0,62505046984.0,7260083344.8
2015-10-22,'600061,国投安信,16.55,16.74,15.65,16.04,16.03,0.52,3.2439,4.4811,19227829,314279628.0,61138210850.2,7101322657.0
2015-10-21,'600061,国投安信,16.03,17.95,15.92,17.55,17.69,-1.66,-9.3838,5.8741,25204792,429394844.0,59217251959.4,6878199528.2
2015-10-20,'600061,国投安信,17.69,17.79,17.02,17.21,17.66,0.03,0.1699,4.5001,19309252,336239620.0,65349543803.0,7590477208.6
2015-10-19,'600061,国投安信,17.66,18.46,17.0,17.1,17.09,0.57,3.3353,7.2659,31176704,553750923.0,65238719251.6,7577604720.4
2015-10-16,'600061,国投安信,17.09,17.22,16.36,16.81,16.55,0.54,3.2628,8.0528,34553149,584750701.0,63133052775.2,7333027444.6
2015-10-15,'600061,国投安信,16.55,16.67,15.82,15.82,15.79,0.76,4.8132,5.1698,22182811,362281998.0,61138210850.2,7101322657.0
2015-10-14,'600061,国投安信,15.79,16.89,15.75,16.52,16.72,-0.93,-5.5622,5.4145,23232851,377484983.0,58330655548.3,6775219622.6
2015-10-13,'600061,国投安信,16.72,17.02,16.35,16.5,16.83,-0.11,-0.6536,4.0966,17577988,292694542.0,61766216641.4,7174266756.8
2015-10-12,'600061,国投安信,16.83,17.17,15.75,16.0,15.89,0.94,5.9157,5.4343,23317830,384966542.0,62172573329.8,7221465880.2
2015-10-09,'600061,国投安信,15.89,15.98,15.05,15.26,15.4,0.49,3.1818,5.2301,22441339,350504961.0,58700070719.6,6818127916.6
2015-10-08,'600061,国投安信,15.4,15.98,15.06,15.2,14.75,0.65,4.4068,7.0239,30138538,467871775.0,56889936380.2,6607877276.0
2015-09-30,'600061,国投安信,14.75,15.46,14.02,14.13,14.05,0.7,4.9822,7.6774,32942224,492708076.0,54488737766.8,6328973365.0
2015-09-29,'600061,国投安信,14.05,14.6,13.5,13.71,14.11,-0.06,-0.4252,3.1845,13664023,191436362.0,51902831567.7,6028615307.0
2015-09-28,'600061,国投安信,14.11,14.15,13.5,13.57,13.62,0.49,3.5977,2.0559,8821413,122551288.0,52124480670.4,6054360283.4
2015-09-25,'600061,国投安信,13.62,14.41,13.51,14.28,14.29,-0.67,-4.6886,2.7409,11760846,164455054.0,50314346331.1,5844109642.8
2015-09-24,'600061,国投安信,14.29,14.43,14.03,14.11,14.04,0.25,1.7806,2.7103,11629636,165309783.0,52789427978.8,6131595212.6
2015-09-23,'600061,国投安信,14.04,14.55,13.9,14.31,14.72,-0.68,-4.6196,4.0831,17519965,249553722.0,51865890050.5,6024324477.6
2015-09-22,'600061,国投安信,14.72,15.45,13.96,14.05,14.09,0.63,4.4713,5.9918,25709860,381066333.0,54377913215.4,6316100876.8
2015-09-21,'600061,国投安信,14.09,14.17,13.25,13.31,13.66,0.43,3.1479,3.5251,15125433,209195679.0,52050597636.2,6045778624.6
2015-09-18,'600061,国投安信,13.66,13.79,13.06,13.42,13.17,0.49,3.7206,3.3842,14521137,195066809.0,50462112399.6,5861272960.4
2015-09-17,'600061,国投安信,13.17,14.19,13.01,13.3,13.21,-0.04,-0.3028,5.7009,24461392,333113051.0,48651978060.2,5651022319.8
2015-09-16,'600061,国投安信,13.21,13.21,11.91,12.16,12.01,1.2,9.9917,3.8278,16424284,206155128.0,48799744128.7,5668185637.4
2015-09-15,'600061,国投安信,12.01,12.88,11.8,12.36,12.94,-0.93,-7.187,4.1631,17862984,219367408.0,44366762073.1,5153286109.4
2015-09-14,'600061,国投安信,12.94,14.99,12.94,14.76,14.38,-1.44,-10.0139,5.9245,25421211,354197313.0,47802323166.2,5552333243.6
2015-09-11,'600061,国投安信,14.38,14.76,13.92,14.5,14.51,-0.13,-0.8959,3.1124,13354813,192079525.0,53121901632.9,6170212677.2
2015-09-10,'600061,国投安信,14.51,14.96,14.5,14.79,15.05,-0.54,-3.588,3.1589,13554484,199868591.0,53602141355.6,6225993459.4
2015-09-09,'600061,国投安信,15.05,15.3,14.31,14.58,14.48,0.57,3.9365,5.6511,24248033,361510518.0,55596983280.7,6457698247.0
2015-09-08,'600061,国投安信,14.48,14.62,13.0,13.03,13.29,1.19,8.9541,4.2825,18375586,250981944.0,53491316804.2,6213120971.2
2015-09-07,'600061,国投安信,13.29,13.69,13.01,13.01,12.71,0.58,4.5633,4.3093,18490622,247586640.0,49095276265.8,5702512272.6
2015-09-02,'600061,国投安信,12.71,14.36,12.51,13.02,13.9,-1.19,-8.5612,4.4948,19286400,258506111.0,46952668272.2,5453644167.4
2015-09-01,'600061,国投安信,13.9,15.33,13.73,15.2,15.19,-1.29,-8.4924,4.6442,19927650,284827733.0,51348708810.7,5964252866.0
2015-08-31,'600061,国投安信,15.19,17.0,15.15,17.0,16.7,-1.51,-9.0419,4.4639,19153861,308082564.0,56114164520.5,6517769858.6
2015-08-28,'600061,国投安信,16.7,16.72,15.33,15.44,15.26,1.44,9.4364,6.9037,29622683,474943738.0,61692333607.1,7165685098.0
2015-08-27,'600061,国投安信,15.26,15.44,13.3,15.1,14.52,0.74,5.0964,5.182,22235112,324321397.0,56372755140.4,6547805664.4
2015-08-26,'600061,国投安信,14.52,17.0,14.52,15.6,16.13,-1.61,-9.9814,5.5615,23863337,370109068.0,53639082872.8,6230284288.8
2015-08-25,'600061,国投安信,16.13,16.71,16.13,16.15,17.92,-1.79,-9.9888,3.4482,14795790,241095561.0,59586667130.7,6921107822.2
2015-08-24,'600061,国投安信,17.92,19.1,17.92,19.0,19.91,-1.99,-9.995,4.024,17266101,311187857.0,66199198697.0,7689166284.8
2015-08-21,'600061,国投安信,19.91,21.48,19.45,20.45,20.67,-0.76,-3.6768,3.7511,16095276,329810453.0,73550560605.8,8543041335.4
2015-08-20,'600061,国投安信,20.67,22.66,20.65,22.66,22.94,-2.27,-9.8954,4.4078,18913020,410353410.0,76358115907.7,8869144369.8
2015-08-19,'600061,国投安信,22.94,23.97,21.27,22.02,23.63,-0.69,-2.92,6.4139,27520761,612074450.0,84743840296.2,9843162643.6
2015-08-18,'600061,国投安信,23.63,26.43,23.63,26.3,26.25,-2.62,-9.981,7.1357,30617942,757303264.0,87292804978.2,10139229872.2
2015-08-17,'600061,国投安信,26.25,26.69,24.33,24.7,25.02,1.23,4.9161,8.0787,34664426,889087915.0,96971482466.2,11263427175.0
2015-08-14,'600061,国投安信,25.02,25.68,23.28,23.7,23.58,1.44,6.1069,7.8919,33862678,815506132.0,92427675859.3,10735655158.8
2015-08-13,'600061,国投安信,23.58,23.84,22.5,23.19,23.44,0.14,0.5973,6.2248,26709421,622388791.0,87108097392.5,10117775725.2
2015-08-12,'600061,国投安信,23.44,24.5,22.31,22.58,22.95,0.49,2.1351,6.5465,28089721,663200259.0,86590916152.7,10057704113.6
2015-08-11,'600061,国投安信,22.95,23.79,22.65,22.99,22.98,-0.03,-0.1305,7.5105,32226070,749004168.0,84780781813.4,9847453473.0
2015-08-10,'600061,国投安信,22.98,22.98,20.92,21.3,20.89,2.09,10.0048,6.7636,29021438,643793583.0,84891606364.7,9860325961.2
2015-08-07,'600061,国投安信,20.89,21.0,20.5,20.63,20.2,0.69,3.4158,3.9125,16787675,349186046.0,77170829284.6,8963542616.6
2015-08-06,'600061,国投安信,20.2,20.97,20.16,20.55,21.42,-1.22,-5.6956,3.7652,16155622,331975403.0,74621864602.6,8667475388.0
2015-08-05,'600061,国投安信,21.42,22.38,20.54,21.52,21.35,0.07,0.3279,6.8985,29600300,640709570.0,79128729692.5,9190956574.8
2015-08-04,'600061,国投安信,21.35,21.35,19.41,19.41,19.41,1.94,9.9948,6.2443,26793259,550198583.0,78870139072.6,9160920769.0
2015-08-03,'600061,国投安信,19.41,20.3,18.6,20.3,20.62,-1.21,-5.8681,6.1271,26290202,505525439.0,71703484749.3,8328499865.4
2015-07-31,'600061,国投安信,20.62,22.22,20.3,21.69,22.34,-1.72,-7.6992,5.5158,23667223,505750732.0,76173408322.1,8847690222.8
2015-07-30,'600061,国投安信,22.34,24.0,20.9,21.84,22.0,0.34,1.5455,8.9274,38305834,881734955.0,82527349268.4,9585712879.6
2015-07-29,'600061,国投安信,22.0,23.0,20.3,22.6,22.24,-0.24,-1.0791,8.2005,35186737,757005000.0,81271337686.0,9439824680.0
2015-07-28,'600061,国投安信,22.24,24.3,22.24,22.24,24.71,-2.47,-9.996,9.149,39256966,885043660.0,82157934097.1,9542804585.6
2015-07-27,'600061,国投安信,24.71,27.0,24.71,26.34,27.46,-2.75,-10.0146,6.3955,27441962,707045939.0,91282488828.2,10602639447.4
2015-07-24,'600061,国投安信,27.46,29.59,26.55,28.89,29.17,-1.71,-5.8622,8.7257,37440349,1067190823.0,1.01441406039e+11,11782617532.4
2015-07-23,'600061,国投安信,29.17,30.2,28.03,28.5,29.09,0.08,0.275,9.7753,41944063,1213545406.0,1.07758405468e+11,12516349359.8
2015-07-22,'600061,国投安信,29.09,31.33,27.58,27.58,30.64,-1.55,-5.0587,17.3805,74576949,2142347008.0,1.07462873331e+11,12482022724.6
2015-07-21,'600061,国投安信,30.64,30.64,30.64,30.64,34.04,-3.4,-9.9882,0.242,1038300,31813512.0,1.13188808486e+11,13147101281.6
2015-07-20,'600061,国投安信,34.04,34.04,34.04,34.04,37.82,-3.78,-9.9947,0.3298,1415200,48173408.0,1.25748924311e+11,14605983277.6
2015-07-17,'600061,国投安信,0.0,0.0,0.0,0.0,37.82,None,None,0.0,0,0.0,1.39712817786e+11,16227916790.8
2015-07-16,'600061,中纺投资,0.0,0.0,0.0,0.0,37.82,None,None,0.0,0,0.0,1.39712817786e+11,16227916790.8
2015-07-15,'600061,中纺投资,0.0,0.0,0.0,0.0,37.82,None,None,0.0,0,0.0,1.39712817786e+11,16227916790.8
2015-07-14,'600061,中纺投资,0.0,0.0,0.0,0.0,37.82,None,None,0.0,0,0.0,1.39712817786e+11,16227916790.8
2015-07-13,'600061,中纺投资,0.0,0.0,0.0,0.0,37.82,None,None,0.0,0,0.0,1.39712817786e+11,16227916790.8
2015-07-10,'600061,中纺投资,0.0,0.0,0.0,0.0,37.82,None,None,0.0,0,0.0,1.39712817786e+11,16227916790.8
2015-07-09,'600061,中纺投资,0.0,0.0,0.0,0.0,37.82,None,None,0.0,0,0.0,1.39712817786e+11,16227916790.8
2015-07-08,'600061,中纺投资,0.0,0.0,0.0,0.0,37.82,None,None,0.0,0,0.0,1.39712817786e+11,16227916790.8
2015-07-07,'600061,中纺投资,0.0,0.0,0.0,0.0,37.82,None,None,0.0,0,0.0,1.39712817786e+11,16227916790.8
2015-07-06,'600061,中纺投资,0.0,0.0,0.0,0.0,37.82,None,None,0.0,0,0.0,1.39712817786e+11,16227916790.8
2015-07-03,'600061,中纺投资,0.0,0.0,0.0,0.0,37.82,None,None,0.0,0,0.0,1.39712817786e+11,16227916790.8
2015-07-02,'600061,中纺投资,0.0,0.0,0.0,0.0,37.82,None,None,0.0,0,0.0,1.39712817786e+11,16227916790.8
2015-07-01,'600061,中纺投资,0.0,0.0,0.0,0.0,37.82,None,None,0.0,0,0.0,1.39712817786e+11,16227916790.8
2015-06-30,'600061,中纺投资,0.0,0.0,0.0,0.0,37.82,None,None,0.0,0,0.0,1.39712817786e+11,16227916790.8
2015-06-29,'600061,中纺投资,0.0,0.0,0.0,0.0,37.82,None,None,0.0,0,0.0,1.39712817786e+11,16227916790.8
2015-06-26,'600061,中纺投资,0.0,0.0,0.0,0.0,37.82,None,None,0.0,0,0.0,1.39712817786e+11,16227916790.8
2015-06-25,'600061,中纺投资,0.0,0.0,0.0,0.0,37.82,None,None,0.0,0,0.0,1.39712817786e+11,16227916790.8
2015-06-24,'600061,中纺投资,0.0,0.0,0.0,0.0,37.82,None,None,0.0,0,0.0,1.39712817786e+11,16227916790.8
2015-06-23,'600061,中纺投资,0.0,0.0,0.0,0.0,37.82,None,None,0.0,0,0.0,1.39712817786e+11,16227916790.8
2015-06-19,'600061,中纺投资,0.0,0.0,0.0,0.0,37.82,None,None,0.0,0,0.0,1.39712817786e+11,16227916790.8
2015-06-18,'600061,中纺投资,0.0,0.0,0.0,0.0,37.82,None,None,0.0,0,0.0,1.39712817786e+11,16227916790.8
2015-06-17,'600061,中纺投资,0.0,0.0,0.0,0.0,37.82,None,None,0.0,0,0.0,1.39712817786e+11,16227916790.8
2015-06-16,'600061,中纺投资,0.0,0.0,0.0,0.0,37.82,None,None,0.0,0,0.0,1.39712817786e+11,16227916790.8
2015-06-15,'600061,中纺投资,0.0,0.0,0.0,0.0,37.82,None,None,0.0,0,0.0,1.39712817786e+11,16227916790.8
2015-06-12,'600061,中纺投资,0.0,0.0,0.0,0.0,37.82,None,None,0.0,0,0.0,1.39712817786e+11,16227916790.8
2015-06-11,'600061,中纺投资,0.0,0.0,0.0,0.0,37.82,None,None,0.0,0,0.0,1.39712817786e+11,16227916790.8
2015-06-10,'600061,中纺投资,0.0,0.0,0.0,0.0,37.82,None,None,0.0,0,0.0,1.39712817786e+11,16227916790.8
2015-06-09,'600061,中纺投资,0.0,0.0,0.0,0.0,37.82,None,None,0.0,0,0.0,1.39712817786e+11,16227916790.8
2015-06-08,'600061,中纺投资,0.0,0.0,0.0,0.0,37.82,None,None,0.0,0,0.0,1.39712817786e+11,16227916790.8
2015-06-05,'600061,中纺投资,37.82,39.1,35.6,37.3,35.59,2.23,6.2658,10.6881,45860710,1709130281.0,1.39712817786e+11,16227916790.8
2015-06-04,'600061,中纺投资,35.59,35.59,30.8,31.96,32.35,3.24,10.0155,8.6475,37104771,1235451326.0,1.31474859466e+11,15271061834.6
2015-06-03,'600061,中纺投资,32.35,32.48,30.11,30.58,30.61,1.74,5.6844,6.0003,25746316,804900208.0,1.19505807916e+11,13880833109.0
2015-06-02,'600061,中纺投资,30.61,30.91,29.85,30.77,30.81,-0.2,-0.6491,4.2677,18312068,555499880.0,1.13077983935e+11,13134228793.4
2015-06-01,'600061,中纺投资,30.81,31.5,28.85,29.28,29.64,1.17,3.9474,4.8364,20752358,625120351.0,1.13816814278e+11,13220045381.4
2015-05-29,'600061,中纺投资,29.64,30.5,27.05,29.5,29.83,-0.19,-0.6369,4.7389,20333770,593825758.0,1.09494656773e+11,12718018341.6
2015-05-28,'600061,中纺投资,29.83,32.91,29.83,32.8,33.14,-3.31,-9.9879,5.1049,21904181,694352060.0,1.10196545599e+11,12799544100.2
2015-05-27,'600061,中纺投资,33.14,34.15,33.0,33.93,33.93,-0.79,-2.3283,4.5579,19556979,654034107.0,1.22424187769e+11,14219808631.6
2015-05-26,'600061,中纺投资,33.93,34.29,32.38,33.61,33.1,0.83,2.5076,6.1145,26236113,873243352.0,1.25342567622e+11,14558784154.2
2015-05-25,'600061,中纺投资,33.1,34.71,31.36,31.56,31.57,1.53,4.8464,6.8197,29262273,977487456.0,1.222764217e+11,14202645314.0
2015-05-22,'600061,中纺投资,31.57,32.49,30.5,30.7,30.45,1.12,3.6782,6.5108,27936609,881413695.0,1.16624369579e+11,13546148415.8
2015-05-21,'600061,中纺投资,30.45,30.47,29.3,29.64,29.65,0.8,2.6981,4.3446,18642054,558737144.0,1.12486919661e+11,13065575523.0
2015-05-20,'600061,中纺投资,29.65,30.5,29.32,29.68,29.77,-0.12,-0.4031,4.8685,20889946,622831190.0,1.0953159829e+11,12722309171.0
2015-05-19,'600061,中纺投资,29.77,30.9,27.95,28.0,28.4,1.37,4.8239,5.7838,24817159,738686780.0,1.09974896496e+11,12773799123.8
2015-05-18,'600061,中纺投资,28.4,28.63,27.0,27.5,28.22,0.18,0.6378,2.9423,12625046,351152746.0,1.04913908649e+11,12185955496.0
2015-05-15,'600061,中纺投资,28.22,29.27,27.9,29.25,29.41,-1.19,-4.0462,3.21,13773572,390963366.0,1.04248961341e+11,12108720566.8
2015-05-14,'600061,中纺投资,29.41,30.5,29.14,29.89,29.88,-0.47,-1.573,3.4068,14617891,432203909.0,1.08645001879e+11,12619329265.4
2015-05-13,'600061,中纺投资,29.88,30.58,29.45,30.22,30.89,-1.01,-3.2697,5.0067,21482826,642776893.0,1.10381253184e+11,12820998247.2
2015-05-12,'600061,中纺投资,30.89,31.7,28.66,28.84,28.82,2.07,7.1825,7.8757,33793398,1045286799.0,1.14112346415e+11,13254372016.6
2015-05-11,'600061,中纺投资,28.82,28.85,27.67,28.3,28.0,0.82,2.9286,3.6463,15645845,440232768.0,1.06465452369e+11,12366170330.8
2015-05-08,'600061,中纺投资,28.0,28.18,26.7,27.95,27.67,0.33,1.1926,2.1595,9266115,255702674.0,1.03436247964e+11,12014322320.0
2015-05-07,'600061,中纺投资,27.67,27.93,27.25,27.49,27.51,0.16,0.5816,1.772,7603540,210255176.0,1.02217177899e+11,11872724949.8
2015-05-06,'600061,中纺投资,27.51,28.79,27.25,27.5,27.39,0.12,0.4381,2.2371,9598828,267306055.0,1.01626113625e+11,11804071679.4
2015-05-05,'600061,中纺投资,27.39,29.28,27.25,27.94,28.36,-0.97,-3.4203,2.5744,11046406,312792120.0,1.01182815419e+11,11752581726.6
2015-05-04,'600061,中纺投资,28.36,28.93,27.66,28.9,29.16,-0.8,-2.7435,2.3784,10205324,289973131.0,1.04766142581e+11,12168792178.4
2015-04-30,'600061,中纺投资,29.16,30.47,29.0,29.99,30.2,-1.04,-3.4437,3.4351,14739475,437201634.0,1.07721463951e+11,12512058530.4
2015-04-29,'600061,中纺投资,30.2,30.58,28.5,29.43,29.43,0.77,2.6164,3.382,14511768,429401335.0,1.11563381733e+11,12958304788.0
2015-04-28,'600061,中纺投资,29.43,31.28,28.8,30.6,30.32,-0.89,-2.9354,5.5235,23700604,718186573.0,1.08718884914e+11,12627910924.2
2015-04-27,'600061,中纺投资,30.32,30.97,28.75,29.21,28.56,1.76,6.1625,5.7333,24600407,730847175.0,1.12006679938e+11,13009794740.8
2015-04-24,'600061,中纺投资,28.56,29.59,28.43,29.4,29.98,-1.42,-4.7365,4.4013,18885325,546016166.0,1.05504972923e+11,12254608766.4
2015-04-23,'600061,中纺投资,29.98,31.36,29.83,30.7,30.23,-0.25,-0.827,4.9744,21344168,651922499.0,1.10750668356e+11,12863906541.2
2015-04-22,'600061,中纺投资,30.23,30.8,28.65,28.65,28.63,1.6,5.5885,5.4672,23458901,691090987.0,1.11674206284e+11,12971177276.2
2015-04-21,'600061,中纺投资,28.63,28.96,27.05,27.34,27.36,1.27,4.6418,4.5651,19588152,554939142.0,1.05763563543e+11,12284644572.2
2015-04-20,'600061,中纺投资,27.36,28.5,27.0,28.4,28.03,-0.67,-2.3903,3.9967,17149002,476412030.0,1.01071990868e+11,11739709238.4
2015-04-17,'600061,中纺投资,28.03,28.94,27.46,28.25,28.05,-0.02,-0.0713,4.7499,20380910,571278783.0,1.03547072515e+11,12027194808.2
2015-04-16,'600061,中纺投资,28.05,28.44,26.31,26.88,27.35,0.7,2.5594,4.5271,19424955,533602268.0,1.0362095555e+11,12035776467.0
2015-04-15,'600061,中纺投资,27.35,29.11,27.3,29.11,29.35,-2.0,-6.8143,3.4858,14957064,424449459.0,1.01035049351e+11,11735418409.0
2015-04-14,'600061,中纺投资,29.35,30.12,28.8,30.0,30.31,-0.96,-3.1673,5.1228,21981265,646280664.0,1.08423352777e+11,12593584289.0
2015-04-13,'600061,中纺投资,30.31,31.1,29.89,31.04,31.13,-0.82,-2.6341,4.6737,20054013,609039728.0,1.11969738421e+11,13005503911.4
2015-04-10,'600061,中纺投资,31.13,31.36,29.68,30.44,31.02,0.11,0.3546,5.3017,22748729,690081840.0,1.14998942826e+11,13357351922.2
2015-04-09,'600061,中纺投资,31.02,33.1,30.45,31.5,30.51,0.51,1.6716,10.1568,43581107,1369252357.0,1.14592586137e+11,13310152798.8
2015-04-08,'600061,中纺投资,30.51,30.51,27.57,27.74,27.74,2.77,9.9856,9.7168,41692962,1238909077.0,1.12708568764e+11,13091320499.4
2015-04-07,'600061,中纺投资,27.74,28.25,27.1,27.1,26.88,0.86,3.1994,5.3536,22971530,636253120.0,1.02475768519e+11,11902760755.6
2015-04-03,'600061,中纺投资,26.88,27.15,26.2,26.37,26.51,0.37,1.3957,3.0284,12994206,347433480.0,99298798045.4,11533749427.2
2015-04-02,'600061,中纺投资,26.51,27.15,26.35,26.98,26.99,-0.48,-1.7784,3.8414,16482994,438853562.0,97931961911.6,11374988739.4
2015-04-01,'600061,中纺投资,26.99,27.4,26.4,26.7,26.83,0.16,0.5963,3.7172,15949664,428393365.0,99705154733.9,11580948550.6
2015-03-31,'600061,中纺投资,26.83,28.66,26.5,27.62,27.3,-0.47,-1.7216,4.7828,20522163,565215234.0,99114090459.8,11512295280.2
2015-03-30,'600061,中纺投资,27.3,27.78,26.06,26.5,26.58,0.72,2.7088,4.4677,19170238,517821540.0,1.00850341765e+11,11713964262.0
2015-03-27,'600061,中纺投资,26.58,26.75,26.3,26.45,26.4,0.18,0.6818,2.5655,11008306,292392352.0,98190552531.5,11405024545.2
2015-03-26,'600061,中纺投资,26.4,26.88,25.51,26.1,26.24,0.16,0.6098,3.4075,14621105,384892875.0,97525605223.2,11327789616.0
2015-03-25,'600061,中纺投资,26.24,27.39,25.93,26.64,26.01,0.23,0.8843,3.6521,15670571,416244381.0,96934540949.1,11259136345.6
2015-03-24,'600061,中纺投资,26.01,26.9,25.5,26.39,26.53,-0.52,-1.96,4.1631,17863185,465765016.0,87567794666.2,11160447269.4
2015-03-23,'600061,中纺投资,26.53,26.84,25.7,26.4,26.1,0.43,1.6475,4.7739,20483776,537524387.0,89318477220.1,11383570398.2
2015-03-20,'600061,中纺投资,26.1,27.33,25.0,25.1,25.11,0.99,3.9427,6.2966,27017546,702693660.0,87870797415.9,11199064734.0
2015-03-19,'600061,中纺投资,25.11,26.03,25.0,26.03,25.67,-0.56,-2.1815,3.9501,16949117,427746983.0,84537767169.1,10774272623.4
2015-03-18,'600061,中纺投资,25.67,25.87,24.7,24.7,24.67,1.0,4.0535,7.9572,34142787,864234766.0,86423117611.7,11014559069.8
2015-03-17,'600061,中纺投资,24.67,24.67,22.28,22.6,22.43,2.24,9.9866,7.5239,32283914,753330919.0,83056420392.7,10585476129.8
2015-03-16,'600061,中纺投资,22.43,22.59,21.68,21.95,22.0,0.43,1.9545,3.4631,14859683,329460438.0,75515018622.2,9624330344.2
2015-03-13,'600061,中纺投资,22.0,22.49,21.7,21.96,21.91,0.09,0.4108,2.5059,10752412,237891833.0,74067338818.0,9439824680.0
2015-03-12,'600061,中纺投资,21.91,22.15,21.4,21.6,21.58,0.33,1.5292,2.4077,10331092,226167490.0,73764336068.3,9401207215.4
2015-03-11,'600061,中纺投资,21.58,22.34,21.46,21.78,21.79,-0.21,-0.9637,2.5624,10994622,240612346.0,72653325986.0,9259609845.2
2015-03-10,'600061,中纺投资,21.79,21.94,20.75,20.88,20.89,0.9,4.3083,2.6601,11414054,245429326.0,73360332402.0,9349717262.6
2015-03-09,'600061,中纺投资,20.89,21.1,20.21,20.68,21.16,-0.27,-1.276,2.2348,9589076,197319373.0,70330304904.9,8963542616.6
2015-03-06,'600061,中纺投资,21.16,21.43,20.75,21.0,21.15,0.01,0.0473,2.2749,9761305,206254441.0,71239313154.0,9079395010.4
2015-03-05,'600061,中纺投资,21.15,21.38,20.58,20.6,21.3,-0.15,-0.7042,1.9742,8470993,177954030.0,71205646181.9,9075104181.0
2015-03-04,'600061,中纺投资,21.3,21.44,20.95,21.28,21.46,-0.16,-0.7456,2.3491,10079626,213288798.0,71710650764.7,9139466622.0
2015-03-03,'600061,中纺投资,21.46,22.37,21.36,22.32,22.52,-1.06,-4.7069,3.6043,15465394,336232538.0,72249322319.7,9208119892.4
2015-03-02,'600061,中纺投资,22.52,23.13,22.32,22.97,22.7,-0.18,-0.793,3.245,13923715,316068277.0,75818021371.9,9662947808.8
2015-02-27,'600061,中纺投资,22.7,23.0,22.51,22.93,22.94,-0.24,-1.0462,1.8739,8040568,183149932.0,76424026871.3,9740182738.0
2015-02-26,'600061,中纺投资,22.94,23.19,21.77,22.01,22.03,0.91,4.1307,2.7817,11935659,270486488.0,77232034203.9,9843162643.6
2015-02-25,'600061,中纺投资,22.03,22.72,21.76,22.6,22.81,-0.78,-3.4196,1.8443,7913717,174771988.0,74168339734.6,9452697168.2
2015-02-17,'600061,中纺投资,22.81,23.76,22.5,22.99,22.96,-0.15,-0.6533,2.6684,11449789,264330431.0,76794363565.4,9787381861.4
2015-02-16,'600061,中纺投资,22.96,23.08,22.26,22.68,22.59,0.37,1.6379,2.4372,10457656,237222866.0,9851744302.4,9851744302.4
2015-02-13,'600061,中纺投资,22.59,23.27,21.54,21.54,21.52,1.07,4.9721,4.3497,18663962,422573955.0,9692983614.6,9692983614.6
2015-02-12,'600061,中纺投资,21.52,21.85,20.98,21.39,21.3,0.22,1.0329,1.6135,6923051,147577225.0,9233864868.8,9233864868.8
2015-02-11,'600061,中纺投资,21.3,21.45,20.91,21.42,21.36,-0.06,-0.2809,1.1903,5107201,108332776.0,9139466622.0,9139466622.0
2015-02-10,'600061,中纺投资,21.36,21.75,20.95,21.12,21.32,0.04,0.1876,2.2018,9447737,201800438.0,9165211598.4,9165211598.4
2015-02-09,'600061,中纺投资,21.32,21.84,20.05,20.1,20.26,1.06,5.232,3.7501,16091251,338260786.0,9148048280.8,9148048280.8
2015-02-06,'600061,中纺投资,20.26,20.5,19.56,19.79,19.94,0.32,1.6048,1.7362,7449855,149207930.0,8693220364.4,8693220364.4
2015-02-05,'600061,中纺投资,19.94,20.92,19.91,20.86,20.26,-0.32,-1.5795,2.2218,9533418,194956548.0,8555913823.6,8555913823.6
2016-02-15,'600061,国投安信,16.98,17.2,16.41,16.57,17.75,-0.77,-4.338,2.4717,10605853,178627618.0,62726696086.7,7285828321.2

