2016-02-05,'600165,新日恒力,14.89,15.29,14.39,15.07,15.04,-0.15,-0.9973,3.303,16015498,237731425.0,10197919409.8,7219919409.75
2016-02-04,'600165,新日恒力,15.04,15.2,14.3,14.33,14.24,0.8,5.618,4.3107,20901840,309845071.0,10300651976.0,7292651976.0
2016-02-03,'600165,新日恒力,14.24,14.54,13.8,14.2,14.78,-0.54,-3.6536,4.1408,20078067,283399640.0,9752744956.0,6904744956.0
2016-02-02,'600165,新日恒力,14.78,15.24,14.28,14.45,14.49,0.29,2.0014,3.4418,16688726,248997562.0,10122582194.5,7166582194.5
2016-02-01,'600165,新日恒力,14.49,15.6,14.19,15.5,15.77,-1.28,-8.1167,4.3104,20900471,311419205.0,9923965899.75,7025965899.75
2016-01-29,'600165,新日恒力,15.77,16.27,15.06,15.3,15.52,0.25,1.6108,5.4108,26235887,414587089.0,10800617131.8,7646617131.75
2016-01-28,'600165,新日恒力,15.52,16.3,14.9,15.75,16.28,-0.76,-4.6683,6.6031,32017202,498810683.0,10629396188.0,7525396188.0
2016-01-27,'600165,新日恒力,16.28,16.4,13.8,14.53,14.99,1.29,8.6057,11.9186,57791442,854551942.0,11149907857.0,7893907857.0
2016-01-26,'600165,新日恒力,14.99,16.24,14.99,16.2,16.66,-1.67,-10.024,7.9719,38654366,602357579.0,10266407787.2,7268407787.25
2016-01-25,'600165,新日恒力,16.66,17.01,15.95,16.12,15.46,1.2,7.762,15.2538,73962962,1239127223.0,11410163691.5,8078163691.5
2016-01-22,'600165,新日恒力,15.46,15.46,14.01,14.37,14.05,1.41,10.0356,10.9335,53014699,775801814.0,10588303161.5,7496303161.5
2016-01-21,'600165,新日恒力,14.05,15.4,13.89,15.1,15.43,-1.38,-8.9436,4.9953,24221174,356379438.0,9622617038.75,6812617038.75
2016-01-20,'600165,新日恒力,15.43,15.98,15.16,15.7,15.97,-0.54,-3.3813,4.8522,23527636,367086837.0,10567756648.2,7481756648.25
2016-01-19,'600165,新日恒力,15.97,16.3,14.9,15.45,15.48,0.49,3.1654,5.9984,29085487,451976262.0,10937593886.8,7743593886.75
2016-01-18,'600165,新日恒力,15.48,15.59,14.4,14.5,14.79,0.69,4.6653,5.381,26091419,394295503.0,10602000837.0,7506000837.0
2016-01-15,'600165,新日恒力,14.79,15.68,14.2,15.5,15.71,-0.92,-5.8561,3.272,15865543,239326438.0,10129431032.2,7171431032.25
2016-01-14,'600165,新日恒力,15.71,15.99,13.6,13.89,14.61,1.1,7.5291,4.5738,22177762,328784952.0,10759524105.2,7617524105.25
2016-01-13,'600165,新日恒力,14.61,16.09,14.2,15.95,15.78,-1.17,-7.4144,3.9366,19088122,290303837.0,10006151952.8,7084151952.75
2016-01-12,'600165,新日恒力,15.78,16.95,15.61,16.78,16.49,-0.71,-4.3056,3.5322,17127004,276556584.0,10807465969.5,7651465969.5
2016-01-11,'600165,新日恒力,16.49,18.79,16.49,17.9,18.32,-1.83,-9.9891,2.4925,12085667,212833689.0,11293733449.8,7995733449.75
2016-01-08,'600165,新日恒力,18.32,18.97,16.78,18.6,18.23,0.09,0.4937,3.5222,17078551,313236283.0,12547070758.0,8883070758.0
2016-01-07,'600165,新日恒力,18.23,19.49,18.23,19.45,20.25,-2.02,-9.9753,0.7869,3815700,72140080.0,12485431218.2,8839431218.25
2016-01-06,'600165,新日恒力,20.25,20.7,17.25,18.82,18.82,1.43,7.5983,4.6947,22763888,433059337.0,13868896443.8,9818896443.75
2016-01-05,'600165,新日恒力,18.82,20.38,18.82,19.0,20.91,-2.09,-9.9952,3.1274,15164275,291293146.0,12889512645.5,9125512645.5
2016-01-04,'600165,新日恒力,20.91,23.1,20.91,23.01,23.23,-2.32,-9.9871,2.5556,12391451,266527944.0,14320919735.2,10138919735.2
2015-12-31,'600165,新日恒力,23.23,24.49,23.18,23.35,23.16,0.07,0.3022,4.2115,20420661,486745953.0,15909850093.2,11263850093.2
2015-12-30,'600165,新日恒力,23.16,23.51,22.85,23.45,23.53,-0.37,-1.5725,2.4804,12027216,277082171.0,15861908229.0,11229908229.0
2015-12-29,'600165,新日恒力,23.53,24.17,22.73,23.31,23.76,-0.23,-0.968,3.5327,17129613,400409934.0,16115315225.8,11409315225.8
2015-12-28,'600165,新日恒力,23.76,24.86,23.05,24.2,24.05,-0.29,-1.2058,5.2912,25656054,608487798.0,16272838494.0,11520838494.0
2015-12-25,'600165,新日恒力,24.05,25.64,23.5,24.78,25.11,-1.06,-4.2214,3.6698,17794136,434751881.0,16471454788.8,11661454788.8
2015-12-24,'600165,新日恒力,25.11,25.33,24.2,25.06,25.27,-0.16,-0.6332,2.7303,13238933,327321604.0,17197431590.2,12175431590.2
2015-12-23,'600165,新日恒力,25.27,27.5,24.66,26.77,26.77,-1.5,-5.6033,4.5447,22036344,565638013.0,17307012994.2,12253012994.2
2015-12-22,'600165,新日恒力,26.77,30.2,25.0,27.88,27.53,-0.76,-2.7606,6.3692,30883007,867842890.0,18334338656.8,12980338656.8
2015-12-21,'600165,新日恒力,0.0,0.0,0.0,0.0,27.53,None,None,0.0,0,0.0,18854850325.8,13348850325.8
2015-12-18,'600165,新日恒力,0.0,0.0,0.0,0.0,27.53,None,None,0.0,0,0.0,18854850325.8,13348850325.8
2015-12-17,'600165,新日恒力,27.53,27.53,25.0,26.0,25.03,2.5,9.988,4.5183,21908557,577415775.0,18854850325.8,13348850325.8
2015-12-16,'600165,新日恒力,25.03,25.03,22.2,22.4,22.75,2.28,10.022,4.2147,20436452,489609658.0,17142640888.2,12136640888.2
2015-12-15,'600165,新日恒力,22.75,23.0,20.96,21.36,20.98,1.77,8.4366,6.083,29495390,642103374.0,15581105881.2,11031105881.2
2015-12-14,'600165,新日恒力,20.98,21.57,20.55,20.57,20.5,0.48,2.3415,3.232,15671579,330270843.0,14368861599.5,10172861599.5
2015-12-11,'600165,新日恒力,20.5,21.9,20.32,21.67,22.11,-1.61,-7.2818,3.2257,15640751,326510962.0,14040117387.5,9940117387.5
2015-12-10,'600165,新日恒力,22.11,22.93,21.65,22.0,21.91,0.2,0.9128,3.6713,17801396,397365953.0,15142780265.2,10720780265.2
2015-12-09,'600165,新日恒力,21.91,23.66,21.4,23.29,23.67,-1.76,-7.4356,4.0878,19821211,443144488.0,15005803510.2,10623803510.2
2015-12-08,'600165,新日恒力,23.67,24.93,22.6,24.49,24.68,-1.01,-4.0924,5.0252,24366370,575994151.0,16211198954.2,11477198954.2
2015-12-07,'600165,新日恒力,24.68,25.16,23.13,23.68,24.21,0.47,1.9413,5.5932,27120330,654037875.0,16902931567.0,11966931567.0
2015-12-04,'600165,新日恒力,24.21,26.0,24.1,24.28,24.86,-0.65,-2.6146,6.4908,31472656,782026079.0,16581036192.8,11739036192.8
2015-12-03,'600165,新日恒力,24.86,25.68,21.56,21.56,23.95,0.91,3.7996,9.8103,47568568,1097177122.0,17026210646.5,12054210646.5
2015-12-02,'600165,新日恒力,23.95,24.15,23.95,24.15,26.61,-2.66,-9.9962,1.257,6095100,146525674.0,16402966411.2,11612966411.2
2015-12-01,'600165,新日恒力,26.61,26.61,25.52,26.61,24.19,2.42,10.0041,11.481,55669607,1480034272.0,18224757252.8,12902757252.8
2015-11-30,'600165,新日恒力,24.19,24.19,24.19,24.19,21.99,2.2,10.0045,0.2047,992503,24008648.0,16567338517.2,11729338517.2
2015-11-27,'600165,新日恒力,21.99,21.99,21.99,21.99,19.99,2.0,10.005,0.1968,954139,20981517.0,15060594212.2,10662594212.2
2015-11-26,'600165,新日恒力,19.99,19.99,19.99,19.99,18.17,1.82,10.0165,0.1012,490506,9805215.0,13690826662.2,9692826662.25
2015-11-25,'600165,新日恒力,18.17,18.17,18.17,18.17,16.52,1.65,9.9879,0.016,77755,1412808.0,12444338191.8,8810338191.75
2015-11-24,'600165,新日恒力,16.52,16.52,16.52,16.52,15.02,1.5,9.9867,0.0527,255450,4220034.0,11314279963.0,8010279963.0
2015-11-23,'600165,新日恒力,15.02,15.02,15.02,15.02,13.65,1.37,10.0366,0.0171,83069,1247696.0,10286954300.5,7282954300.5
2015-11-20,'600165,新日恒力,13.65,13.65,13.65,13.65,12.41,1.24,9.9919,0.009,43408,592519.0,9348663528.75,6618663528.75
2015-11-19,'600165,新日恒力,12.41,12.41,12.41,12.41,11.28,1.13,10.0177,0.0268,130052,1613945.0,8499407647.75,6017407647.75
2015-11-18,'600165,新日恒力,0.0,0.0,0.0,0.0,11.28,None,None,0.0,0,0.0,7725488982.0,5469488982.0
2015-11-17,'600165,新日恒力,0.0,0.0,0.0,0.0,11.28,None,None,0.0,0,0.0,7725488982.0,5469488982.0
2015-11-16,'600165,新日恒力,0.0,0.0,0.0,0.0,11.28,None,None,0.0,0,0.0,7725488982.0,5469488982.0
2015-11-13,'600165,新日恒力,0.0,0.0,0.0,0.0,11.28,None,None,0.0,0,0.0,7725488982.0,5469488982.0
2015-11-12,'600165,新日恒力,0.0,0.0,0.0,0.0,11.28,None,None,0.0,0,0.0,7725488982.0,5469488982.0
2015-11-11,'600165,新日恒力,0.0,0.0,0.0,0.0,11.28,None,None,0.0,0,0.0,7725488982.0,5469488982.0
2015-11-10,'600165,新日恒力,0.0,0.0,0.0,0.0,11.28,None,None,0.0,0,0.0,7725488982.0,5469488982.0
2015-11-09,'600165,新日恒力,0.0,0.0,0.0,0.0,11.28,None,None,0.0,0,0.0,7725488982.0,5469488982.0
2015-11-06,'600165,新日恒力,0.0,0.0,0.0,0.0,11.28,None,None,0.0,0,0.0,7725488982.0,5469488982.0
2015-11-05,'600165,新日恒力,0.0,0.0,0.0,0.0,11.28,None,None,0.0,0,0.0,7725488982.0,5469488982.0
2015-11-04,'600165,新日恒力,0.0,0.0,0.0,0.0,11.28,None,None,0.0,0,0.0,7725488982.0,5469488982.0
2015-11-03,'600165,新日恒力,0.0,0.0,0.0,0.0,11.28,None,None,0.0,0,0.0,7725488982.0,5469488982.0
2015-11-02,'600165,新日恒力,0.0,0.0,0.0,0.0,11.28,None,None,0.0,0,0.0,7725488982.0,5469488982.0
2015-10-30,'600165,新日恒力,0.0,0.0,0.0,0.0,11.28,None,None,0.0,0,0.0,7725488982.0,5469488982.0
2015-10-29,'600165,新日恒力,0.0,0.0,0.0,0.0,11.28,None,None,0.0,0,0.0,7725488982.0,5469488982.0
2015-10-28,'600165,新日恒力,0.0,0.0,0.0,0.0,11.28,None,None,0.0,0,0.0,7725488982.0,5469488982.0
2015-10-27,'600165,新日恒力,0.0,0.0,0.0,0.0,11.28,None,None,0.0,0,0.0,7725488982.0,5469488982.0
2015-10-26,'600165,新日恒力,0.0,0.0,0.0,0.0,11.28,None,None,0.0,0,0.0,7725488982.0,5469488982.0
2015-10-23,'600165,新日恒力,0.0,0.0,0.0,0.0,11.28,None,None,0.0,0,0.0,7725488982.0,5469488982.0
2015-10-22,'600165,新日恒力,0.0,0.0,0.0,0.0,11.28,None,None,0.0,0,0.0,7725488982.0,5469488982.0
2015-10-21,'600165,新日恒力,0.0,0.0,0.0,0.0,11.28,None,None,0.0,0,0.0,7725488982.0,5469488982.0
2015-10-20,'600165,新日恒力,0.0,0.0,0.0,0.0,11.28,None,None,0.0,0,0.0,7725488982.0,5469488982.0
2015-10-19,'600165,新日恒力,0.0,0.0,0.0,0.0,11.28,None,None,0.0,0,0.0,7725488982.0,5469488982.0
2015-10-16,'600165,新日恒力,0.0,0.0,0.0,0.0,11.28,None,None,0.0,0,0.0,7725488982.0,5469488982.0
2015-10-15,'600165,新日恒力,0.0,0.0,0.0,0.0,11.28,None,None,0.0,0,0.0,7725488982.0,5469488982.0
2015-10-14,'600165,新日恒力,0.0,0.0,0.0,0.0,11.28,None,None,0.0,0,0.0,7725488982.0,5469488982.0
2015-10-13,'600165,新日恒力,0.0,0.0,0.0,0.0,11.28,None,None,0.0,0,0.0,7725488982.0,5469488982.0
2015-10-12,'600165,XR新日恒,0.0,0.0,0.0,0.0,11.28,None,None,0.0,0,0.0,7725488982.0,5469488982.0
2015-10-09,'600165,新日恒力,0.0,0.0,0.0,0.0,28.2,None,None,0.0,0,0.0,7725488982.0,5469488982.0
2015-10-08,'600165,新日恒力,0.0,0.0,0.0,0.0,28.2,None,None,0.0,0,0.0,7725488982.0,5469488982.0
2015-09-30,'600165,新日恒力,0.0,0.0,0.0,0.0,28.2,None,None,0.0,0,0.0,7725488982.0,5469488982.0
2015-09-29,'600165,新日恒力,0.0,0.0,0.0,0.0,28.2,None,None,0.0,0,0.0,7725488982.0,5469488982.0
2015-09-28,'600165,新日恒力,0.0,0.0,0.0,0.0,28.2,None,None,0.0,0,0.0,7725488982.0,5469488982.0
2015-09-25,'600165,新日恒力,0.0,0.0,0.0,0.0,28.2,None,None,0.0,0,0.0,7725488982.0,5469488982.0
2015-09-24,'600165,新日恒力,0.0,0.0,0.0,0.0,28.2,None,None,0.0,0,0.0,7725488982.0,5469488982.0
2015-09-23,'600165,新日恒力,0.0,0.0,0.0,0.0,28.2,None,None,0.0,0,0.0,7725488982.0,5469488982.0
2015-09-22,'600165,新日恒力,0.0,0.0,0.0,0.0,28.2,None,None,0.0,0,0.0,7725488982.0,5469488982.0
2015-09-21,'600165,新日恒力,0.0,0.0,0.0,0.0,28.2,None,None,0.0,0,0.0,7725488982.0,5469488982.0
2015-09-18,'600165,新日恒力,0.0,0.0,0.0,0.0,28.2,None,None,0.0,0,0.0,7725488982.0,5469488982.0
2015-09-17,'600165,新日恒力,0.0,0.0,0.0,0.0,28.2,None,None,0.0,0,0.0,7725488982.0,5469488982.0
2015-09-16,'600165,新日恒力,0.0,0.0,0.0,0.0,28.2,None,None,0.0,0,0.0,7725488982.0,5469488982.0
2015-09-15,'600165,新日恒力,0.0,0.0,0.0,0.0,28.2,None,None,0.0,0,0.0,7725488982.0,5469488982.0
2015-09-14,'600165,新日恒力,0.0,0.0,0.0,0.0,28.2,None,None,0.0,0,0.0,7725488982.0,5469488982.0
2015-09-11,'600165,新日恒力,0.0,0.0,0.0,0.0,28.2,None,None,0.0,0,0.0,7725488982.0,5469488982.0
2015-09-10,'600165,新日恒力,0.0,0.0,0.0,0.0,28.2,None,None,0.0,0,0.0,7725488982.0,5469488982.0
2015-09-09,'600165,新日恒力,0.0,0.0,0.0,0.0,28.2,None,None,0.0,0,0.0,7725488982.0,5469488982.0
2015-09-08,'600165,新日恒力,0.0,0.0,0.0,0.0,28.2,None,None,0.0,0,0.0,7725488982.0,5469488982.0
2015-09-07,'600165,新日恒力,0.0,0.0,0.0,0.0,28.2,None,None,0.0,0,0.0,7725488982.0,5469488982.0
2015-09-02,'600165,新日恒力,0.0,0.0,0.0,0.0,28.2,None,None,0.0,0,0.0,7725488982.0,5469488982.0
2015-09-01,'600165,新日恒力,0.0,0.0,0.0,0.0,28.2,None,None,0.0,0,0.0,7725488982.0,5469488982.0
2015-08-31,'600165,新日恒力,0.0,0.0,0.0,0.0,28.2,None,None,0.0,0,0.0,7725488982.0,5469488982.0
2015-08-28,'600165,新日恒力,0.0,0.0,0.0,0.0,28.2,None,None,0.0,0,0.0,7725488982.0,5469488982.0
2015-08-27,'600165,新日恒力,0.0,0.0,0.0,0.0,28.2,None,None,0.0,0,0.0,7725488982.0,5469488982.0
2015-08-26,'600165,新日恒力,0.0,0.0,0.0,0.0,28.2,None,None,0.0,0,0.0,7725488982.0,5469488982.0
2015-08-25,'600165,新日恒力,28.2,28.94,25.1,25.1,27.81,0.39,1.4024,5.6617,10980994,307205247.0,7725488982.0,5469488982.0
2015-08-24,'600165,新日恒力,27.81,30.83,27.6,28.0,30.07,-2.26,-7.5158,8.0786,15668749,457130216.0,7618647113.1,5393847113.1
2015-08-21,'600165,新日恒力,30.07,31.5,28.88,29.2,30.27,-0.2,-0.6607,8.7192,16911272,509421009.0,8237782045.7,5832182045.7
2015-08-20,'600165,新日恒力,30.27,33.09,28.55,30.26,31.19,-0.92,-2.9497,11.3756,22063366,682014365.0,8292572747.7,5870972747.7
2015-08-19,'600165,新日恒力,31.19,31.19,27.51,27.51,28.35,2.84,10.0176,4.9373,9576048,285533892.0,8544609976.9,6049409976.9
2015-08-18,'600165,新日恒力,28.35,30.76,27.51,29.2,30.02,-1.67,-5.563,6.578,12758259,376252972.0,7766582008.5,5498582008.5
2015-08-17,'600165,新日恒力,30.02,32.99,29.45,30.3,29.99,0.03,0.1,8.0305,15575452,480816252.0,8224084370.2,5822484370.2
2015-08-14,'600165,新日恒力,29.99,31.4,29.21,29.56,29.42,0.57,1.9375,4.4189,8570517,257916493.0,8215865764.9,5816665764.9
2015-08-13,'600165,新日恒力,29.42,32.5,28.85,29.91,30.18,-0.76,-2.5182,5.6304,10920300,330863112.0,8059712264.2,5706112264.2
2015-08-12,'600165,新日恒力,30.18,30.5,27.01,27.24,27.82,2.36,8.4831,5.1176,9925707,291006295.0,8267916931.8,5853516931.8
2015-08-11,'600165,新日恒力,27.82,28.31,25.7,25.74,25.74,2.08,8.0808,5.2895,10259154,284205981.0,7621386648.2,5395786648.2
2015-08-10,'600165,新日恒力,25.74,25.74,23.45,23.45,23.4,2.34,10.0,3.8063,7382361,185462104.0,7051563347.4,4992363347.4
2015-08-07,'600165,新日恒力,23.4,23.44,22.5,22.7,22.23,1.17,5.2632,4.0261,7808793,179712800.0,6410512134.0,4538512134.0
2015-08-06,'600165,新日恒力,22.23,23.0,20.52,21.2,21.24,0.99,4.661,4.9524,9605288,211909339.0,6089986527.3,4311586527.3
2015-08-05,'600165,新日恒力,21.24,22.15,20.36,20.74,20.14,1.1,5.4618,8.4673,16422680,351764336.0,5818772552.4,4119572552.4
2015-08-04,'600165,新日恒力,20.14,20.14,18.3,18.3,18.31,1.83,9.9945,2.8626,5552131,108402514.0,5517423691.4,3906223691.4
2015-08-03,'600165,新日恒力,18.31,19.18,17.9,19.0,19.1,-0.79,-4.1361,3.218,6241396,117726043.0,5016088768.1,3551288768.1
2015-07-31,'600165,新日恒力,19.1,19.99,18.66,19.0,19.8,-0.7,-3.5354,4.1064,7964565,154629619.0,5232512041.0,3704512041.0
2015-07-30,'600165,新日恒力,19.8,20.37,19.5,19.79,20.15,-0.35,-1.737,5.969,11577074,229095133.0,5424279498.0,3840279498.0
2015-07-29,'600165,新日恒力,20.15,20.5,18.87,19.14,19.15,1.0,5.2219,8.606,16691673,329947618.0,5520163226.5,3908163226.5
2015-07-28,'600165,新日恒力,19.15,19.84,16.25,16.29,18.05,1.1,6.0942,9.1198,17688222,304112429.0,5246209716.5,3714209716.5
2015-07-27,'600165,新日恒力,18.05,19.79,18.05,18.5,20.06,-2.01,-10.0199,10.9322,21203326,401383459.0,4944860855.5,3500860855.5
2015-07-24,'600165,新日恒力,20.06,20.06,20.06,20.06,18.24,1.82,9.9781,9.075,17601358,353083241.0,5495507410.6,3890707410.6
2015-07-23,'600165,新日恒力,18.24,18.24,18.24,18.24,16.58,1.66,10.0121,0.0892,173102,3157380.0,4996912022.4,3537712022.4
2015-07-22,'600165,新日恒力,16.58,16.58,16.58,16.58,15.07,1.51,10.0199,0.0398,77252,1280838.0,4542149195.8,3215749195.8
2015-07-21,'600165,新日恒力,0.0,0.0,0.0,0.0,15.07,None,None,0.0,0,0.0,4128479395.7,2922879395.7
2015-07-20,'600165,新日恒力,0.0,0.0,0.0,0.0,15.07,None,None,0.0,0,0.0,4128479395.7,2922879395.7
2015-07-17,'600165,新日恒力,0.0,0.0,0.0,0.0,15.07,None,None,0.0,0,0.0,4128479395.7,2922879395.7
2015-07-16,'600165,新日恒力,0.0,0.0,0.0,0.0,15.07,None,None,0.0,0,0.0,4128479395.7,2922879395.7
2015-07-15,'600165,新日恒力,0.0,0.0,0.0,0.0,15.07,None,None,0.0,0,0.0,4128479395.7,2922879395.7
2015-07-14,'600165,新日恒力,0.0,0.0,0.0,0.0,15.07,None,None,0.0,0,0.0,4128479395.7,2922879395.7
2015-07-13,'600165,新日恒力,0.0,0.0,0.0,0.0,15.07,None,None,0.0,0,0.0,4128479395.7,2922879395.7
2015-07-10,'600165,新日恒力,0.0,0.0,0.0,0.0,15.07,None,None,0.0,0,0.0,4128479395.7,2922879395.7
2015-07-09,'600165,新日恒力,0.0,0.0,0.0,0.0,15.07,None,None,0.0,0,0.0,4128479395.7,2922879395.7
2015-07-08,'600165,新日恒力,15.07,15.28,12.5,12.5,13.89,1.18,8.4953,15.6688,30390174,421935783.0,4128479395.7,2922879395.7
2015-07-07,'600165,新日恒力,13.89,13.89,13.89,13.89,15.43,-1.54,-9.9806,0.9043,1754000,24363060.0,3805214253.9,2694014253.9
2015-07-06,'600165,新日恒力,15.43,18.6,15.43,18.6,17.14,-1.71,-9.9767,4.2032,8152206,135248450.0,4227102659.3,2992702659.3
2015-07-03,'600165,新日恒力,17.14,18.4,17.14,17.19,19.04,-1.9,-9.979,4.2392,8222068,142348488.0,4695563161.4,3324363161.4
2015-07-02,'600165,新日恒力,19.04,21.01,19.04,20.06,21.16,-2.12,-10.0189,4.5414,8808267,174507112.0,5216074830.4,3692874830.4
2015-07-01,'600165,新日恒力,21.16,24.29,21.16,23.53,23.51,-2.35,-9.9957,4.1188,7988484,184564887.0,5796856271.6,4104056271.6
2015-06-30,'600165,新日恒力,23.51,24.0,20.9,22.45,23.22,0.29,1.2489,5.8003,11249856,250012479.0,6440647020.1,4559847020.1
2015-06-29,'600165,新日恒力,23.22,26.8,23.22,26.3,25.8,-2.58,-10.0,5.1401,9969440,238964713.0,6361200502.2,4503600502.2
2015-06-26,'600165,新日恒力,25.8,27.86,25.8,27.62,28.67,-2.87,-10.0105,4.5783,8879705,237197466.0,7068000558.0,5004000558.0
2015-06-25,'600165,新日恒力,28.67,30.0,27.7,28.0,27.82,0.85,3.0554,7.5636,14669880,423495121.0,7854247131.7,5560647131.7
2015-06-24,'600165,新日恒力,27.82,27.99,26.85,27.0,26.79,1.03,3.8447,5.2191,10122599,277758732.0,7621386648.2,5395786648.2
2015-06-23,'600165,新日恒力,26.79,27.0,23.7,26.62,26.15,0.64,2.4474,5.7752,11201133,284605399.0,7339214532.9,5196014532.9
2015-06-19,'600165,新日恒力,26.15,28.99,26.0,27.5,28.41,-2.26,-7.9549,4.6397,8998804,250492139.0,7163884286.5,5071884286.5
2015-06-18,'600165,新日恒力,28.41,29.32,28.0,28.3,28.44,-0.03,-0.1055,4.0286,7813582,224336444.0,7783019219.1,5510219219.1
2015-06-17,'600165,新日恒力,28.44,29.13,27.1,28.86,28.75,-0.31,-1.0783,3.3424,6482663,182887874.0,7791237824.4,5516037824.4
2015-06-16,'600165,新日恒力,28.75,29.46,27.65,28.2,29.09,-0.34,-1.1688,3.8232,7415327,211932337.0,7876163412.5,5576163412.5
2015-06-15,'600165,新日恒力,29.09,29.76,28.3,29.6,29.49,-0.4,-1.3564,5.3982,10470068,303722846.0,7969307605.9,5642107605.9
2015-06-12,'600165,新日恒力,29.49,31.5,28.3,28.69,28.69,0.8,2.7884,6.4437,12497816,370392907.0,8078889009.9,5719689009.9
2015-06-11,'600165,新日恒力,28.69,29.1,27.0,28.0,28.37,0.32,1.128,5.6816,11019748,312359953.0,7859726201.9,5564526201.9
2015-06-10,'600165,新日恒力,28.37,28.74,26.86,28.1,28.03,0.34,1.213,5.6049,10870861,300331080.0,7772061078.7,5502461078.7
2015-06-09,'600165,新日恒力,28.03,28.95,26.88,27.79,27.82,0.21,0.7549,4.1747,8097068,226001556.0,7678916885.3,5436516885.3
2015-06-08,'600165,新日恒力,27.82,29.5,27.5,29.5,29.96,-2.14,-7.1429,6.1863,11998496,338174966.0,7621386648.2,5395786648.2
2015-06-05,'600165,新日恒力,29.96,31.8,29.35,30.82,30.53,-0.57,-1.867,6.6752,12946725,388544234.0,8207647159.6,5810847159.6
2015-06-04,'600165,新日恒力,30.53,31.9,28.75,31.9,31.88,-1.35,-4.2346,6.1107,11851914,357948485.0,8363800660.3,5921400660.3
2015-06-03,'600165,新日恒力,31.88,32.55,28.0,29.75,29.59,2.29,7.7391,10.2873,19952483,623473543.0,8733637898.8,6183237898.8
2015-06-02,'600165,新日恒力,29.59,29.59,26.8,27.0,26.9,2.69,10.0,7.486,14519287,407752994.0,8106284360.9,5739084360.9
2015-06-01,'600165,新日恒力,26.9,27.7,25.29,27.36,25.23,1.67,6.6191,10.3365,20048059,535413031.0,7369349419.0,5217349419.0
2015-05-29,'600165,新日恒力,25.23,25.23,22.5,22.81,22.94,2.29,9.9826,11.7266,22744096,548996554.0,6911847057.3,4893447057.3
2015-05-28,'600165,新日恒力,22.94,23.79,22.3,22.83,22.83,0.11,0.4818,8.4948,16475943,377282108.0,6284493519.4,4449293519.4
2015-05-27,'600165,新日恒力,22.83,23.55,22.67,23.4,23.37,-0.54,-2.3107,5.8115,11271673,259352055.0,6254358633.3,4427958633.3
2015-05-26,'600165,新日恒力,23.37,23.4,22.4,22.44,22.44,0.93,4.1444,7.1992,13963028,321658481.0,6402293528.7,4532693528.7
2015-05-25,'600165,新日恒力,22.44,22.8,22.15,22.8,23.1,-0.66,-2.8571,7.6766,14889016,333974060.0,6147516764.4,4352316764.4
2015-05-22,'600165,新日恒力,23.1,24.28,22.78,23.45,23.13,-0.03,-0.1297,7.6201,14779368,345794028.0,6328326081.0,4480326081.0
2015-05-21,'600165,新日恒力,23.13,23.6,22.36,22.53,22.5,0.63,2.8,5.61,10880801,249956175.0,6336544686.3,4486144686.3
2015-05-20,'600165,新日恒力,22.5,23.3,21.55,22.0,21.54,0.96,4.4568,7.1137,13797351,311387713.0,6163953975.0,4363953975.0
2015-05-19,'600165,新日恒力,21.54,21.73,19.8,20.12,20.04,1.5,7.485,6.7882,13165937,275787530.0,5900958605.4,4177758605.4
2015-05-18,'600165,新日恒力,20.04,20.6,19.75,20.6,20.54,-0.5,-2.4343,4.1174,7985895,160443304.0,5490028340.4,3886828340.4
2015-05-15,'600165,新日恒力,20.54,20.96,20.36,20.9,20.45,0.09,0.4401,3.9848,7728643,159595311.0,5627005095.4,3983805095.4
2015-05-14,'600165,新日恒力,20.45,21.4,20.01,21.0,21.0,-0.55,-2.619,4.2939,8328165,172540370.0,5602349279.5,3966349279.5
2015-05-13,'600165,新日恒力,21.0,21.48,20.45,20.6,20.59,0.41,1.9913,5.8907,11425235,241069764.0,5753023710.0,4073023710.0
2015-05-12,'600165,新日恒力,20.59,21.3,20.16,20.5,20.57,0.02,0.0972,4.1662,8080497,166422326.0,5640702770.9,3993502770.9
2015-05-11,'600165,新日恒力,20.57,20.88,19.29,19.43,19.34,1.23,6.3599,4.6985,9112894,184332310.0,5635223700.7,3989623700.7
2015-05-08,'600165,新日恒力,19.34,19.53,18.71,18.71,18.78,0.56,2.9819,2.7273,5289659,101803031.0,5298260883.4,3751060883.4
2015-05-07,'600165,新日恒力,18.78,19.98,18.65,19.98,19.53,-0.75,-3.8402,2.6005,5043728,96191104.0,5144846917.8,3642446917.8
2015-05-06,'600165,新日恒力,19.53,20.59,19.29,20.14,20.26,-0.73,-3.6032,3.5548,6894614,136000662.0,5350312050.3,3787912050.3
2015-05-05,'600165,新日恒力,20.26,21.47,19.5,20.84,20.84,-0.58,-2.7831,6.5652,12733414,262182919.0,5550298112.6,3929498112.6
2015-05-04,'600165,新日恒力,20.84,20.85,18.95,19.51,19.32,1.52,7.8675,8.2981,16094529,322659098.0,5709191148.4,4041991148.4
2015-04-30,'600165,新日恒力,19.32,19.98,18.39,18.4,18.42,0.9,4.886,5.5371,10739342,206477303.0,5292781813.2,3747181813.2
2015-04-29,'600165,新日恒力,18.42,18.75,18.0,18.06,18.06,0.36,1.9934,4.0665,7887104,144942043.0,5046223654.2,3572623654.2
2015-04-28,'600165,新日恒力,18.06,19.49,17.96,19.4,19.38,-1.32,-6.8111,5.9513,11542699,216241020.0,4947600390.6,3502800390.6
2015-04-27,'600165,新日恒力,19.38,19.77,19.22,19.38,19.38,0.0,0.0,4.9063,9516032,185157826.0,5309219023.8,3758819023.8
2015-04-24,'600165,新日恒力,19.38,19.7,18.8,19.49,19.71,-0.33,-1.6743,5.9549,11549729,221738310.0,5309219023.8,3758819023.8
2015-04-23,'600165,新日恒力,19.71,20.34,19.15,20.0,19.58,0.13,0.6639,6.5852,12772260,249743810.0,5399623682.1,3822823682.1
2015-04-22,'600165,新日恒力,19.58,19.97,18.9,19.36,19.48,0.1,0.5133,7.0859,13743263,267822470.0,5364009725.8,3797609725.8
2015-04-21,'600165,新日恒力,19.48,19.68,18.15,18.16,18.95,0.53,2.7968,8.3844,16261914,311778738.0,5336614374.8,3778214374.8
2015-04-20,'600165,新日恒力,18.95,19.9,18.95,19.8,21.06,-2.11,-10.019,11.1027,21533980,414453093.0,5191419014.5,3675419014.5
2015-04-17,'600165,新日恒力,21.06,22.7,21.03,21.03,23.37,-2.31,-9.8845,15.6629,30378692,650371615.0,5769460920.6,4084660920.6
2015-04-16,'600165,新日恒力,23.37,25.0,21.64,24.0,24.04,-0.67,-2.787,9.8978,19197034,459596590.0,6402293528.7,4532693528.7
2015-04-15,'600165,新日恒力,24.04,24.04,20.01,20.78,21.85,2.19,10.0229,11.4042,22118939,483654030.0,6585842380.4,4662642380.4
2015-04-14,'600165,新日恒力,21.85,24.02,21.2,23.01,21.84,0.01,0.0458,12.1529,23570958,532172410.0,5985884193.5,4237884193.5
2015-04-13,'600165,新日恒力,21.84,21.84,20.03,20.03,19.85,1.99,10.0252,5.8818,11407908,244404095.0,5983144658.4,4235944658.4
2015-04-10,'600165,新日恒力,19.85,20.0,19.3,20.0,19.73,0.12,0.6082,7.5327,14609914,288745739.0,5437977173.5,3849977173.5
2015-04-09,'600165,新日恒力,19.73,19.95,18.19,18.19,18.14,1.59,8.7652,11.4719,22250202,436860867.0,5405102752.3,3826702752.3
2015-04-08,'600165,新日恒力,18.14,18.14,16.18,16.4,16.49,1.65,10.0061,7.4495,14448634,247799582.0,4969516671.4,3518316671.4
2015-04-07,'600165,新日恒力,16.49,16.68,16.07,16.67,16.7,-0.21,-1.2575,6.1303,11890002,194541905.0,4517493379.9,3198293379.9
2015-04-03,'600165,新日恒力,16.7,17.0,15.51,15.65,15.66,1.04,6.6411,6.4144,12440998,206447457.0,4575023617.0,3239023617.0
2015-04-02,'600165,新日恒力,15.66,16.08,15.33,15.69,15.62,0.04,0.2561,7.0042,13584940,213019411.0,4290111966.6,3037311966.6
2015-04-01,'600165,新日恒力,15.62,15.62,14.21,14.22,14.2,1.42,10.0,8.3224,16141577,244917481.0,4279153826.2,3029553826.2
2015-03-31,'600165,新日恒力,14.2,14.35,13.86,14.08,14.13,0.07,0.4954,4.6392,8997849,127270572.0,3890139842.0,2754139842.0
2015-03-30,'600165,新日恒力,14.13,14.7,13.55,13.61,13.65,0.48,3.5165,6.0928,11817279,166639203.0,3870963096.3,2740563096.3
2015-03-27,'600165,新日恒力,13.65,13.76,13.45,13.56,13.6,0.05,0.3676,2.4522,4756195,64823273.0,3739465411.5,2647465411.5
2015-03-26,'600165,新日恒力,13.6,13.8,13.28,13.46,13.55,0.05,0.369,3.2901,6381179,86284228.0,3725767736.0,2637767736.0
2015-03-25,'600165,新日恒力,13.55,13.8,13.28,13.8,13.83,-0.28,-2.0246,4.533,8791855,118662308.0,3712070060.5,2628070060.5
2015-03-24,'600165,新日恒力,13.83,13.85,13.0,13.72,13.71,0.12,0.8753,4.7871,9284736,125754994.0,3788777043.3,2682377043.3
2015-03-23,'600165,新日恒力,13.71,13.87,13.6,13.75,13.74,-0.03,-0.2183,5.1754,10037839,137978416.0,3755902622.1,2659102622.1
2015-03-20,'600165,新日恒力,13.74,13.88,13.42,13.52,13.53,0.21,1.5521,4.0419,7839368,106819313.0,3764121227.4,2664921227.4
2015-03-19,'600165,新日恒力,13.53,14.0,13.39,14.0,14.13,-0.6,-4.2463,8.1944,15893387,216393915.0,3706590990.3,2624190990.3
2015-03-18,'600165,新日恒力,14.13,14.38,13.8,14.03,14.14,-0.01,-0.0707,4.6599,9037993,127260034.0,3870963096.3,2740563096.3
2015-03-17,'600165,新日恒力,14.14,14.45,13.96,14.1,14.4,-0.26,-1.8056,6.4731,12554879,177572202.0,3873702631.4,2742502631.4
2015-03-16,'600165,新日恒力,14.4,14.73,13.87,14.73,13.39,1.01,7.5429,13.113,25433202,362285314.0,3944930544.0,2792930544.0
2015-03-13,'600165,新日恒力,13.39,13.39,12.31,12.31,12.17,1.22,10.0247,5.4147,10501935,138986017.0,3668237498.9,2597037498.9
2015-03-12,'600165,新日恒力,12.17,12.94,11.76,12.94,11.76,0.41,3.4864,7.328,14213009,175264114.0,3334014216.7,2360414216.7
2015-03-11,'600165,新日恒力,0.0,0.0,0.0,0.0,11.76,None,None,0.0,0,0.0,3221693277.6,2280893277.6
2015-03-10,'600165,新日恒力,11.76,11.87,11.3,11.41,11.39,0.37,3.2485,1.9806,3841479,44615694.0,3221693277.6,2280893277.6
2015-03-09,'600165,新日恒力,11.39,11.68,11.2,11.68,11.69,-0.3,-2.5663,2.2353,4335464,49154638.0,3120330478.9,2209130478.9
2015-03-06,'600165,新日恒力,11.69,11.83,11.61,11.68,11.67,0.02,0.1714,1.1166,2165647,25373647.0,3202516531.9,2267316531.9
2015-03-05,'600165,新日恒力,11.67,11.86,11.2,11.8,11.78,-0.11,-0.9338,1.5456,2997665,34913396.0,3197037461.7,2263437461.7
2015-03-04,'600165,新日恒力,11.78,11.96,11.61,11.61,11.66,0.12,1.0292,2.2579,4379306,51972880.0,3227172347.8,2284772347.8
2015-03-03,'600165,新日恒力,11.66,11.78,11.55,11.7,11.85,-0.19,-1.6034,1.8495,3587254,41828009.0,3194297926.6,2261497926.6
2015-03-02,'600165,新日恒力,11.85,11.95,11.37,11.78,11.77,0.08,0.6797,2.6045,5051466,58940380.0,3246349093.5,2298349093.5
2015-02-27,'600165,新日恒力,11.77,11.97,11.62,11.78,11.78,-0.01,-0.0849,1.5633,3032013,35637305.0,3224432812.7,2282832812.7
2015-02-26,'600165,新日恒力,11.78,12.24,11.72,11.99,11.99,-0.21,-1.7515,2.0085,3895612,46518858.0,3227172347.8,2284772347.8
2015-02-25,'600165,新日恒力,11.99,12.15,11.89,11.99,11.95,0.04,0.3347,1.4076,2730170,32746931.0,3284702584.9,2325502584.9
2015-02-17,'600165,新日恒力,11.95,12.09,11.72,11.87,11.75,0.2,1.7021,2.2983,4457666,53177690.0,3273744444.5,2317744444.5
2015-02-16,'600165,新日恒力,11.75,11.85,11.43,11.45,11.49,0.26,2.2628,2.3155,4491037,52618371.0,3218953742.5,2278953742.5
2015-02-13,'600165,新日恒力,11.49,11.78,11.34,11.65,11.59,-0.1,-0.8628,2.6196,5080772,58846937.0,3147725829.9,2228525829.9
2015-02-12,'600165,新日恒力,11.59,11.79,11.16,11.3,11.43,0.16,1.3998,2.5135,4874955,56122914.0,3175121180.9,2247921180.9
2015-02-11,'600165,新日恒力,11.43,11.73,10.76,10.85,10.86,0.57,5.2486,2.3089,4478220,50486186.0,3131288619.3,2216888619.3
2015-02-10,'600165,新日恒力,10.86,11.12,10.69,10.88,10.95,-0.09,-0.8219,1.5418,2990337,32561134.0,2975135118.6,2106335118.6
2015-02-09,'600165,新日恒力,10.95,11.3,10.85,11.18,11.13,-0.18,-1.6173,1.8905,3666741,40513889.0,2999790934.5,2123790934.5
2015-02-06,'600165,新日恒力,11.13,11.75,10.97,11.42,11.54,-0.41,-3.5529,3.0774,5968704,67750934.0,3049102566.3,2158702566.3
2015-02-05,'600165,新日恒力,11.54,12.04,11.28,11.4,11.46,0.08,0.6981,5.3717,10418617,122041318.0,3161423505.4,2238223505.4
