2016-02-05,'600195,中牧股份,15.85,16.18,15.72,16.0,16.17,-0.32,-1.979,0.8524,3663472,58284087.0,6812330000.0,6812330000.0
2016-02-04,'600195,中牧股份,16.17,16.2,15.72,15.88,15.76,0.41,2.6015,1.4656,6299305,101015157.0,6949866000.0,6949866000.0
2016-02-03,'600195,中牧股份,15.76,15.9,15.33,15.53,15.85,-0.09,-0.5678,1.0547,4532946,70556193.0,6773648000.0,6773648000.0
2016-02-02,'600195,中牧股份,15.85,15.9,14.96,14.99,14.9,0.95,6.3758,1.4521,6241289,96780501.0,6812330000.0,6812330000.0
2016-02-01,'600195,中牧股份,14.9,15.3,14.74,15.25,15.28,-0.38,-2.4869,0.9554,4106357,61685159.0,6404020000.0,6404020000.0
2016-01-29,'600195,中牧股份,15.28,15.5,14.48,14.51,14.58,0.7,4.8011,1.8956,8147435,122776774.0,6567344000.0,6567344000.0
2016-01-28,'600195,中牧股份,14.58,15.36,14.55,15.26,15.46,-0.88,-5.6921,1.321,5677462,85195916.0,6266484000.0,6266484000.0
2016-01-27,'600195,中牧股份,15.46,16.08,14.82,15.91,15.85,-0.39,-2.4606,1.7827,7661909,117661983.0,6644708000.0,6644708000.0
2016-01-26,'600195,中牧股份,15.85,17.45,15.76,17.15,17.51,-1.66,-9.4803,1.8932,8137044,135613304.0,6812330000.0,6812330000.0
2016-01-25,'600195,中牧股份,17.51,17.6,17.32,17.56,17.4,0.11,0.6322,1.6722,7187326,125608250.0,7525798000.0,7525798000.0
2016-01-22,'600195,中牧股份,17.4,17.72,16.78,17.69,17.44,-0.04,-0.2294,1.6636,7150324,123802201.0,7478520000.0,7478520000.0
2016-01-21,'600195,中牧股份,17.44,18.8,17.4,18.35,18.75,-1.31,-6.9867,2.1534,9255309,168363338.0,7495712000.0,7495712000.0
2016-01-20,'600195,中牧股份,18.75,19.19,18.53,19.06,19.3,-0.55,-2.8497,2.1686,9320589,175973779.0,8058750000.0,8058750000.0
2016-01-19,'600195,中牧股份,19.3,19.4,18.28,18.8,18.88,0.42,2.2246,2.9429,12648539,238287982.0,8295140000.0,8295140000.0
2016-01-18,'600195,中牧股份,18.88,19.2,17.98,18.29,18.82,0.06,0.3188,1.4644,6293834,118294188.0,8114624000.0,8114624000.0
2016-01-15,'600195,中牧股份,18.82,19.37,18.61,19.17,19.54,-0.72,-3.6847,2.0658,8878852,168935390.0,8088836000.0,8088836000.0
2016-01-14,'600195,中牧股份,19.54,20.37,17.2,17.74,18.52,1.02,5.5076,2.7503,11820887,217802884.0,8398292000.0,8398292000.0
2016-01-13,'600195,中牧股份,18.52,19.65,18.43,18.8,18.74,-0.22,-1.174,2.8666,12320758,236259820.0,7959896000.0,7959896000.0
2016-01-12,'600195,中牧股份,18.74,18.77,17.8,18.22,18.13,0.61,3.3646,2.0543,8829567,162335065.0,8054452000.0,8054452000.0
2016-01-11,'600195,中牧股份,18.13,19.12,18.02,18.32,18.79,-0.66,-3.5125,2.3916,10278944,192047188.0,7792274000.0,7792274000.0
2016-01-08,'600195,中牧股份,18.79,19.14,17.59,18.8,18.33,0.46,2.5095,2.4277,10434308,195000116.0,8075942000.0,8075942000.0
2016-01-07,'600195,中牧股份,18.33,19.9,18.3,19.9,20.33,-2.0,-9.8377,0.5605,2408945,46008019.0,7878234000.0,7878234000.0
2016-01-06,'600195,中牧股份,20.33,20.47,19.69,20.0,20.22,0.11,0.544,2.2982,9877611,198449656.0,8737834000.0,8737834000.0
2016-01-05,'600195,中牧股份,20.22,20.28,18.5,18.8,19.38,0.84,4.3344,3.4051,14634959,284686873.0,8690556000.0,8690556000.0
2016-01-04,'600195,中牧股份,19.38,21.37,19.32,21.37,21.38,-2.0,-9.3545,1.7757,7632083,156170051.0,8329524000.0,8329524000.0
2015-12-31,'600195,中牧股份,21.38,21.69,21.16,21.62,21.6,-0.22,-1.0185,1.8807,8083058,172699481.0,9189124000.0,9189124000.0
2015-12-30,'600195,中牧股份,21.6,21.66,21.25,21.3,21.28,0.32,1.5038,2.1129,9081454,194941384.0,9283680000.0,9283680000.0
2015-12-29,'600195,中牧股份,21.28,22.25,20.93,22.2,22.07,-0.79,-3.5795,4.4829,19267660,411219989.0,9146144000.0,9146144000.0
2015-12-28,'600195,中牧股份,22.07,23.0,22.02,22.6,22.82,-0.75,-3.2866,2.3127,9939859,224687436.0,9485686000.0,9485686000.0
2015-12-25,'600195,中牧股份,22.82,23.13,22.61,22.75,22.76,0.06,0.2636,1.7666,7592663,173683053.0,9808036000.0,9808036000.0
2015-12-24,'600195,中牧股份,22.76,23.47,22.01,23.35,23.33,-0.57,-2.4432,3.1609,13585688,307603536.0,9782248000.0,9782248000.0
2015-12-23,'600195,中牧股份,23.33,23.66,23.11,23.36,23.52,-0.19,-0.8078,4.1355,17774580,414166663.0,10027234000.0,10027234000.0
2015-12-22,'600195,中牧股份,23.52,24.7,23.21,24.0,22.87,0.65,2.8422,9.5078,40864614,971563381.0,10108896000.0,10108896000.0
2015-12-21,'600195,中牧股份,22.87,22.87,22.87,22.87,20.79,2.08,10.0048,0.1948,837424,19151887.0,9829526000.0,9829526000.0
2015-12-18,'600195,中牧股份,20.79,20.79,20.79,20.79,18.9,1.89,10.0,0.0504,216701,4505214.0,8935542000.0,8935542000.0
2015-12-17,'600195,中牧股份,18.9,18.9,18.9,18.9,17.18,1.72,10.0116,0.041,176106,3328403.0,8123220000.0,8123220000.0
2015-12-16,'600195,中牧股份,0.0,0.0,0.0,0.0,17.18,None,None,0.0,0,0.0,7383964000.0,7383964000.0
2015-12-15,'600195,中牧股份,0.0,0.0,0.0,0.0,17.18,None,None,0.0,0,0.0,7383964000.0,7383964000.0
2015-12-14,'600195,中牧股份,0.0,0.0,0.0,0.0,17.18,None,None,0.0,0,0.0,7383964000.0,7383964000.0
2015-12-11,'600195,中牧股份,0.0,0.0,0.0,0.0,17.18,None,None,0.0,0,0.0,7383964000.0,7383964000.0
2015-12-10,'600195,中牧股份,0.0,0.0,0.0,0.0,17.18,None,None,0.0,0,0.0,7383964000.0,7383964000.0
2015-12-09,'600195,中牧股份,0.0,0.0,0.0,0.0,17.18,None,None,0.0,0,0.0,7383964000.0,7383964000.0
2015-12-08,'600195,中牧股份,0.0,0.0,0.0,0.0,17.18,None,None,0.0,0,0.0,7383964000.0,7383964000.0
2015-12-07,'600195,中牧股份,0.0,0.0,0.0,0.0,17.18,None,None,0.0,0,0.0,7383964000.0,7383964000.0
2015-12-04,'600195,中牧股份,0.0,0.0,0.0,0.0,17.18,None,None,0.0,0,0.0,7383964000.0,7383964000.0
2015-12-03,'600195,中牧股份,0.0,0.0,0.0,0.0,17.18,None,None,0.0,0,0.0,7383964000.0,7383964000.0
2015-12-02,'600195,中牧股份,0.0,0.0,0.0,0.0,17.18,None,None,0.0,0,0.0,7383964000.0,7383964000.0
2015-12-01,'600195,中牧股份,0.0,0.0,0.0,0.0,17.18,None,None,0.0,0,0.0,7383964000.0,7383964000.0
2015-11-30,'600195,中牧股份,0.0,0.0,0.0,0.0,17.18,None,None,0.0,0,0.0,7383964000.0,7383964000.0
2015-11-27,'600195,中牧股份,0.0,0.0,0.0,0.0,17.18,None,None,0.0,0,0.0,7383964000.0,7383964000.0
2015-11-26,'600195,中牧股份,0.0,0.0,0.0,0.0,17.18,None,None,0.0,0,0.0,7383964000.0,7383964000.0
2015-11-25,'600195,中牧股份,0.0,0.0,0.0,0.0,17.18,None,None,0.0,0,0.0,7383964000.0,7383964000.0
2015-11-24,'600195,中牧股份,0.0,0.0,0.0,0.0,17.18,None,None,0.0,0,0.0,7383964000.0,7383964000.0
2015-11-23,'600195,中牧股份,0.0,0.0,0.0,0.0,17.18,None,None,0.0,0,0.0,7383964000.0,7383964000.0
2015-11-20,'600195,中牧股份,0.0,0.0,0.0,0.0,17.18,None,None,0.0,0,0.0,7383964000.0,7383964000.0
2015-11-19,'600195,中牧股份,0.0,0.0,0.0,0.0,17.18,None,None,0.0,0,0.0,7383964000.0,7383964000.0
2015-11-18,'600195,中牧股份,0.0,0.0,0.0,0.0,17.18,None,None,0.0,0,0.0,7383964000.0,7383964000.0
2015-11-17,'600195,中牧股份,0.0,0.0,0.0,0.0,17.18,None,None,0.0,0,0.0,7383964000.0,7383964000.0
2015-11-16,'600195,中牧股份,0.0,0.0,0.0,0.0,17.18,None,None,0.0,0,0.0,7383964000.0,7383964000.0
2015-11-13,'600195,中牧股份,0.0,0.0,0.0,0.0,17.18,None,None,0.0,0,0.0,7383964000.0,7383964000.0
2015-11-12,'600195,中牧股份,0.0,0.0,0.0,0.0,17.18,None,None,0.0,0,0.0,7383964000.0,7383964000.0
2015-11-11,'600195,中牧股份,0.0,0.0,0.0,0.0,17.18,None,None,0.0,0,0.0,7383964000.0,7383964000.0
2015-11-10,'600195,中牧股份,0.0,0.0,0.0,0.0,17.18,None,None,0.0,0,0.0,7383964000.0,7383964000.0
2015-11-09,'600195,中牧股份,0.0,0.0,0.0,0.0,17.18,None,None,0.0,0,0.0,7383964000.0,7383964000.0
2015-11-06,'600195,中牧股份,0.0,0.0,0.0,0.0,17.18,None,None,0.0,0,0.0,7383964000.0,7383964000.0
2015-11-05,'600195,中牧股份,0.0,0.0,0.0,0.0,17.18,None,None,0.0,0,0.0,7383964000.0,7383964000.0
2015-11-04,'600195,中牧股份,0.0,0.0,0.0,0.0,17.18,None,None,0.0,0,0.0,7383964000.0,7383964000.0
2015-11-03,'600195,中牧股份,0.0,0.0,0.0,0.0,17.18,None,None,0.0,0,0.0,7383964000.0,7383964000.0
2015-11-02,'600195,中牧股份,0.0,0.0,0.0,0.0,17.18,None,None,0.0,0,0.0,7383964000.0,7383964000.0
2015-10-30,'600195,中牧股份,0.0,0.0,0.0,0.0,17.18,None,None,0.0,0,0.0,7383964000.0,7383964000.0
2015-10-29,'600195,中牧股份,0.0,0.0,0.0,0.0,17.18,None,None,0.0,0,0.0,7383964000.0,7383964000.0
2015-10-28,'600195,中牧股份,0.0,0.0,0.0,0.0,17.18,None,None,0.0,0,0.0,7383964000.0,7383964000.0
2015-10-27,'600195,中牧股份,0.0,0.0,0.0,0.0,17.18,None,None,0.0,0,0.0,7383964000.0,7383964000.0
2015-10-26,'600195,中牧股份,0.0,0.0,0.0,0.0,17.18,None,None,0.0,0,0.0,7383964000.0,7383964000.0
2015-10-23,'600195,中牧股份,0.0,0.0,0.0,0.0,17.18,None,None,0.0,0,0.0,7383964000.0,7383964000.0
2015-10-22,'600195,中牧股份,0.0,0.0,0.0,0.0,17.18,None,None,0.0,0,0.0,7383964000.0,7383964000.0
2015-10-21,'600195,中牧股份,0.0,0.0,0.0,0.0,17.18,None,None,0.0,0,0.0,7383964000.0,7383964000.0
2015-10-20,'600195,中牧股份,0.0,0.0,0.0,0.0,17.18,None,None,0.0,0,0.0,7383964000.0,7383964000.0
2015-10-19,'600195,中牧股份,0.0,0.0,0.0,0.0,17.18,None,None,0.0,0,0.0,7383964000.0,7383964000.0
2015-10-16,'600195,中牧股份,0.0,0.0,0.0,0.0,17.18,None,None,0.0,0,0.0,7383964000.0,7383964000.0
2015-10-15,'600195,中牧股份,0.0,0.0,0.0,0.0,17.18,None,None,0.0,0,0.0,7383964000.0,7383964000.0
2015-10-14,'600195,中牧股份,0.0,0.0,0.0,0.0,17.18,None,None,0.0,0,0.0,7383964000.0,7383964000.0
2015-10-13,'600195,中牧股份,0.0,0.0,0.0,0.0,17.18,None,None,0.0,0,0.0,7383964000.0,7383964000.0
2015-10-12,'600195,中牧股份,0.0,0.0,0.0,0.0,17.18,None,None,0.0,0,0.0,7383964000.0,7383964000.0
2015-10-09,'600195,中牧股份,0.0,0.0,0.0,0.0,17.18,None,None,0.0,0,0.0,7383964000.0,7383964000.0
2015-10-08,'600195,中牧股份,0.0,0.0,0.0,0.0,17.18,None,None,0.0,0,0.0,7383964000.0,7383964000.0
2015-09-30,'600195,中牧股份,0.0,0.0,0.0,0.0,17.18,None,None,0.0,0,0.0,7383964000.0,7383964000.0
2015-09-29,'600195,中牧股份,0.0,0.0,0.0,0.0,17.18,None,None,0.0,0,0.0,7383964000.0,7383964000.0
2015-09-28,'600195,中牧股份,0.0,0.0,0.0,0.0,17.18,None,None,0.0,0,0.0,7383964000.0,7383964000.0
2015-09-25,'600195,中牧股份,0.0,0.0,0.0,0.0,17.18,None,None,0.0,0,0.0,7383964000.0,7383964000.0
2015-09-24,'600195,中牧股份,0.0,0.0,0.0,0.0,17.18,None,None,0.0,0,0.0,7383964000.0,7383964000.0
2015-09-23,'600195,中牧股份,0.0,0.0,0.0,0.0,17.18,None,None,0.0,0,0.0,7383964000.0,7383964000.0
2015-09-22,'600195,中牧股份,0.0,0.0,0.0,0.0,17.18,None,None,0.0,0,0.0,7383964000.0,7383964000.0
2015-09-21,'600195,中牧股份,0.0,0.0,0.0,0.0,17.18,None,None,0.0,0,0.0,7383964000.0,7383964000.0
2015-09-18,'600195,中牧股份,0.0,0.0,0.0,0.0,17.18,None,None,0.0,0,0.0,7383964000.0,7383964000.0
2015-09-17,'600195,中牧股份,0.0,0.0,0.0,0.0,17.18,None,None,0.0,0,0.0,7383964000.0,7383964000.0
2015-09-16,'600195,中牧股份,0.0,0.0,0.0,0.0,17.18,None,None,0.0,0,0.0,7383964000.0,7383964000.0
2015-09-15,'600195,中牧股份,0.0,0.0,0.0,0.0,17.18,None,None,0.0,0,0.0,7383964000.0,7383964000.0
2015-09-14,'600195,中牧股份,0.0,0.0,0.0,0.0,17.18,None,None,0.0,0,0.0,7383964000.0,7383964000.0
2015-09-11,'600195,中牧股份,0.0,0.0,0.0,0.0,17.18,None,None,0.0,0,0.0,7383964000.0,7383964000.0
2015-09-10,'600195,中牧股份,0.0,0.0,0.0,0.0,17.18,None,None,0.0,0,0.0,7383964000.0,7383964000.0
2015-09-09,'600195,中牧股份,0.0,0.0,0.0,0.0,17.18,None,None,0.0,0,0.0,7383964000.0,7383964000.0
2015-09-08,'600195,中牧股份,0.0,0.0,0.0,0.0,17.18,None,None,0.0,0,0.0,7383964000.0,7383964000.0
2015-09-07,'600195,中牧股份,0.0,0.0,0.0,0.0,17.18,None,None,0.0,0,0.0,7383964000.0,7383964000.0
2015-09-02,'600195,中牧股份,0.0,0.0,0.0,0.0,17.18,None,None,0.0,0,0.0,7383964000.0,7383964000.0
2015-09-01,'600195,中牧股份,17.18,18.39,17.18,18.14,19.09,-1.91,-10.0052,2.1601,9283998,163261701.0,7383964000.0,7383964000.0
2015-08-31,'600195,中牧股份,19.09,20.77,19.05,20.77,21.17,-2.08,-9.8252,3.9418,16941930,329878844.0,8204882000.0,8204882000.0
2015-08-28,'600195,中牧股份,21.17,21.46,19.89,20.0,19.51,1.66,8.5085,2.7689,11900581,245677731.0,9098866000.0,9098866000.0
2015-08-27,'600195,中牧股份,19.51,19.51,18.0,18.41,17.74,1.77,9.9775,4.3976,18900739,349859768.0,8385398000.0,8385398000.0
2015-08-26,'600195,中牧股份,17.74,19.5,17.28,19.0,18.52,-0.78,-4.2117,2.543,10929789,203470019.0,7624652000.0,7624652000.0
2015-08-25,'600195,中牧股份,18.52,19.5,18.52,18.54,20.58,-2.06,-10.0097,3.629,15597277,291862413.0,7959896000.0,7959896000.0
2015-08-24,'600195,中牧股份,20.58,21.6,20.58,21.6,22.87,-2.29,-10.0131,1.8149,7800302,161427981.0,8845284000.0,8845284000.0
2015-08-21,'600195,中牧股份,22.87,24.4,22.79,24.0,24.71,-1.84,-7.4464,2.1498,9239816,218714254.0,9829526000.0,9829526000.0
2015-08-20,'600195,中牧股份,24.71,26.93,24.66,26.2,27.06,-2.35,-8.6844,1.7301,7435900,192729768.0,10620358000.0,10620358000.0
2015-08-19,'600195,中牧股份,27.06,27.45,23.98,25.35,26.63,0.43,1.6147,2.2289,9579672,246186138.0,11630388000.0,11630388000.0
2015-08-18,'600195,中牧股份,26.63,29.95,26.63,29.95,29.59,-2.96,-10.0034,3.3286,14306433,398580993.0,11445574000.0,11445574000.0
2015-08-17,'600195,中牧股份,29.59,29.68,27.09,27.3,27.68,1.91,6.9003,3.3771,14514909,414975083.0,12717782000.0,12717782000.0
2015-08-14,'600195,中牧股份,27.68,27.94,26.95,27.6,27.43,0.25,0.9114,2.8047,12054675,331627982.0,11896864000.0,11896864000.0
2015-08-13,'600195,中牧股份,27.43,27.7,25.55,26.32,26.91,0.52,1.9324,2.8119,12085702,320113443.0,11789414000.0,11789414000.0
2015-08-12,'600195,中牧股份,26.91,27.59,25.95,26.2,26.53,0.38,1.4323,2.9245,12569453,339172482.0,11565918000.0,11565918000.0
2015-08-11,'600195,中牧股份,26.53,27.38,25.79,26.65,26.74,-0.21,-0.7853,2.9622,12731445,337949956.0,11402594000.0,11402594000.0
2015-08-10,'600195,中牧股份,26.74,26.95,25.28,25.28,24.99,1.75,7.0028,2.9558,12704098,334604655.0,11492852000.0,11492852000.0
2015-08-07,'600195,中牧股份,24.99,25.3,24.33,24.33,24.17,0.82,3.3926,2.0232,8695694,216786052.0,10740702000.0,10740702000.0
2015-08-06,'600195,中牧股份,24.17,24.54,23.38,23.66,24.47,-0.3,-1.226,1.3265,5701457,137322827.0,10388266000.0,10388266000.0
2015-08-05,'600195,中牧股份,24.47,25.33,24.05,24.5,24.76,-0.29,-1.1712,2.4155,10381655,256676979.0,10517206000.0,10517206000.0
2015-08-04,'600195,中牧股份,24.76,24.96,23.23,23.25,23.31,1.45,6.2205,2.7447,11796658,284697924.0,10641848000.0,10641848000.0
2015-08-03,'600195,中牧股份,23.31,25.29,22.7,24.6,24.86,-1.55,-6.2349,2.1853,9392330,224482508.0,10018638000.0,10018638000.0
2015-07-31,'600195,中牧股份,24.86,25.81,24.1,24.79,25.3,-0.44,-1.7391,1.9334,8309832,206679494.0,10684828000.0,10684828000.0
2015-07-30,'600195,中牧股份,25.3,26.77,24.4,26.08,26.18,-0.88,-3.3613,3.5382,15207342,396537784.0,10873940000.0,10873940000.0
2015-07-29,'600195,中牧股份,26.18,26.22,23.75,23.84,23.84,2.34,9.8154,3.0324,13033083,321849324.0,11252164000.0,11252164000.0
2015-07-28,'600195,中牧股份,23.84,24.5,21.52,22.41,22.88,0.96,4.1958,3.5652,15323276,354227214.0,10246432000.0,10246432000.0
2015-07-27,'600195,中牧股份,22.88,26.44,22.8,24.6,25.33,-2.45,-9.6723,4.4338,19056428,477418103.0,9833824000.0,9833824000.0
2015-07-24,'600195,中牧股份,25.33,26.85,25.0,26.8,26.58,-1.25,-4.7028,2.8746,12354926,322412752.0,10886834000.0,10886834000.0
2015-07-23,'600195,中牧股份,26.58,26.8,25.95,26.14,26.09,0.49,1.8781,2.6865,11546739,305137734.0,11424084000.0,11424084000.0
2015-07-22,'600195,中牧股份,26.09,27.17,25.3,26.42,26.32,-0.23,-0.8739,3.6165,15543874,408943451.0,11213482000.0,11213482000.0
2015-07-21,'600195,中牧股份,26.32,26.97,24.0,25.0,24.93,1.39,5.5756,4.9721,21370022,553867364.0,11312336000.0,11312336000.0
2015-07-20,'600195,中牧股份,24.93,25.56,23.5,24.19,23.99,0.94,3.9183,3.5214,15134899,374952566.0,10714914000.0,10714914000.0
2015-07-17,'600195,中牧股份,23.99,24.15,21.98,21.98,21.98,2.01,9.1447,3.6445,15664168,370196537.0,10310902000.0,10310902000.0
2015-07-16,'600195,中牧股份,21.98,22.55,19.18,20.93,20.93,1.05,5.0167,2.9672,12753035,274857084.0,9447004000.0,9447004000.0
2015-07-15,'600195,中牧股份,20.93,23.7,20.93,22.4,23.25,-2.32,-9.9785,3.391,14574585,322554360.0,8995714000.0,8995714000.0
2015-07-14,'600195,中牧股份,23.25,25.09,22.5,23.06,22.9,0.35,1.5284,5.6958,24480690,583801104.0,9992850000.0,9992850000.0
2015-07-13,'600195,中牧股份,22.9,22.9,22.0,22.87,20.82,2.08,9.9904,3.5419,15223153,346179573.0,9842420000.0,9842420000.0
2015-07-10,'600195,中牧股份,20.82,20.82,19.97,20.3,18.93,1.89,9.9842,1.1272,4844576,99508855.0,8948436000.0,8948436000.0
2015-07-09,'600195,中牧股份,18.93,18.93,17.42,17.75,17.21,1.72,9.9942,3.2182,13831864,257496528.0,8136114000.0,8136114000.0
2015-07-08,'600195,中牧股份,17.21,20.35,16.65,16.65,18.5,-1.29,-6.973,9.9855,42917670,768526462.0,7396858000.0,7396858000.0
2015-07-07,'600195,中牧股份,18.5,19.72,18.5,19.39,20.56,-2.06,-10.0195,2.2764,9783761,183371995.0,7951300000.0,7951300000.0
2015-07-06,'600195,中牧股份,20.56,24.6,20.33,24.0,22.59,-2.03,-8.9863,4.7889,20582709,451896641.0,8836688000.0,8836688000.0
2015-07-03,'600195,中牧股份,22.59,23.28,20.96,22.66,23.29,-0.7,-3.0056,3.7731,16216751,354848593.0,9709182000.0,9709182000.0
2015-07-02,'600195,中牧股份,23.29,25.28,22.76,24.4,25.29,-2.0,-7.9083,4.0612,17455015,408176615.0,10010042000.0,10010042000.0
2015-07-01,'600195,中牧股份,25.29,28.46,25.29,27.9,28.1,-2.81,-10.0,2.4809,10663065,290933819.0,10869642000.0,10869642000.0
2015-06-30,'600195,中牧股份,28.1,29.0,24.1,25.88,26.78,1.32,4.9291,3.5053,15065940,397571048.0,12077380000.0,12077380000.0
2015-06-29,'600195,中牧股份,26.78,30.71,26.78,30.68,29.76,-2.98,-10.0134,3.069,13190637,365422197.0,11510044000.0,11510044000.0
2015-06-26,'600195,中牧股份,29.76,32.88,29.76,31.5,33.07,-3.31,-10.0091,2.8796,12376634,381705524.0,12790848000.0,12790848000.0
2015-06-25,'600195,中牧股份,33.07,34.57,32.33,33.3,33.04,0.03,0.0908,4.0629,17462390,586016750.0,14213486000.0,14213486000.0
2015-06-24,'600195,中牧股份,33.04,33.04,30.2,30.2,30.04,3.0,9.9867,3.6497,15686572,494459697.0,14200592000.0,14200592000.0
2015-06-23,'600195,中牧股份,30.04,30.98,27.3,29.9,30.15,-0.11,-0.3648,1.9438,8354641,243912781.0,12911192000.0,12911192000.0
2015-06-19,'600195,中牧股份,30.15,32.5,29.5,31.87,32.23,-2.08,-6.4536,2.0521,8819871,270265764.0,12958470000.0,12958470000.0
2015-06-18,'600195,中牧股份,32.23,34.28,31.8,33.7,33.31,-1.08,-3.2423,1.6624,7144899,238485256.0,13852454000.0,13852454000.0
2015-06-17,'600195,中牧股份,33.31,33.55,31.34,32.4,32.71,0.6,1.8343,2.1393,9194857,299195414.0,14316638000.0,14316638000.0
2015-06-16,'600195,中牧股份,32.71,35.69,32.25,34.8,35.77,-3.06,-8.5547,2.9447,12656382,425900411.0,14058758000.0,14058758000.0
2015-06-15,'600195,中牧股份,35.77,39.29,35.6,38.17,38.07,-2.3,-6.0415,3.1242,13427697,502385664.0,15373946000.0,15373946000.0
2015-06-12,'600195,XD中牧股,38.07,38.18,36.55,37.35,37.08,0.99,2.6699,2.1036,9041324,339731905.0,16362486000.0,16362486000.0
2015-06-11,'600195,中牧股份,37.28,38.18,36.81,36.9,36.86,0.42,1.1394,2.435,10465419,390378340.0,16022944000.0,16022944000.0
2015-06-10,'600195,中牧股份,36.86,37.39,35.71,36.2,36.84,0.02,0.0543,2.6122,11227109,410367109.0,15842428000.0,15842428000.0
2015-06-09,'600195,中牧股份,36.84,38.98,36.15,37.78,37.93,-1.09,-2.8737,2.0524,8821090,328922416.0,15833832000.0,15833832000.0
2015-06-08,'600195,中牧股份,37.93,37.98,36.01,37.47,37.47,0.46,1.2276,2.7087,11642108,432599165.0,16302314000.0,16302314000.0
2015-06-05,'600195,中牧股份,37.47,38.29,36.95,38.0,37.51,-0.04,-0.1066,1.8679,8028203,300551812.0,16104606000.0,16104606000.0
2015-06-04,'600195,中牧股份,37.51,38.9,35.3,38.9,39.06,-1.55,-3.9683,2.1652,9305961,344405262.0,16121798000.0,16121798000.0
2015-06-03,'600195,中牧股份,39.06,40.28,37.21,39.31,39.31,-0.25,-0.636,2.8294,12160763,470560424.0,16787988000.0,16787988000.0
2015-06-02,'600195,中牧股份,39.31,39.38,36.21,36.21,36.04,3.27,9.0733,2.6427,11358519,436843229.0,16895438000.0,16895438000.0
2015-06-01,'600195,中牧股份,36.04,36.04,33.07,33.07,32.76,3.28,10.0122,2.8029,12046731,420924389.0,15489992000.0,15489992000.0
2015-05-29,'600195,中牧股份,32.76,33.16,30.6,31.66,32.05,0.71,2.2153,2.2741,9773872,317425864.0,14080248000.0,14080248000.0
2015-05-28,'600195,中牧股份,32.05,34.78,31.28,33.79,33.78,-1.73,-5.1214,2.8346,12183235,405521948.0,13775090000.0,13775090000.0
2015-05-27,'600195,中牧股份,33.78,36.0,33.3,33.65,33.31,0.47,1.411,2.64,11346580,388903672.0,14518644000.0,14518644000.0
2015-05-26,'600195,中牧股份,33.31,33.33,30.85,30.85,30.81,2.5,8.1142,2.1984,9448594,303341694.0,14316638000.0,14316638000.0
2015-05-25,'600195,中牧股份,30.81,31.34,29.6,29.73,30.02,0.79,2.6316,2.1179,9102882,279449351.0,13242138000.0,13242138000.0
2015-05-22,'600195,中牧股份,30.02,30.2,28.65,29.32,29.07,0.95,3.268,2.4569,10559960,308963604.0,12902596000.0,12902596000.0
2015-05-21,'600195,中牧股份,29.07,29.21,27.9,28.07,27.91,1.16,4.1562,2.3435,10072336,287937405.0,12494286000.0,12494286000.0
2015-05-20,'600195,中牧股份,27.91,28.23,27.2,27.23,27.07,0.84,3.1031,1.8019,7744488,216335995.0,11995718000.0,11995718000.0
2015-05-19,'600195,中牧股份,27.07,27.49,26.0,27.31,27.16,-0.09,-0.3314,1.8979,8157136,219872896.0,11634686000.0,11634686000.0
2015-05-18,'600195,中牧股份,27.16,27.28,25.37,25.6,25.82,1.34,5.1898,1.8669,8023847,212157375.0,11673368000.0,11673368000.0
2015-05-15,'600195,中牧股份,25.82,26.53,25.5,26.53,26.59,-0.77,-2.8958,1.3445,5778466,149637945.0,11097436000.0,11097436000.0
2015-05-14,'600195,中牧股份,26.59,26.84,26.1,26.28,26.29,0.3,1.1411,1.495,6425716,170308487.0,11428382000.0,11428382000.0
2015-05-13,'600195,中牧股份,26.29,27.4,26.0,26.5,26.6,-0.31,-1.1654,2.0469,8797730,235263187.0,11299442000.0,11299442000.0
2015-05-12,'600195,中牧股份,26.6,26.88,25.03,25.47,25.38,1.22,4.8069,2.864,12309393,320401126.0,11432680000.0,11432680000.0
2015-05-11,'600195,中牧股份,25.38,25.45,23.98,24.49,24.36,1.02,4.1872,2.9942,12869076,316953474.0,10908324000.0,10908324000.0
2015-05-08,'600195,中牧股份,24.36,24.39,23.98,24.2,23.76,0.6,2.5253,2.1666,9312196,224761608.0,10469928000.0,10469928000.0
2015-05-07,'600195,中牧股份,23.76,24.22,23.33,23.67,23.83,-0.07,-0.2937,1.2084,5193730,123780718.0,10212048000.0,10212048000.0
2015-05-06,'600195,中牧股份,23.83,24.87,23.51,24.5,24.44,-0.61,-2.4959,1.6103,6920989,167929093.0,10242134000.0,10242134000.0
2015-05-05,'600195,中牧股份,24.44,25.99,24.28,25.81,26.02,-1.58,-6.0723,2.2194,9539132,240086318.0,10504312000.0,10504312000.0
2015-05-04,'600195,中牧股份,26.02,26.18,24.65,24.98,25.17,0.85,3.377,2.0445,8787119,222683899.0,11183396000.0,11183396000.0
2015-04-30,'600195,中牧股份,25.17,25.56,24.4,24.4,24.23,0.94,3.8795,2.5117,10795146,271241992.0,10818066000.0,10818066000.0
2015-04-29,'600195,中牧股份,24.23,24.48,23.75,23.81,23.94,0.29,1.2114,1.4401,6189640,149608211.0,10414054000.0,10414054000.0
2015-04-28,'600195,中牧股份,23.94,25.19,23.64,24.98,24.98,-1.04,-4.1633,1.7996,7734724,187627096.0,10289412000.0,10289412000.0
2015-04-27,'600195,中牧股份,24.98,25.31,24.3,24.95,24.82,0.16,0.6446,2.2826,9810733,242891655.0,10736404000.0,10736404000.0
2015-04-24,'600195,中牧股份,24.82,25.0,23.88,24.49,25.0,-0.18,-0.72,2.2879,9833421,240417376.0,10667636000.0,10667636000.0
2015-04-23,'600195,中牧股份,25.0,25.44,24.15,24.4,24.06,0.94,3.9069,3.3397,14354090,356701005.0,10745000000.0,10745000000.0
2015-04-22,'600195,中牧股份,24.06,24.52,22.68,22.68,22.65,1.41,6.2252,2.9094,12504493,299642294.0,10340988000.0,10340988000.0
2015-04-21,'600195,中牧股份,22.65,22.67,21.84,21.84,21.94,0.71,3.2361,1.5769,6777310,151174993.0,9734970000.0,9734970000.0
2015-04-20,'600195,中牧股份,21.94,22.62,21.86,22.58,22.67,-0.73,-3.2201,2.1616,9290352,206404435.0,9429812000.0,9429812000.0
2015-04-17,'600195,中牧股份,22.67,22.73,21.87,22.1,22.1,0.57,2.5792,2.3724,10196693,226309967.0,9743566000.0,9743566000.0
2015-04-16,'600195,中牧股份,22.1,22.3,21.2,21.8,21.92,0.18,0.8212,1.364,5862284,128274915.0,9498580000.0,9498580000.0
2015-04-15,'600195,中牧股份,21.92,22.74,21.61,22.7,22.7,-0.78,-3.4361,1.6542,7109832,157127906.0,9421216000.0,9421216000.0
2015-04-14,'600195,中牧股份,22.7,23.39,22.56,23.12,23.12,-0.42,-1.8166,2.1927,9424389,216672354.0,9756460000.0,9756460000.0
2015-04-13,'600195,中牧股份,23.12,23.31,22.04,22.35,22.27,0.85,3.8168,2.4235,10416226,236769134.0,9936976000.0,9936976000.0
2015-04-10,'600195,中牧股份,22.27,22.45,21.7,21.75,21.93,0.34,1.5504,1.4697,6316763,140203299.0,9571646000.0,9571646000.0
2015-04-09,'600195,中牧股份,21.93,22.38,21.1,22.35,22.23,-0.3,-1.3495,2.2644,9732551,210674329.0,9425514000.0,9425514000.0
2015-04-08,'600195,中牧股份,22.23,23.1,21.88,22.92,22.92,-0.69,-3.0105,2.173,9339750,209366833.0,9554454000.0,9554454000.0
2015-04-07,'600195,中牧股份,22.92,23.18,22.6,22.6,22.6,0.32,1.4159,1.8795,8078072,184955742.0,9851016000.0,9851016000.0
2015-04-03,'600195,中牧股份,22.6,22.66,21.43,21.6,21.77,0.83,3.8126,2.5097,10786561,239755700.0,9713480000.0,9713480000.0
2015-04-02,'600195,中牧股份,21.77,21.94,21.52,21.8,21.69,0.08,0.3688,1.9365,8322994,180480050.0,9356746000.0,9356746000.0
2015-04-01,'600195,中牧股份,21.69,21.95,21.05,21.2,21.22,0.47,2.2149,2.0125,8649596,186168442.0,9322362000.0,9322362000.0
2015-03-31,'600195,中牧股份,21.22,21.66,21.02,21.04,21.1,0.12,0.5687,2.418,10392556,220887712.0,9120356000.0,9120356000.0
2015-03-30,'600195,中牧股份,21.1,21.83,20.76,21.28,21.26,-0.16,-0.7526,2.6739,11492368,243235389.0,9068780000.0,9068780000.0
2015-03-27,'600195,中牧股份,21.26,22.27,21.17,21.28,21.07,0.19,0.9018,2.8569,12278886,264359518.0,9137548000.0,9137548000.0
2015-03-26,'600195,中牧股份,21.07,22.1,19.91,20.1,20.09,0.98,4.878,4.1753,17945335,382925515.0,9055886000.0,9055886000.0
2015-03-25,'600195,中牧股份,20.09,20.4,19.82,20.4,20.5,-0.41,-2.0,2.3664,10170966,204905655.0,8634682000.0,8634682000.0
2015-03-24,'600195,中牧股份,20.5,20.77,19.5,20.77,20.86,-0.36,-1.7258,3.5007,15046040,303147959.0,8810900000.0,8810900000.0
2015-03-23,'600195,中牧股份,20.86,20.9,19.81,20.05,19.94,0.92,4.6138,2.7005,11606812,233836441.0,8965628000.0,8965628000.0
2015-03-20,'600195,中牧股份,19.94,19.99,19.41,19.5,19.51,0.43,2.204,1.8269,7851831,155148156.0,8570212000.0,8570212000.0
2015-03-19,'600195,中牧股份,19.51,19.55,19.21,19.3,19.25,0.26,1.3506,1.9481,8372915,162106686.0,8385398000.0,8385398000.0
2015-03-18,'600195,中牧股份,19.25,19.35,18.92,18.92,18.91,0.34,1.798,1.6831,7233836,138492539.0,8273650000.0,8273650000.0
2015-03-17,'600195,中牧股份,18.91,19.24,18.8,19.17,19.13,-0.22,-1.15,2.1333,9169005,174565234.0,8127518000.0,8127518000.0
2015-03-16,'600195,中牧股份,19.13,19.27,18.83,18.83,18.72,0.41,2.1902,2.1534,9255463,176557090.0,8222074000.0,8222074000.0
2015-03-13,'600195,中牧股份,18.72,18.84,18.12,18.12,18.3,0.42,2.2951,2.1044,9044515,167872489.0,8045856000.0,8045856000.0
2015-03-12,'600195,中牧股份,18.3,18.33,17.62,17.75,17.71,0.59,3.3315,1.6177,6953028,125355577.0,7865340000.0,7865340000.0
2015-03-11,'600195,中牧股份,17.71,18.24,17.69,18.05,18.09,-0.38,-2.1006,1.0291,4423173,78915709.0,7611758000.0,7611758000.0
2015-03-10,'600195,中牧股份,18.09,18.13,17.8,17.93,17.93,0.16,0.8924,1.0634,4570602,82222138.0,7775082000.0,7775082000.0
2015-03-09,'600195,中牧股份,17.93,18.0,17.42,17.5,17.74,0.19,1.071,0.8378,3600963,64053783.0,7706314000.0,7706314000.0
2015-03-06,'600195,中牧股份,17.74,18.13,17.64,18.08,18.07,-0.33,-1.8262,1.3438,5775440,102723832.0,7624652000.0,7624652000.0
2015-03-05,'600195,中牧股份,18.07,18.39,17.92,18.29,18.29,-0.22,-1.2028,1.6354,7029144,127525778.0,7766486000.0,7766486000.0
2015-03-04,'600195,中牧股份,18.29,18.41,17.93,18.0,18.1,0.19,1.0497,2.4962,10728830,195436526.0,7861042000.0,7861042000.0
2015-03-03,'600195,中牧股份,18.1,18.35,17.21,17.35,17.42,0.68,3.9036,3.1821,13676597,245056848.0,7779380000.0,7779380000.0
2015-03-02,'600195,中牧股份,17.42,17.53,17.21,17.48,17.4,0.02,0.1149,1.7125,7360442,127862775.0,7487116000.0,7487116000.0
2015-02-27,'600195,中牧股份,17.4,17.77,17.37,17.54,17.54,-0.14,-0.7982,1.5278,6566615,115521813.0,7478520000.0,7478520000.0
2015-02-26,'600195,中牧股份,17.54,17.6,17.27,17.41,17.42,0.12,0.6889,1.5886,6827856,119169459.0,7538692000.0,7538692000.0
2015-02-25,'600195,中牧股份,17.42,17.52,17.04,17.25,17.25,0.17,0.9855,1.6209,6966477,120642463.0,7487116000.0,7487116000.0
2015-02-17,'600195,中牧股份,17.25,17.31,17.09,17.19,17.24,0.01,0.058,1.0241,4401501,75835604.0,7414050000.0,7414050000.0
2015-02-16,'600195,中牧股份,17.24,17.33,16.94,17.07,17.02,0.22,1.2926,1.3701,5888504,100885912.0,7409752000.0,7409752000.0
2015-02-13,'600195,中牧股份,17.02,17.05,16.74,16.85,16.74,0.28,1.6726,1.5047,6467346,109620109.0,7315196000.0,7315196000.0
2015-02-12,'600195,中牧股份,16.74,16.83,16.4,16.47,16.42,0.32,1.9488,0.8361,3593669,59928010.0,7194852000.0,7194852000.0
2015-02-11,'600195,中牧股份,16.42,16.49,16.31,16.35,16.29,0.13,0.798,0.67,2879796,47251290.0,7057316000.0,7057316000.0
2015-02-10,'600195,中牧股份,16.29,16.31,16.11,16.29,16.21,0.08,0.4935,0.8565,3681333,59621270.0,7001442000.0,7001442000.0
2015-02-09,'600195,中牧股份,16.21,16.3,16.03,16.21,16.25,-0.04,-0.2462,0.7547,3243757,52390332.0,6967058000.0,6967058000.0
2015-02-06,'600195,中牧股份,16.25,16.69,16.23,16.58,16.68,-0.43,-2.5779,1.1124,4781147,78707060.0,6984250000.0,6984250000.0
2015-02-05,'600195,中牧股份,16.68,17.13,16.61,17.05,16.87,-0.19,-1.1263,1.4547,6252354,105800129.0,7169064000.0,7169064000.0
2016-02-15,'600195,中牧股份,15.77,15.93,15.13,15.21,15.85,-0.08,-0.5047,0.9666,4154431,64613855.0,6777946000.0,6777946000.0

