2016-05-13,'600133,东湖高新,7.22,7.33,7.18,7.25,7.19,0.03,0.4172,0.889,4782449,34640173.0,4579341200.48,3883991166.3
2016-05-12,'600133,东湖高新,7.19,7.22,7.03,7.22,7.25,-0.06,-0.8276,1.0503,5650112,40308779.0,4560313466.96,3867852698.85
2016-05-11,'600133,东湖高新,7.25,7.43,7.23,7.4,7.33,-0.08,-1.0914,1.2967,6975556,51187402.0,4598368934.0,3900129633.75
2016-05-10,'600133,东湖高新,7.33,7.4,7.2,7.27,7.29,0.04,0.5487,1.2625,6791465,49704191.0,4649109556.72,3943165546.95
2016-05-09,'600133,东湖高新,7.29,7.72,7.24,7.68,7.82,-0.53,-6.7775,2.3605,12698519,94577093.0,4623739245.36,3921647590.35
2016-05-06,'600133,东湖高新,7.82,8.36,7.81,8.3,8.3,-0.48,-5.7831,3.0788,16562323,133601658.0,4959895870.88,4206760515.3
2016-05-05,'600133,东湖高新,8.3,8.35,8.16,8.17,8.23,0.07,0.8505,2.0731,11152264,92083004.0,5264339607.2,4464975994.5
2016-05-04,'600133,东湖高新,8.23,8.33,8.18,8.25,8.31,-0.08,-0.9627,2.4406,13129139,108289663.0,5219941562.32,4427319570.45
2016-05-03,'600133,东湖高新,8.31,8.4,7.97,8.06,8.04,0.27,3.3582,2.6569,14292931,117420268.0,5270682185.04,4470355483.65
2016-04-29,'600133,东湖高新,8.04,8.16,7.98,8.1,8.17,-0.13,-1.5912,1.6519,8886321,71788264.0,5099432583.36,4325109276.6
2016-04-28,'600133,东湖高新,8.17,8.2,7.89,8.01,8.0,0.17,2.125,2.8744,15462981,125047212.0,5181886095.28,4395042635.55
2016-04-27,'600133,东湖高新,8.0,8.13,7.97,8.03,8.01,-0.01,-0.1248,1.5457,8315186,66837785.0,5074062272.0,4303591320.0
2016-04-26,'600133,东湖高新,8.01,8.02,7.83,7.9,7.92,0.09,1.1364,1.3462,7241919,57468432.0,5080404849.84,4308970809.15
2016-04-25,'600133,东湖高新,7.92,8.0,7.81,8.0,8.03,-0.11,-1.3699,1.2529,6739828,53270420.0,5023321649.28,4260555406.8
2016-04-22,'600133,东湖高新,8.03,8.06,7.88,7.92,7.88,0.15,1.9036,1.4955,8045231,64209429.0,5093090005.52,4319729787.45
2016-04-21,'600133,东湖高新,7.88,8.13,7.86,8.08,8.11,-0.23,-2.836,2.6809,14421650,115567009.0,4997951337.92,4239037450.2
2016-04-20,'600133,东湖高新,8.11,8.85,7.9,8.8,8.76,-0.65,-7.4201,4.9605,26684761,221665656.0,5143830628.24,4362765700.65
2016-04-19,'600133,东湖高新,8.76,8.93,8.62,8.74,8.7,0.06,0.6897,3.514,18903452,165838219.0,5556098187.84,4712432495.4
2016-04-18,'600133,东湖高新,8.7,8.86,8.61,8.76,8.86,-0.16,-1.8059,2.8641,15407531,134374210.0,5518042720.8,4680155560.5
2016-04-15,'600133,东湖高新,8.86,8.87,8.6,8.66,8.68,0.18,2.0737,4.7717,25669243,224756277.0,5619523966.24,4766227386.9
2016-04-14,'600133,东湖高新,8.68,8.72,8.51,8.59,8.54,0.14,1.6393,2.725,14658966,126215377.0,5505357565.12,4669396582.2
2016-04-13,'600133,东湖高新,8.54,8.73,8.51,8.51,8.46,0.08,0.9456,3.5546,19121737,165120455.0,5416561475.36,4594083734.1
2016-04-12,'600133,东湖高新,8.46,8.63,8.33,8.51,8.54,-0.08,-0.9368,2.124,11425828,96755009.0,5365820852.64,4551047820.9
2016-04-11,'600133,东湖高新,8.54,8.65,8.46,8.5,8.43,0.11,1.3049,2.6941,14492790,124154048.0,5416561475.36,4594083734.1
2016-04-08,'600133,东湖高新,8.43,8.5,8.21,8.33,8.51,-0.08,-0.9401,2.8927,15561071,129864710.0,5346793119.12,4534909353.45
2016-04-07,'600133,东湖高新,8.51,8.98,8.5,8.9,8.9,-0.39,-4.382,4.4076,23710675,205921841.0,5397533741.84,4577945266.65
2016-04-06,'600133,东湖高新,8.9,8.92,8.52,8.53,8.62,0.28,3.2483,6.3719,34277590,300517643.0,5644894277.6,4787745343.5
2016-04-05,'600133,东湖高新,8.62,8.64,8.38,8.48,8.44,0.18,2.1327,4.1176,22150662,189153481.0,5467302098.08,4637119647.3
2016-04-01,'600133,东湖高新,8.44,8.55,8.25,8.53,8.62,-0.18,-2.0882,4.331,23298768,195465353.0,5353135696.96,4540288842.6
2016-03-31,'600133,东湖高新,8.62,8.85,8.59,8.79,8.9,-0.28,-3.1461,6.8765,36992028,322431209.0,5467302098.08,4637119647.3
2016-03-30,'600133,东湖高新,8.9,9.05,8.42,8.6,8.67,0.23,2.6528,9.9642,53602281,462850431.0,5644894277.6,4787745343.5
2016-03-29,'600133,东湖高新,8.67,8.9,8.33,8.55,8.67,0.0,0.0,12.3669,66527635,571280199.0,5499014987.28,4664017093.05
2016-03-28,'600133,东湖高新,8.67,8.67,7.86,7.94,7.88,0.79,10.0254,11.5961,62380872,526227602.0,5499014987.28,4664017093.05
2016-03-25,'600133,东湖高新,7.88,7.89,7.72,7.74,7.74,0.14,1.8088,1.7624,9480990,73978202.0,4997951337.92,4239037450.2
2016-03-24,'600133,东湖高新,7.74,7.92,7.73,7.89,7.97,-0.23,-2.8858,2.3207,12484245,97713366.0,4909155248.16,4163724602.1
2016-03-23,'600133,东湖高新,7.97,7.99,7.77,7.87,7.93,0.04,0.5044,2.6326,14162043,111406745.0,5055034538.48,4287452852.55
2016-03-22,'600133,东湖高新,7.93,8.11,7.8,7.81,7.9,0.03,0.3797,3.7165,19993128,159051995.0,5029664227.12,4265934895.95
2016-03-21,'600133,东湖高新,7.9,7.91,7.71,7.8,7.72,0.18,2.3316,3.5417,19052295,149125010.0,5010636493.6,4249796428.5
2016-03-18,'600133,东湖高新,7.72,7.77,7.38,7.44,7.38,0.34,4.607,3.7679,20269604,154330112.0,4896470092.48,4152965623.8
2016-03-17,'600133,东湖高新,7.38,7.43,7.17,7.22,7.21,0.17,2.3578,1.9884,10696545,78454661.0,4680822445.92,3970062992.7
2016-03-16,'600133,东湖高新,7.21,7.43,7.2,7.35,7.29,-0.08,-1.0974,1.5037,8089002,59203153.0,4572998622.64,3878611677.15
2016-03-15,'600133,东湖高新,7.29,7.39,7.21,7.3,7.31,-0.02,-0.2736,1.3534,7280862,53151463.0,4623739245.36,3921647590.35
2016-03-14,'600133,东湖高新,7.31,7.39,7.16,7.2,7.07,0.24,3.3946,1.6804,9039712,66129993.0,4636424401.04,3932406568.65
2016-03-11,'600133,东湖高新,7.07,7.13,6.99,7.07,7.05,0.02,0.2837,1.2039,6476110,45711689.0,4484202532.88,3803298829.05
2016-03-10,'600133,东湖高新,7.05,7.38,7.04,7.36,7.29,-0.24,-3.2922,1.9112,10281047,73811233.0,4471517377.2,3792539850.75
2016-03-09,'600133,东湖高新,7.29,7.46,7.25,7.38,7.57,-0.28,-3.6988,1.4736,7927314,58189422.0,4623739245.36,3921647590.35
2016-03-08,'600133,东湖高新,7.57,7.6,7.13,7.6,7.61,-0.04,-0.5256,2.1473,11551299,85496640.0,4801331424.88,4072273286.55
2016-03-07,'600133,东湖高新,7.61,7.67,7.45,7.52,7.39,0.22,2.977,1.9389,10430439,78924798.0,4826701736.24,4093791243.15
2016-03-04,'600133,东湖高新,7.39,7.84,7.33,7.71,7.78,-0.39,-5.0129,3.1469,16928616,128175633.0,4687165023.76,3975442481.85
2016-03-03,'600133,东湖高新,7.78,7.98,7.66,7.76,7.76,0.02,0.2577,4.0417,21742199,169584810.0,4934525559.52,4185242558.7
2016-03-02,'600133,东湖高新,7.76,7.83,7.13,7.18,7.18,0.58,8.078,3.5119,18892119,142000179.0,4921840403.84,4174483580.4
2016-03-01,'600133,东湖高新,7.18,7.27,6.96,7.1,7.0,0.18,2.5714,2.3985,12902642,91911291.0,4553970889.12,3862473209.7
2016-02-29,'600133,东湖高新,7.0,7.6,6.88,7.6,7.64,-0.64,-8.377,2.6535,14274439,101194560.0,4439804488.0,3765642405.0
2016-02-26,'600133,东湖高新,7.64,7.84,7.18,7.72,7.66,-0.02,-0.2611,3.1022,16688275,125903624.0,4845729469.76,4109929710.6
2016-02-25,'600133,东湖高新,7.66,8.39,7.66,8.35,8.51,-0.85,-9.9882,4.482,24110828,192495033.0,4858414625.44,4120688688.9
2016-02-24,'600133,东湖高新,8.51,8.58,8.01,8.1,8.18,0.33,4.0342,5.5808,30021989,252030961.0,5397533741.84,4577945266.65
2016-02-23,'600133,东湖高新,8.18,8.19,7.72,7.94,7.86,0.32,4.0712,5.1238,27563580,220240629.0,5188228673.12,4400422124.7
2016-02-22,'600133,东湖高新,7.86,7.88,7.74,7.82,7.73,0.13,1.6818,2.4236,13037572,101900282.0,4985266182.24,4228278471.9
2016-02-19,'600133,东湖高新,7.73,7.74,7.5,7.6,7.67,0.06,0.7823,2.1631,11636140,88669607.0,4902812670.32,4158345112.95
2016-02-18,'600133,东湖高新,7.67,7.86,7.65,7.77,7.74,-0.07,-0.9044,2.8505,15334214,118490896.0,4864757203.28,4126068178.05
2016-02-17,'600133,东湖高新,7.74,7.78,7.46,7.57,7.61,0.13,1.7083,2.8927,15561175,118458979.0,4909155248.16,4163724602.1
2016-02-16,'600133,东湖高新,7.61,7.63,7.35,7.39,7.32,0.29,3.9617,2.5936,13952445,105020776.0,4826701736.24,4093791243.15
2016-02-15,'600133,东湖高新,7.32,7.44,6.9,7.0,7.22,0.1,1.385,2.1394,11508844,82836247.0,4642766978.88,3937786057.8
2016-02-05,'600133,东湖高新,7.22,7.4,7.21,7.27,7.26,-0.04,-0.551,1.9725,10611190,77568056.0,4579341200.48,3883991166.3
2016-02-04,'600133,东湖高新,7.26,7.35,7.02,7.02,7.02,0.24,3.4188,2.8167,15152512,109447757.0,4604711511.84,3905509122.9
2016-02-03,'600133,东湖高新,7.02,7.08,6.83,7.03,7.06,-0.04,-0.5666,2.1873,11766780,81603694.0,4452489643.68,3776401383.3
2016-02-02,'600133,东湖高新,7.06,7.12,6.86,6.9,6.88,0.18,2.6163,2.3442,12610641,88873677.0,4477859955.04,3797919339.9
2016-02-01,'600133,东湖高新,6.88,7.03,6.61,6.74,6.75,0.13,1.9259,2.6351,14175425,97016992.0,4363693553.92,3701088535.2
2016-01-29,'600133,东湖高新,6.75,6.85,6.39,6.42,6.39,0.36,5.6338,2.3247,12505871,83283205.0,4281240042.0,3631155176.25
2016-01-28,'600133,东湖高新,6.39,6.97,6.38,6.78,6.92,-0.53,-7.659,2.3202,12481383,83860295.0,4052907239.76,3437493566.85
2016-01-27,'600133,东湖高新,6.92,7.17,6.5,7.11,7.08,-0.16,-2.2599,3.1231,16800421,114312648.0,4389063865.28,3722606491.8
2016-01-26,'600133,东湖高新,7.08,7.82,7.08,7.68,7.87,-0.79,-10.0381,3.3165,17841106,134183761.0,4490545110.72,3808678318.2
2016-01-25,'600133,东湖高新,7.87,7.97,7.75,7.75,7.7,0.17,2.2078,2.567,13809022,108459889.0,4991608760.08,4233657961.05
2016-01-22,'600133,东湖高新,7.7,7.99,7.3,7.95,7.83,-0.13,-1.6603,3.9605,21305569,163196220.0,4883784936.8,4142206645.5
2016-01-21,'600133,东湖高新,7.83,8.44,7.78,8.2,8.46,-0.63,-7.4468,3.2114,17275771,141457682.0,4966238448.72,4212140004.45
2016-01-20,'600133,东湖高新,8.46,8.75,8.12,8.42,8.57,-0.11,-1.2835,4.2266,22737175,191989919.0,5365820852.64,4551047820.9
2016-01-19,'600133,东湖高新,8.57,8.66,8.06,8.13,8.13,0.44,5.4121,4.1556,22354980,186815656.0,5435589208.88,4610222201.55
2016-01-18,'600133,东湖高新,8.13,8.28,7.78,7.79,8.24,-0.11,-1.335,3.8743,20841827,167854405.0,5156515783.92,4373524678.95
2016-01-15,'600133,东湖高新,8.24,8.88,8.24,8.71,9.15,-0.91,-9.9454,5.6387,30333143,259146268.0,5226284140.16,4432699059.6
2016-01-14,'600133,东湖高新,9.15,9.27,8.82,8.82,9.8,-0.65,-6.6327,7.3306,39434710,354780644.0,5803458723.6,4922232572.25
2016-01-13,'600133,东湖高新,9.8,9.8,9.8,9.8,10.89,-1.09,-10.0092,0.2639,1419400,13910120.0,6215726283.2,5271899367.0
2016-01-12,'600133,东湖高新,10.89,10.89,10.89,10.89,12.1,-1.21,-10.0,0.0919,494500,5385105.0,6907067267.76,5858263684.35
2016-01-11,'600133,东湖高新,0.0,0.0,0.0,0.0,12.1,None,None,0.0,0,0.0,7674519186.4,6509181871.5
2016-01-08,'600133,东湖高新,0.0,0.0,0.0,0.0,12.1,None,None,0.0,0,0.0,7674519186.4,6509181871.5
2016-01-07,'600133,东湖高新,0.0,0.0,0.0,0.0,12.1,None,None,0.0,0,0.0,7674519186.4,6509181871.5
2016-01-06,'600133,东湖高新,0.0,0.0,0.0,0.0,12.1,None,None,0.0,0,0.0,7674519186.4,6509181871.5
2016-01-05,'600133,东湖高新,0.0,0.0,0.0,0.0,12.1,None,None,0.0,0,0.0,7674519186.4,6509181871.5
2016-01-04,'600133,东湖高新,0.0,0.0,0.0,0.0,12.1,None,None,0.0,0,0.0,7674519186.4,6509181871.5
2015-12-31,'600133,东湖高新,0.0,0.0,0.0,0.0,12.1,None,None,0.0,0,0.0,7674519186.4,6509181871.5
2015-12-30,'600133,东湖高新,0.0,0.0,0.0,0.0,12.1,None,None,0.0,0,0.0,7674519186.4,6509181871.5
2015-12-29,'600133,东湖高新,0.0,0.0,0.0,0.0,12.1,None,None,0.0,0,0.0,7674519186.4,6509181871.5
2015-12-28,'600133,东湖高新,0.0,0.0,0.0,0.0,12.1,None,None,0.0,0,0.0,7674519186.4,6509181871.5
2015-12-25,'600133,东湖高新,12.1,12.21,11.74,11.75,11.75,0.35,2.9787,3.7824,20347128,244992913.0,7674519186.4,6509181871.5
2015-12-24,'600133,东湖高新,11.75,12.13,11.55,11.99,12.15,-0.4,-3.2922,4.5307,24373057,286680353.0,7452528962.0,6320899751.25
2015-12-23,'600133,东湖高新,12.15,12.64,11.97,12.23,12.05,0.1,0.8299,8.3903,45135471,556887384.0,7706232075.6,6536079317.25
2015-12-22,'600133,东湖高新,12.05,12.29,11.8,11.9,11.92,0.13,1.0906,5.9576,32048816,387369357.0,7642806297.2,6482284425.75
2015-12-21,'600133,东湖高新,11.92,12.13,11.5,11.52,11.57,0.35,3.0251,6.2833,33801142,401212544.0,7560352785.28,6412351066.8
2015-12-18,'600133,东湖高新,11.57,11.73,11.39,11.43,11.39,0.18,1.5803,3.9335,21160392,244760385.0,7338362560.88,6224068946.55
2015-12-17,'600133,东湖高新,11.39,11.5,11.19,11.2,11.11,0.28,2.5203,3.6904,19852553,225548515.0,7224196159.76,6127238141.85
2015-12-16,'600133,东湖高新,11.11,11.28,11.08,11.23,11.22,-0.11,-0.9804,2.5427,13678185,152578323.0,7046603980.24,5976612445.65
2015-12-15,'600133,东湖高新,11.22,11.35,11.12,11.15,11.13,0.09,0.8086,2.6218,14104058,158595259.0,7116372336.48,6035786826.3
2015-12-14,'600133,东湖高新,11.13,11.14,10.82,10.82,10.81,0.32,2.9602,2.1795,11724399,128563834.0,7059289135.92,5987371423.95
2015-12-11,'600133,东湖高新,10.81,11.09,10.72,11.04,11.14,-0.33,-2.9623,2.6779,14405906,156419317.0,6856326645.04,5815227771.15
2015-12-10,'600133,东湖高新,11.14,11.39,11.07,11.3,11.26,-0.12,-1.0657,2.4318,13081581,146768213.0,7065631713.76,5992750913.1
2015-12-09,'600133,东湖高新,11.26,11.48,11.05,11.3,11.38,-0.12,-1.0545,2.5647,13797013,155363608.0,7141742647.84,6057304782.9
2015-12-08,'600133,东湖高新,11.38,11.99,11.35,11.9,12.13,-0.75,-6.183,4.1029,22071246,256577537.0,7217853581.92,6121858652.7
2015-12-07,'600133,东湖高新,12.13,12.24,11.43,11.51,11.44,0.69,6.0315,5.4588,29365685,345544038.0,7693546919.92,6525320338.95
2015-12-04,'600133,东湖高新,11.44,11.63,11.31,11.4,11.39,0.05,0.439,3.762,20237563,232170080.0,7255909048.96,6154135587.6
2015-12-03,'600133,东湖高新,11.39,11.4,11.11,11.18,11.19,0.2,1.7873,2.7502,14794559,167468937.0,7224196159.76,6127238141.85
2015-12-02,'600133,东湖高新,11.19,11.49,10.9,11.37,11.39,-0.2,-1.7559,3.226,17354173,193499511.0,7097344602.96,6019648358.85
2015-12-01,'600133,东湖高新,11.39,11.57,11.0,11.19,11.2,0.19,1.6964,4.2553,22891134,258170356.0,7224196159.76,6127238141.85
2015-11-30,'600133,东湖高新,11.2,11.46,10.45,11.33,11.32,-0.12,-1.0601,4.7826,25727741,285127212.0,7103687180.8,6025027848.0
2015-11-27,'600133,东湖高新,11.32,12.59,11.16,12.35,12.4,-1.08,-8.7097,6.2446,33592783,401213675.0,7179798114.88,6089581717.8
2015-11-26,'600133,东湖高新,12.4,12.9,12.35,12.9,12.87,-0.47,-3.6519,7.2857,39193177,492636785.0,7864796521.6,6670566546.0
2015-11-25,'600133,东湖高新,12.87,13.15,12.68,13.15,13.14,-0.27,-2.0548,8.9629,48215557,617858417.0,8162897680.08,6923402536.05
2015-11-24,'600133,东湖高新,13.14,13.29,12.5,12.75,12.65,0.49,3.8735,11.9256,64153562,827986498.0,8334147281.76,7068648743.1
2015-11-23,'600133,东湖高新,12.65,13.31,12.45,13.0,12.86,-0.21,-1.633,14.193,76350980,980638387.0,8023360967.6,6805053774.75
2015-11-20,'600133,东湖高新,12.86,12.89,11.7,11.81,11.78,1.08,9.1681,14.2638,76731970,956629182.0,8156555102.24,6918023046.9
2015-11-19,'600133,东湖高新,11.78,11.82,11.51,11.72,11.74,0.04,0.3407,4.5176,24302642,283505083.0,7471556695.52,6337038218.7
2015-11-18,'600133,东湖高新,11.74,12.33,11.7,12.27,12.25,-0.51,-4.1633,6.4302,34591315,416451154.0,7446186384.16,6315520262.1
2015-11-17,'600133,东湖高新,12.25,12.5,12.0,12.25,11.9,0.35,2.9412,11.9347,64202776,784534821.0,7769657854.0,6589874208.75
2015-11-16,'600133,东湖高新,11.9,11.95,11.2,11.3,11.6,0.3,2.5862,4.9735,26754756,310737220.0,7547667629.6,6401592088.5
2015-11-13,'600133,东湖高新,11.6,11.97,11.41,11.96,12.1,-0.5,-4.1322,6.5215,35082353,410352893.0,7357390294.4,6240207414.0
2015-11-12,'600133,东湖高新,12.1,12.2,11.7,11.78,11.75,0.35,2.9787,8.4459,45434651,543666200.0,7674519186.4,6509181871.5
2015-11-11,'600133,东湖高新,11.75,11.8,11.6,11.74,11.83,-0.08,-0.6762,4.8893,26301693,307711177.0,7452528962.0,6320899751.25
2015-11-10,'600133,东湖高新,11.83,12.04,11.78,11.9,11.92,-0.09,-0.755,5.8657,31554625,374569989.0,7503269584.72,6363935664.45
2015-11-09,'600133,东湖高新,11.92,12.29,11.81,11.89,12.02,-0.1,-0.8319,7.0985,38186463,456800144.0,7560352785.28,6412351066.8
2015-11-06,'600133,东湖高新,12.02,12.12,11.82,12.0,11.97,0.05,0.4177,7.3692,39642409,474396085.0,7623778563.68,6466145958.3
2015-11-05,'600133,东湖高新,11.97,12.4,11.6,11.73,11.7,0.27,2.3077,10.0373,53995693,649158527.0,7592065674.48,6439248512.55
2015-11-04,'600133,东湖高新,11.7,11.75,11.18,11.18,11.13,0.57,5.1213,5.7017,30671967,353865822.0,7420816072.8,6294002305.5
2015-11-03,'600133,东湖高新,11.13,11.33,10.97,11.09,10.96,0.17,1.5511,3.8287,20596588,229610445.0,7059289135.92,5987371423.95
2015-11-02,'600133,东湖高新,10.96,11.45,10.91,11.11,11.51,-0.55,-4.7785,4.7127,25351683,283614963.0,6951465312.64,5895920108.4
2015-10-30,'600133,东湖高新,11.51,11.79,11.25,11.55,11.66,-0.15,-1.2864,5.0308,27062916,312580181.0,7300307093.84,6191792011.65
2015-10-29,'600133,东湖高新,11.66,11.97,11.47,11.47,11.4,0.26,2.2807,6.0434,32510650,381753419.0,7395445761.44,6272484348.9
2015-10-28,'600133,东湖高新,11.4,12.12,11.33,11.75,11.81,-0.41,-3.4716,6.6748,35907202,421149844.0,7230538737.6,6132617631.0
2015-10-27,'600133,东湖高新,11.81,11.98,11.15,11.9,12.14,-0.33,-2.7183,8.2213,44226651,513464921.0,7490584429.04,6353176686.15
2015-10-26,'600133,东湖高新,12.14,12.77,11.87,12.66,12.58,-0.44,-3.4976,11.3031,60804861,742036857.0,7699889497.76,6530699828.1
2015-10-23,'600133,东湖高新,12.58,12.94,12.16,12.42,12.66,-0.08,-0.6319,16.1684,86977934,1084271044.0,7978962922.72,6767397350.7
2015-10-22,'600133,东湖高新,12.66,12.66,11.5,11.68,11.51,1.15,9.9913,21.7089,116782747,1426185972.0,8029703545.44,6810433263.9
2015-10-21,'600133,东湖高新,11.51,12.2,11.1,11.58,11.68,-0.17,-1.4555,18.6321,100231267,1170094717.0,7300307093.84,6191792011.65
2015-10-20,'600133,东湖高新,11.68,11.94,11.2,11.6,11.77,-0.09,-0.7647,9.8075,52759293,612259567.0,7408130917.12,6283243327.2
2015-10-19,'600133,东湖高新,11.77,12.26,11.25,11.63,11.53,0.24,2.0815,12.8247,68990591,810617084.0,7465214117.68,6331658729.55
2015-10-16,'600133,东湖高新,11.53,11.8,11.1,11.49,11.28,0.25,2.2163,11.2513,60526269,696210679.0,7312992249.52,6202550989.95
2015-10-15,'600133,东湖高新,11.28,11.38,10.83,10.9,11.14,0.14,1.2567,9.0215,48530898,540420862.0,7154427803.52,6068063761.2
2015-10-14,'600133,东湖高新,11.14,11.59,10.46,10.79,10.85,0.29,2.6728,11.5152,61946070,679740597.0,7065631713.76,5992750913.1
2015-10-13,'600133,东湖高新,10.85,11.1,10.41,10.5,10.6,0.25,2.3585,8.4465,45437783,489428063.0,6881696956.4,5836745727.75
2015-10-12,'600133,东湖高新,10.6,10.94,10.0,10.04,10.01,0.59,5.8941,9.0038,48435759,509733853.0,6723132510.4,5702258499.0
2015-10-09,'600133,东湖高新,10.01,10.12,9.88,10.1,10.14,-0.13,-1.2821,4.9485,26620500,266327034.0,6348920417.84,5384868639.15
2015-10-08,'600133,东湖高新,10.14,10.16,9.74,9.91,9.55,0.59,6.178,5.1284,27588224,274319011.0,6431373929.76,5454801998.1
2015-09-30,'600133,东湖高新,9.55,9.97,9.5,9.74,9.67,-0.12,-1.241,3.7103,19959391,193854978.0,6057161837.2,5137412138.25
2015-09-29,'600133,东湖高新,9.67,10.3,9.65,10.09,10.41,-0.74,-7.1085,6.1468,33066661,329024810.0,6133272771.28,5201966008.05
2015-09-28,'600133,东湖高新,10.41,10.69,9.8,10.58,10.52,-0.11,-1.0456,7.1004,38196532,391048390.0,6602623531.44,5600048205.15
2015-09-25,'600133,东湖高新,10.52,10.99,10.01,10.1,10.23,0.29,2.8348,12.2433,65862560,692786157.0,6672391887.68,5659222585.8
2015-09-24,'600133,东湖高新,10.23,10.32,9.96,10.25,10.11,0.12,1.1869,5.7172,30755575,311373286.0,6488457130.32,5503217400.45
2015-09-23,'600133,东湖高新,10.11,10.33,9.9,10.1,10.41,-0.3,-2.8818,6.8221,36699624,371286992.0,6412346196.24,5438663530.65
2015-09-22,'600133,东湖高新,10.41,10.75,10.19,10.62,10.69,-0.28,-2.6193,9.9585,53571809,560403520.0,6602623531.44,5600048205.15
2015-09-21,'600133,东湖高新,10.69,10.88,9.87,10.18,10.42,0.27,2.5912,12.7018,68329135,708558653.0,6780215710.96,5750673901.35
2015-09-18,'600133,东湖高新,10.42,10.42,9.36,9.72,9.47,0.95,10.0317,11.2614,60580529,602901355.0,6608966109.28,5605427694.3
2015-09-17,'600133,东湖高新,9.47,10.5,9.36,10.0,9.77,-0.3,-3.0706,12.33,66329247,669295456.0,6006421214.48,5094376225.05
2015-09-16,'600133,东湖高新,9.77,9.77,8.72,8.82,8.88,0.89,10.0225,9.2505,49763102,459404997.0,6196698549.68,5255760899.55
2015-09-15,'600133,东湖高新,8.88,9.49,8.88,9.2,9.87,-0.99,-10.0304,7.2962,39249564,357483622.0,5632209121.92,4776986365.2
2015-09-14,'600133,东湖高新,9.87,11.4,9.87,10.9,10.97,-1.1,-10.0273,14.8224,79736978,848994854.0,6260124328.08,5309555791.05
2015-09-11,'600133,东湖高新,10.97,11.36,10.25,10.48,10.4,0.57,5.4808,16.9962,91430830,986542064.0,6957807890.48,5901299597.55
2015-09-10,'600133,东湖高新,10.4,10.4,9.01,9.14,9.45,0.95,10.0529,12.5167,67333672,663412801.0,6596280953.6,5594668716.0
2015-09-09,'600133,东湖高新,9.45,9.85,9.06,9.22,9.22,0.23,2.4946,9.581,51540818,485384687.0,5993736058.8,5083617246.75
2015-09-08,'600133,东湖高新,9.22,9.34,8.06,8.7,8.69,0.53,6.099,7.1785,38616543,338610145.0,5847856768.48,4959888996.3
2015-09-07,'600133,东湖高新,8.69,9.54,8.58,9.1,8.97,-0.28,-3.1215,7.1311,38361650,349021478.0,5511700142.96,4674776071.35
2015-09-02,'600133,东湖高新,8.97,10.3,8.97,8.98,9.97,-1.0,-10.0301,9.6874,52113421,488397391.0,5689292322.48,4825401767.55
2015-09-01,'600133,东湖高新,9.97,10.75,9.97,10.55,11.08,-1.11,-10.0181,12.7366,68516251,696803675.0,6323550106.48,5363350682.55
2015-08-31,'600133,东湖高新,11.08,11.08,10.1,10.2,10.07,1.01,10.0298,15.8165,85084756,914590715.0,7027576246.72,5960473978.2
2015-08-28,'600133,东湖高新,10.07,10.07,8.9,9.2,9.15,0.92,10.0546,12.6992,68315209,655330136.0,6386975884.88,5417145574.05
2015-08-27,'600133,东湖高新,9.15,9.39,8.04,9.15,8.81,0.34,3.8593,10.6825,57466413,508969711.0,5803458723.6,4922232572.25
2015-08-26,'600133,东湖高新,8.81,10.28,8.81,8.83,9.79,-0.98,-10.0102,14.5095,78053911,719074451.0,5587811077.04,4739329941.15
2015-08-25,'600133,东湖高新,9.79,9.79,9.79,9.79,10.88,-1.09,-10.0184,0.2122,1141500,11175285.0,6209383705.36,5266519877.85
2015-08-24,'600133,东湖高新,0.0,0.0,0.0,0.0,10.88,None,None,0.0,0,0.0,6900724689.92,5852884195.2
2015-08-21,'600133,东湖高新,10.88,12.23,10.85,11.51,12.05,-1.17,-9.7095,10.1384,54539166,623130729.0,6900724689.92,5852884195.2
2015-08-20,'600133,东湖高新,12.05,12.93,11.9,12.9,13.06,-1.01,-7.7335,18.6812,100495375,1246151376.0,7642806297.2,6482284425.75
2015-08-19,'600133,东湖高新,13.06,13.06,10.9,11.53,11.87,1.19,10.0253,26.8584,144484671,1754988990.0,8283406659.04,7025612829.9
2015-08-18,'600133,东湖高新,11.87,12.1,11.58,12.1,11.0,0.87,7.9091,22.8475,122907779,1475669381.0,7528639896.08,6385453621.05
2015-08-17,'600133,东湖高新,11.0,11.0,10.66,11.0,10.0,1.0,10.0,12.2777,66047936,725514524.0,6976835624.0,5917438065.0
2015-08-14,'600133,东湖高新,10.0,10.0,9.04,9.15,9.09,0.91,10.011,15.1284,81382868,782177455.0,6342577840.0,5379489150.0
2015-08-13,'600133,东湖高新,9.09,9.17,8.63,8.63,8.69,0.4,4.603,7.6623,41219337,366422529.0,5765403256.56,4889955637.35
2015-08-12,'600133,东湖高新,8.69,9.04,8.61,8.7,8.89,-0.2,-2.2497,6.4461,34676707,305482807.0,5511700142.96,4674776071.35
2015-08-11,'600133,东湖高新,8.89,9.05,8.53,8.67,8.69,0.2,2.3015,9.5472,51358882,453785323.0,5638551699.76,4782365854.35
2015-08-10,'600133,东湖高新,8.69,8.86,8.14,8.15,8.11,0.58,7.1517,7.6509,41157915,349426685.0,5511700142.96,4674776071.35
2015-08-07,'600133,东湖高新,8.11,8.14,7.85,7.86,7.83,0.28,3.576,4.6719,25132363,202019170.0,5143830628.24,4362765700.65
2015-08-06,'600133,东湖高新,7.83,7.96,7.55,7.65,8.09,-0.26,-3.2138,4.7429,25514545,198660674.0,4966238448.72,4212140004.45
2015-08-05,'600133,东湖高新,8.09,8.51,8.0,8.35,8.32,-0.23,-2.7644,5.3225,28632332,236549460.0,5131145472.56,4352006722.35
2015-08-04,'600133,东湖高新,8.32,8.34,7.66,7.66,7.64,0.68,8.9005,5.0488,27160195,217054741.0,5277024762.88,4475734972.8
2015-08-03,'600133,东湖高新,7.64,8.18,7.49,8.18,8.31,-0.67,-8.0626,5.1794,27862475,216782165.0,4845729469.76,4109929710.6
2015-07-31,'600133,东湖高新,8.31,8.7,8.0,8.3,8.73,-0.42,-4.811,7.1418,38419047,320615443.0,5270682185.04,4470355483.65
2015-07-30,'600133,东湖高新,8.73,9.1,8.22,8.35,8.27,0.46,5.5623,13.5518,72901742,645538017.0,5537070454.32,4696294027.95
2015-07-29,'600133,东湖高新,8.27,8.3,7.41,7.8,7.65,0.62,8.1046,6.0567,32581806,255214377.0,5245311873.68,4448837527.05
2015-07-28,'600133,东湖高新,7.65,8.3,7.58,7.62,8.42,-0.77,-9.1449,8.3135,44722382,348184877.0,4852072047.6,4115309199.75
2015-07-27,'600133,东湖高新,8.42,9.37,8.42,9.08,9.36,-0.94,-10.0427,7.1474,38449553,343984800.0,5340450541.28,4529529864.3
2015-07-24,'600133,东湖高新,9.36,9.95,9.16,9.75,9.54,-0.18,-1.8868,11.4881,61800375,592764301.0,5936652858.24,5035201844.4
2015-07-23,'600133,东湖高新,9.54,9.67,9.07,9.07,9.02,0.52,5.765,10.708,57603538,541931285.0,6050819259.36,5132032649.1
2015-07-22,'600133,东湖高新,9.02,9.1,8.55,8.71,8.76,0.26,2.968,8.5997,46261828,408245298.0,5721005211.68,4852299213.3
2015-07-21,'600133,东湖高新,8.76,8.86,8.1,8.3,8.47,0.29,3.4238,7.6276,41032827,352407685.0,5556098187.84,4712432495.4
2015-07-20,'600133,东湖高新,8.47,8.6,8.14,8.36,8.33,0.14,1.6807,7.0765,38067696,319439545.0,5372163430.48,4556427310.05
2015-07-17,'600133,东湖高新,8.33,8.45,7.8,7.81,7.8,0.53,6.7949,5.8746,31602114,257915955.0,5283367340.72,4481114461.95
2015-07-16,'600133,东湖高新,7.8,8.18,7.12,7.2,7.79,0.01,0.1284,5.3948,29021274,224888715.0,4947210715.2,4196001537.0
2015-07-15,'600133,东湖高新,7.79,8.42,7.79,8.28,8.66,-0.87,-10.0462,6.9526,37401651,301219580.0,4940868137.36,4190622047.85
2015-07-14,'600133,东湖高新,8.66,9.26,8.25,8.63,8.51,0.15,1.7626,13.0188,70034260,612011735.0,5492672409.44,4658637603.9
2015-07-13,'600133,东湖高新,8.51,8.51,8.0,8.15,7.74,0.77,9.9483,8.6278,46413251,386901819.0,5397533741.84,4577945266.65
2015-07-10,'600133,东湖高新,7.74,7.74,7.05,7.16,7.04,0.7,9.9432,5.9902,32224282,244808477.0,4909155248.16,4163724602.1
2015-07-09,'600133,东湖高新,7.04,7.04,5.76,5.76,6.4,0.64,10.0,10.2315,55040185,359866068.0,4465174799.36,3787160361.6
2015-07-08,'600133,东湖高新,6.4,6.4,6.4,6.4,7.11,-0.71,-9.9859,1.0924,5876600,37610240.0,4059249817.6,3442873056.0
2015-07-07,'600133,东湖高新,7.11,7.42,7.11,7.41,7.9,-0.79,-10.0,3.1642,17022019,121752609.0,4509572844.24,3824816785.65
2015-07-06,'600133,东湖高新,7.9,9.63,7.9,9.63,8.78,-0.88,-10.0228,7.7372,41622040,350934334.0,5010636493.6,4249796428.5
2015-07-03,'600133,东湖高新,8.78,9.67,8.78,9.3,9.75,-0.97,-9.9487,5.4607,29376041,263953066.0,5568783343.52,4723191473.7
2015-07-02,'600133,东湖高新,9.75,10.93,9.75,10.7,10.83,-1.08,-9.9723,5.3516,28789023,293379685.0,6184013394.0,5245001921.25
2015-07-01,'600133,东湖高新,10.83,11.7,10.5,11.3,11.51,-0.68,-5.9079,7.1415,38417525,435618401.0,6869011800.72,5825986749.45
2015-06-30,'600133,东湖高新,11.51,11.8,9.73,10.75,10.81,0.7,6.4755,8.1615,43904703,462382559.0,7300307093.84,6191792011.65
2015-06-29,'600133,东湖高新,10.81,12.4,10.81,12.35,12.01,-1.2,-9.9917,6.5262,35107753,400869862.0,6856326645.04,5815227771.15
2015-06-26,'600133,东湖高新,12.01,12.85,12.01,12.79,13.34,-1.33,-9.97,5.4119,29113273,357429601.0,7617435985.84,6460766469.15
2015-06-25,'600133,东湖高新,13.34,14.35,13.11,14.34,14.33,-0.99,-6.9086,5.0646,27245015,377966661.0,8460998838.56,7176238526.1
2015-06-24,'600133,东湖高新,14.33,14.47,13.65,14.13,13.93,0.4,2.8715,6.3853,34349618,485199005.0,9088914044.72,7708807951.95
2015-06-23,'600133,东湖高新,13.93,14.67,12.95,14.37,14.39,-0.46,-3.1967,5.9039,31760064,433984438.0,8835210931.12,7493628385.95
2015-06-19,'600133,东湖高新,14.39,15.66,14.37,15.01,15.97,-1.58,-9.8936,5.7515,30940107,464900923.0,9126969511.76,7741084886.85
2015-06-18,'600133,东湖高新,15.97,16.78,15.7,15.88,16.01,-0.04,-0.2498,7.8012,41966300,683593215.0,10129096810.5,8591044172.55
2015-06-17,'600133,东湖高新,16.01,16.1,15.01,15.65,15.57,0.44,2.8259,6.6163,35592083,560257539.0,10154467121.8,8612562129.15
2015-06-16,'600133,东湖高新,15.57,16.38,15.3,16.35,16.58,-1.01,-6.0917,7.0511,37931391,602743048.0,9875393696.88,8375864606.55
2015-06-15,'600133,东湖高新,16.58,17.45,16.4,17.14,17.27,-0.69,-3.9954,10.2786,55293458,933984169.0,10515994058.7,8919193010.7
2015-06-12,'600133,东湖高新,17.27,17.45,16.4,16.89,16.57,0.7,4.2245,12.2558,65929962,1120063182.0,10953631929.7,9290377762.05
2015-06-11,'600133,东湖高新,16.57,16.97,16.3,16.41,16.54,0.03,0.1814,7.9664,42855395,710369261.0,10509651480.9,8913813521.55
2015-06-10,'600133,东湖高新,16.54,16.93,15.39,15.69,15.83,0.71,4.4852,9.6827,52087817,851012206.0,10490623747.4,8897675054.1
2015-06-09,'600133,东湖高新,15.83,16.1,15.2,15.83,15.82,0.01,0.0632,7.0632,37996665,595650930.0,10040300720.7,8515731324.45
2015-06-08,'600133,东湖高新,15.82,16.53,15.5,16.11,16.53,-0.71,-4.2952,9.7281,52332205,831868976.0,10033958142.9,8510351835.3
2015-06-05,'600133,东湖高新,16.53,17.47,16.12,17.09,16.05,0.48,2.9907,13.9231,74899141,1255829405.0,10484281169.5,8892295564.95
2015-06-04,'600133,东湖高新,16.05,16.13,14.5,15.78,16.09,-0.04,-0.2486,13.0625,70269343,1089847057.0,10179837433.2,8634080085.75
2015-06-03,'600133,东湖高新,16.09,16.24,14.66,14.8,14.96,1.13,7.5535,16.9645,91260452,1410671818.0,10205207744.6,8655598042.35
2015-06-02,'600133,东湖高新,14.96,15.0,14.01,14.13,14.24,0.72,5.0562,12.48,67136031,980622160.0,9488496448.64,8047715768.4
2015-06-01,'600133,东湖高新,14.24,14.27,13.47,13.61,13.47,0.77,5.7164,7.1693,38567253,536465061.0,9031830844.16,7660392549.6
2015-05-29,'600133,东湖高新,13.47,13.87,12.75,13.32,13.49,-0.02,-0.1483,7.1798,38623661,516348401.0,8543452350.48,7246171885.05
2015-05-28,'600133,东湖高新,13.49,14.98,13.49,14.9,14.99,-1.5,-10.0067,10.7926,58058937,836037971.0,8556137506.16,7256930863.35
2015-05-27,'600133,东湖高新,14.99,15.48,14.76,15.2,15.26,-0.27,-1.7693,9.5985,51635243,777312178.0,9507524182.16,8063854235.85
2015-05-26,'600133,东湖高新,15.26,15.47,14.7,14.98,14.89,0.37,2.4849,10.9715,59021026,890780161.0,9678773783.84,8209100442.9
2015-05-25,'600133,东湖高新,14.89,14.98,14.35,14.45,14.63,0.26,1.7772,10.6203,57131585,843084478.0,9444098403.76,8010059344.35
2015-05-22,'600133,东湖高新,14.63,14.89,14.36,14.77,14.47,0.16,1.1057,11.6854,62861643,918931909.0,9279191379.92,7870192626.45
2015-05-21,'600133,东湖高新,14.47,14.5,13.76,13.99,14.1,0.37,2.6241,10.3191,55511223,784626145.0,9177710134.48,7784120800.05
2015-05-20,'600133,东湖高新,14.1,15.07,14.05,14.52,14.35,-0.25,-1.7422,12.7377,68522378,1001036188.0,8943034754.4,7585079701.5
2015-05-19,'600133,东湖高新,14.35,14.45,13.66,13.87,14.07,0.28,1.99,11.7582,63253326,889283512.0,9101599200.4,7719566930.25
2015-05-18,'600133,东湖高新,14.07,14.45,13.56,13.63,13.53,0.54,3.9911,12.8347,69044076,967220479.0,8924007020.88,7568941234.05
