2016-02-05,'600215,长春经开,6.98,7.29,6.94,7.13,7.09,-0.11,-1.5515,1.1617,5402321,38339213.0,3245929502.4,3245929502.4
2016-02-04,'600215,长春经开,7.09,7.2,6.85,6.92,6.9,0.19,2.7536,1.1165,5191909,36636439.0,3297083119.2,3297083119.2
2016-02-03,'600215,长春经开,6.9,6.96,6.52,6.53,6.58,0.32,4.8632,1.6622,7729609,52364909.0,3208726872.0,3208726872.0
2016-02-02,'600215,长春经开,6.58,6.65,6.28,6.29,6.25,0.33,5.28,1.234,5738400,37414084.0,3059916350.4,3059916350.4
2016-02-01,'600215,长春经开,6.25,6.4,6.19,6.3,6.25,0.0,0.0,1.3057,6072078,38200276.0,2906455500.0,2906455500.0
2016-01-29,'600215,长春经开,6.25,6.43,5.96,6.12,6.1,0.15,2.459,1.9291,8970752,55887032.0,2906455500.0,2906455500.0
2016-01-28,'600215,长春经开,6.1,6.55,5.9,6.43,6.56,-0.46,-7.0122,1.4057,6536850,40971591.0,2836700568.0,2836700568.0
2016-01-27,'600215,长春经开,6.56,6.84,6.06,6.76,6.7,-0.14,-2.0896,2.0189,9388625,59666965.0,3050615692.8,3050615692.8
2016-01-26,'600215,长春经开,6.7,7.43,6.7,7.39,7.44,-0.74,-9.9462,2.0552,9557363,67130178.0,3115720296.0,3115720296.0
2016-01-25,'600215,长春经开,7.44,7.58,7.37,7.55,7.45,-0.01,-0.1342,1.4569,6775270,50544144.0,3459844627.2,3459844627.2
2016-01-22,'600215,长春经开,7.45,7.75,7.14,7.14,7.26,0.19,2.6171,0.9479,4408132,32452672.0,3464494956.0,3464494956.0
2016-01-21,'600215,长春经开,7.26,7.76,7.23,7.54,7.67,-0.41,-5.3455,1.3694,6368059,47818499.0,3376138708.8,3376138708.8
2016-01-20,'600215,长春经开,7.67,7.98,7.59,7.77,7.92,-0.25,-3.1566,2.1329,9918586,76837101.0,3566802189.6,3566802189.6
2016-01-19,'600215,长春经开,7.92,7.96,7.2,7.2,7.3,0.62,8.4932,2.4985,11618657,88298974.0,3683060409.6,3683060409.6
2016-01-18,'600215,长春经开,7.3,7.46,6.78,6.99,7.2,0.1,1.3889,1.5856,7373485,52594180.0,3394740024.0,3394740024.0
2016-01-15,'600215,长春经开,7.2,7.81,7.17,7.59,7.52,-0.32,-4.2553,1.7177,7987836,59846855.0,3348236736.0,3348236736.0
2016-01-14,'600215,长春经开,7.52,7.68,7.0,7.2,7.39,0.13,1.7591,1.5627,7267055,53377692.0,3497047257.6,3497047257.6
2016-01-13,'600215,长春经开,7.39,7.68,7.25,7.48,7.47,-0.08,-1.071,2.0334,9456028,70775271.0,3436592983.2,3436592983.2
2016-01-12,'600215,长春经开,7.47,8.18,7.19,7.81,7.88,-0.41,-5.203,3.1867,14819349,111933848.0,3473795613.6,3473795613.6
2016-01-11,'600215,长春经开,7.88,8.85,7.88,8.68,8.76,-0.88,-10.0457,2.3894,11111624,92058660.0,3664459094.4,3664459094.4
2016-01-08,'600215,长春经开,8.76,9.35,8.28,9.02,8.93,-0.17,-1.9037,3.5636,16572028,146170062.0,4073688028.8,4073688028.8
2016-01-07,'600215,长春经开,8.93,9.73,8.91,9.61,9.9,-0.97,-9.798,0.6574,3057100,28284459.0,4152743618.4,4152743618.4
2016-01-06,'600215,长春经开,9.9,9.95,9.6,9.67,9.67,0.23,2.3785,1.5875,7382279,72291206.0,4603825512.0,4603825512.0
2016-01-05,'600215,长春经开,9.67,9.99,9.05,9.08,10.05,-0.38,-3.7811,3.1778,14777828,141099180.0,4496867949.6,4496867949.6
2016-01-04,'600215,长春经开,10.05,11.22,10.03,11.14,11.14,-1.09,-9.7846,1.8632,8664600,91785497.0,4673580444.0,4673580444.0
2015-12-31,'600215,长春经开,11.14,11.71,11.11,11.7,11.48,-0.34,-2.9617,2.0511,9538214,108327011.0,5180466283.2,5180466283.2
2015-12-30,'600215,长春经开,11.48,11.77,11.28,11.77,11.62,-0.14,-1.2048,1.877,8728675,100127382.0,5338577462.4,5338577462.4
2015-12-29,'600215,长春经开,11.62,11.71,11.22,11.38,11.38,0.24,2.109,2.2559,10490909,120637847.0,5403682065.6,5403682065.6
2015-12-28,'600215,长春经开,11.38,12.05,11.36,11.91,11.89,-0.51,-4.2893,3.0466,14167700,166888287.0,5292074174.4,5292074174.4
2015-12-25,'600215,长春经开,11.89,12.18,11.4,11.4,11.4,0.49,4.2982,3.4685,16129556,191035191.0,5529240943.2,5529240943.2
2015-12-24,'600215,长春经开,11.4,11.45,10.78,11.02,11.01,0.39,3.5422,2.8788,13387370,149384833.0,5301374832.0,5301374832.0
2015-12-23,'600215,长春经开,11.01,11.42,10.89,11.34,11.33,-0.32,-2.8244,2.4492,11389774,127551748.0,5120012008.8,5120012008.8
2015-12-22,'600215,长春经开,11.33,11.68,11.23,11.34,11.23,0.1,0.8905,3.0545,14204351,162229887.0,5268822530.4,5268822530.4
2015-12-21,'600215,长春经开,11.23,12.01,11.04,11.18,11.28,-0.05,-0.4433,5.0875,23658431,270608819.0,5222319242.4,5222319242.4
2015-12-18,'600215,长春经开,11.28,11.37,10.5,10.53,10.72,0.56,5.2239,5.077,23609791,257909764.0,5245570886.4,5245570886.4
2015-12-17,'600215,长春经开,10.72,10.78,10.15,10.15,10.19,0.53,5.2012,5.0516,23491691,245353286.0,4985152473.6,4985152473.6
2015-12-16,'600215,长春经开,10.19,10.41,10.05,10.36,10.36,-0.17,-1.6409,2.7413,12747959,129783278.0,4738685047.2,4738685047.2
2015-12-15,'600215,长春经开,10.36,10.49,10.22,10.33,10.33,0.03,0.2904,2.6843,12482719,129256695.0,4817740636.8,4817740636.8
2015-12-14,'600215,长春经开,10.33,10.42,9.6,9.7,9.91,0.42,4.2381,3.9205,18231453,185176766.0,4803789650.4,4803789650.4
2015-12-11,'600215,长春经开,9.91,10.25,9.88,10.2,10.17,-0.26,-2.5565,2.2667,10541102,105347474.0,4608475840.8,4608475840.8
2015-12-10,'600215,长春经开,10.17,10.41,9.77,9.8,9.8,0.37,3.7755,4.292,19959243,203021932.0,4729384389.6,4729384389.6
2015-12-09,'600215,长春经开,9.8,10.04,9.63,9.67,9.96,-0.16,-1.6064,3.4054,15836163,155248162.0,4557322224.0,4557322224.0
2015-12-08,'600215,长春经开,9.96,10.66,9.93,10.15,10.0,-0.04,-0.4,9.4117,43767637,447194232.0,4631727484.8,4631727484.8
2015-12-07,'600215,长春经开,10.0,10.0,9.11,9.12,9.09,0.91,10.011,4.7396,22040799,218369030.0,4650328800.0,4650328800.0
2015-12-04,'600215,长春经开,9.09,9.29,9.0,9.01,9.2,-0.11,-1.1957,1.7978,8360515,76253312.0,4227148879.2,4227148879.2
2015-12-03,'600215,长春经开,9.2,9.29,8.97,9.04,9.01,0.19,2.1088,1.6256,7559601,68792473.0,4278302496.0,4278302496.0
2015-12-02,'600215,长春经开,9.01,9.13,8.6,9.13,9.06,-0.05,-0.5519,1.8785,8735765,77777080.0,4189946248.8,4189946248.8
2015-12-01,'600215,长春经开,9.06,9.24,8.7,8.88,8.82,0.24,2.7211,2.1683,10083278,90891248.0,4213197892.8,4213197892.8
2015-11-30,'600215,长春经开,8.82,9.22,8.29,9.18,9.06,-0.24,-2.649,2.8094,13064781,115055621.0,4101590001.6,4101590001.6
2015-11-27,'600215,长春经开,9.06,10.01,9.0,9.84,9.86,-0.8,-8.1136,3.1305,14557740,139568619.0,4213197892.8,4213197892.8
2015-11-26,'600215,长春经开,9.86,10.06,9.8,9.98,9.97,-0.11,-1.1033,2.5129,11686032,115928650.0,4585224196.8,4585224196.8
2015-11-25,'600215,长春经开,9.97,10.09,9.82,9.9,9.97,0.0,0.0,2.6588,12364311,123017145.0,4636377813.6,4636377813.6
2015-11-24,'600215,长春经开,9.97,10.05,9.66,10.01,10.0,-0.03,-0.3,2.7507,12791475,126275954.0,4636377813.6,4636377813.6
2015-11-23,'600215,长春经开,10.0,10.19,9.91,10.05,10.2,-0.2,-1.9608,4.1436,19269171,192816937.0,4650328800.0,4650328800.0
2015-11-20,'600215,长春经开,10.2,10.48,9.52,9.6,9.58,0.62,6.4718,7.0437,32755463,328109788.0,4743335376.0,4743335376.0
2015-11-19,'600215,长春经开,9.58,9.8,9.42,9.6,9.42,0.16,1.6985,3.0898,14368538,137483276.0,4455014990.4,4455014990.4
2015-11-18,'600215,长春经开,9.42,9.8,9.37,9.61,9.61,-0.19,-1.9771,2.9862,13886856,132986834.0,4380609729.6,4380609729.6
2015-11-17,'600215,长春经开,9.61,9.8,9.48,9.54,9.51,0.1,1.0515,4.0384,18779801,180338375.0,4468965976.8,4468965976.8
2015-11-16,'600215,长春经开,9.51,9.54,8.78,8.8,9.26,0.25,2.6998,2.602,12099949,111929780.0,4422462688.8,4422462688.8
2015-11-13,'600215,长春经开,9.26,9.45,9.11,9.45,9.48,-0.22,-2.3207,2.3147,10764193,100065859.0,4306204468.8,4306204468.8
2015-11-12,'600215,长春经开,9.48,9.8,9.37,9.75,9.7,-0.22,-2.268,3.0428,14150124,135080815.0,4408511702.4,4408511702.4
2015-11-11,'600215,长春经开,9.7,9.8,9.47,9.5,9.53,0.17,1.7838,3.1756,14767377,142466911.0,4510818936.0,4510818936.0
2015-11-10,'600215,长春经开,9.53,9.71,9.45,9.53,9.67,-0.14,-1.4478,3.9413,18328257,175222900.0,4431763346.4,4431763346.4
2015-11-09,'600215,长春经开,9.67,9.78,9.48,9.59,9.83,-0.16,-1.6277,4.4824,20844729,200430994.0,4496867949.6,4496867949.6
2015-11-06,'600215,长春经开,9.83,10.03,9.28,9.43,9.33,0.5,5.3591,7.2484,33707581,327463559.0,4571273210.4,4571273210.4
2015-11-05,'600215,长春经开,9.33,9.68,9.11,9.23,9.32,0.01,0.1073,5.1368,23887761,223003253.0,4338756770.4,4338756770.4
2015-11-04,'600215,长春经开,9.32,9.39,8.98,8.98,8.98,0.34,3.7862,3.2771,15239521,140584279.0,4334106441.6,4334106441.6
2015-11-03,'600215,长春经开,8.98,9.1,8.72,8.99,8.92,0.06,0.6726,2.3163,10771377,96453911.0,4175995262.4,4175995262.4
2015-11-02,'600215,长春经开,8.92,9.39,8.71,8.72,9.02,-0.1,-1.1086,2.4567,11424242,103558726.0,4148093289.6,4148093289.6
2015-10-30,'600215,长春经开,9.02,9.17,8.86,9.17,9.2,-0.18,-1.9565,2.2849,10625516,96099677.0,4194596577.6,4194596577.6
2015-10-29,'600215,长春经开,9.2,9.28,8.99,9.03,9.09,0.11,1.2101,2.9237,13596251,124060924.0,4278302496.0,4278302496.0
2015-10-28,'600215,长春经开,9.09,9.57,9.0,9.45,9.72,-0.63,-6.4815,6.8936,32057692,298284095.0,4227148879.2,4227148879.2
2015-10-27,'600215,长春经开,9.72,9.72,8.81,8.9,8.84,0.88,9.9548,9.9617,46325393,433898453.0,4520119593.6,4520119593.6
2015-10-26,'600215,长春经开,8.84,8.95,8.56,8.88,8.75,0.09,1.0286,2.9776,13847040,121416186.0,4110890659.2,4110890659.2
2015-10-23,'600215,长春经开,8.75,8.88,8.47,8.53,8.58,0.17,1.9814,3.3518,15587185,135099435.0,4069037700.0,4069037700.0
2015-10-22,'600215,长春经开,8.58,8.65,8.18,8.39,8.39,0.19,2.2646,3.6052,16765511,141846768.0,3989982110.4,3989982110.4
2015-10-21,'600215,长春经开,8.39,9.38,8.33,9.11,9.21,-0.82,-8.9034,5.9808,27812494,249612101.0,3901625863.2,3901625863.2
2015-10-20,'600215,长春经开,9.21,9.38,8.6,8.92,8.99,0.22,2.4472,5.033,23405295,208257511.0,4282952824.8,4282952824.8
2015-10-19,'600215,长春经开,8.99,9.12,8.78,9.01,9.23,-0.24,-2.6002,3.9236,18246050,163897717.0,4180645591.2,4180645591.2
2015-10-16,'600215,长春经开,9.23,9.4,8.86,9.08,9.09,0.14,1.5402,3.093,14383242,130785073.0,4292253482.4,4292253482.4
2015-10-15,'600215,长春经开,9.09,9.18,8.67,8.7,8.77,0.32,3.6488,3.6148,16810022,148669431.0,4227148879.2,4227148879.2
2015-10-14,'600215,长春经开,8.77,9.06,8.66,9.06,9.09,-0.32,-3.5204,3.0862,14352077,127371463.0,4078338357.6,4078338357.6
2015-10-13,'600215,长春经开,9.09,9.11,8.79,8.96,9.06,0.03,0.3311,3.9781,18499261,165755405.0,4227148879.2,4227148879.2
2015-10-12,'600215,长春经开,9.06,9.45,8.92,9.1,8.92,0.14,1.5695,5.9898,27854330,254143086.0,4213197892.8,4213197892.8
2015-10-09,'600215,长春经开,8.92,9.08,8.45,8.5,8.67,0.25,2.8835,3.3103,15393928,134380103.0,4148093289.6,4148093289.6
2015-10-08,'600215,长春经开,8.67,8.8,8.1,8.12,8.11,0.56,6.9051,4.3089,20037571,169741861.0,4031835069.6,4031835069.6
2015-09-30,'600215,长春经开,8.11,8.11,7.39,7.44,7.37,0.74,10.0407,4.1483,19291156,153397170.0,3771416656.8,3771416656.8
2015-09-29,'600215,长春经开,7.37,7.5,7.24,7.41,7.59,-0.22,-2.8986,1.4727,6848356,50468043.0,3427292325.6,3427292325.6
2015-09-28,'600215,长春经开,7.59,7.67,7.3,7.62,7.5,0.09,1.2,0.9795,4554953,34254212.0,3529599559.2,3529599559.2
2015-09-25,'600215,长春经开,7.5,7.82,7.34,7.69,7.74,-0.24,-3.1008,2.5698,11950310,90676087.0,3487746600.0,3487746600.0
2015-09-24,'600215,长春经开,7.74,7.95,7.55,7.56,7.55,0.19,2.5166,2.2437,10434163,80441032.0,3599354491.2,3599354491.2
2015-09-23,'600215,长春经开,7.55,7.83,7.35,7.35,7.62,-0.07,-0.9186,2.0873,9706566,73286203.0,3510998244.0,3510998244.0
2015-09-22,'600215,长春经开,7.62,7.7,7.18,7.28,7.28,0.34,4.6703,3.0949,14392259,108025179.0,3543550545.6,3543550545.6
2015-09-21,'600215,长春经开,7.28,7.31,6.88,6.88,7.05,0.23,3.2624,2.0545,9554114,67781970.0,3385439366.4,3385439366.4
2015-09-18,'600215,长春经开,7.05,7.1,6.69,6.79,6.75,0.3,4.4444,1.9542,9087445,62974990.0,3278481804.0,3278481804.0
2015-09-17,'600215,长春经开,6.75,7.26,6.63,6.9,6.88,-0.13,-1.8895,2.2669,10541769,72712234.0,3138971940.0,3138971940.0
2015-09-16,'600215,长春经开,6.88,6.91,6.21,6.28,6.28,0.6,9.5541,2.3173,10776156,70387890.0,3199426214.4,3199426214.4
2015-09-15,'600215,长春经开,6.28,6.87,6.28,6.7,6.98,-0.7,-10.0287,1.8275,8498530,55598966.0,2920406486.4,2920406486.4
2015-09-14,'600215,长春经开,6.98,7.92,6.93,7.85,7.7,-0.72,-9.3506,2.1185,9851745,72381548.0,3245929502.4,3245929502.4
2015-09-11,'600215,长春经开,7.7,7.82,7.5,7.6,7.6,0.1,1.3158,1.3029,6059071,46457353.0,3580753176.0,3580753176.0
2015-09-10,'600215,长春经开,7.6,7.92,7.51,7.6,7.79,-0.19,-2.439,1.7461,8120169,62678397.0,3534249888.0,3534249888.0
2015-09-09,'600215,长春经开,7.79,7.97,7.38,7.53,7.49,0.3,4.0053,2.6095,12135236,93577484.0,3622606135.2,3622606135.2
2015-09-08,'600215,长春经开,7.49,7.52,6.9,6.95,7.07,0.42,5.9406,2.1053,9790358,69988377.0,3483096271.2,3483096271.2
2015-09-07,'600215,长春经开,7.07,7.5,6.91,7.15,6.93,0.14,2.0202,2.1224,9870079,71127548.0,3287782461.6,3287782461.6
2015-09-02,'600215,长春经开,6.93,7.96,6.78,6.95,7.52,-0.59,-7.8457,2.6194,12180866,87204617.0,3222677858.4,3222677858.4
2015-09-01,'600215,长春经开,7.52,8.25,7.52,8.25,8.35,-0.83,-9.9401,2.5674,11939386,91813149.0,3497047257.6,3497047257.6
2015-08-31,'600215,长春经开,8.35,8.58,8.14,8.18,8.09,0.26,3.2138,4.1728,19404699,161361502.0,3883024548.0,3883024548.0
2015-08-28,'600215,长春经开,8.09,8.09,7.37,7.55,7.35,0.74,10.068,2.7327,12707743,98668531.0,3762115999.2,3762115999.2
2015-08-27,'600215,长春经开,7.35,7.36,6.65,7.1,6.93,0.42,6.0606,2.8942,13458904,96040180.0,3417991668.0,3417991668.0
2015-08-26,'600215,长春经开,6.93,8.0,6.93,7.81,7.7,-0.77,-10.0,3.6507,16976801,126529306.0,3222677858.4,3222677858.4
2015-08-25,'600215,长春经开,7.7,8.1,7.7,7.76,8.56,-0.86,-10.0467,2.8919,13448420,104232921.0,3580753176.0,3580753176.0
2015-08-24,'600215,长春经开,8.56,9.18,8.56,9.01,9.51,-0.95,-9.9895,2.6725,12428156,107593977.0,3980681452.8,3980681452.8
2015-08-21,'600215,长春经开,9.51,10.0,9.15,9.76,10.1,-0.59,-5.8416,3.3145,15413646,148282586.0,4422462688.8,4422462688.8
2015-08-20,'600215,长春经开,10.1,11.2,10.1,11.0,11.22,-1.12,-9.9822,5.5518,25817886,276791989.0,4696832088.0,4696832088.0
2015-08-19,'600215,长春经开,11.22,11.46,9.44,9.71,10.49,0.73,6.959,7.7573,36073848,372864890.0,5217668913.6,5217668913.6
2015-08-18,'600215,长春经开,10.49,12.37,10.49,11.91,11.65,-1.16,-9.9571,8.8012,40928698,469019726.0,4878194911.2,4878194911.2
2015-08-17,'600215,长春经开,11.65,11.65,10.6,10.6,10.59,1.06,10.0094,8.7037,40474913,453329627.0,5417633052.0,5417633052.0
2015-08-14,'600215,长春经开,10.59,10.59,9.48,9.63,9.63,0.96,9.9688,8.3126,38656450,383292407.0,4924698199.2,4924698199.2
2015-08-13,'600215,长春经开,9.63,9.74,8.82,8.86,9.01,0.62,6.8812,5.8151,27041973,251932779.0,4478266634.4,4478266634.4
2015-08-12,'600215,长春经开,9.01,9.39,8.9,8.99,9.16,-0.15,-1.6376,4.4457,20673778,188577089.0,4189946248.8,4189946248.8
2015-08-11,'600215,长春经开,9.16,9.25,8.72,8.77,8.83,0.33,3.7373,5.1488,23943715,216447967.0,4259701180.8,4259701180.8
2015-08-10,'600215,长春经开,8.83,8.98,8.38,8.45,8.44,0.39,4.6209,4.582,21307966,185029382.0,4106240330.4,4106240330.4
2015-08-07,'600215,长春经开,8.44,8.49,8.21,8.29,8.0,0.44,5.5,3.8224,17775378,149137155.0,3924877507.2,3924877507.2
2015-08-06,'600215,长春经开,8.0,8.21,7.5,7.78,8.0,0.0,0.0,1.8533,8618374,68607844.0,3720263040.0,3720263040.0
2015-08-05,'600215,长春经开,8.0,8.32,7.95,8.14,8.19,-0.19,-2.3199,2.3879,11104663,90296155.0,3720263040.0,3720263040.0
2015-08-04,'600215,长春经开,8.19,8.2,7.6,7.66,7.62,0.57,7.4803,2.5659,11932242,94575667.0,3808619287.2,3808619287.2
2015-08-03,'600215,长春经开,7.62,8.08,7.42,8.06,8.04,-0.42,-5.2239,2.2503,10464849,80935400.0,3543550545.6,3543550545.6
2015-07-31,'600215,长春经开,8.04,8.33,7.8,8.1,8.11,-0.07,-0.8631,2.6338,12247881,98604697.0,3738864355.2,3738864355.2
2015-07-30,'600215,长春经开,8.11,8.78,7.97,8.29,8.21,-0.1,-1.218,4.7523,22099713,186478888.0,3771416656.8,3771416656.8
2015-07-29,'600215,长春经开,8.21,8.29,7.41,7.98,7.78,0.43,5.527,4.2601,19810667,154884355.0,3817919944.8,3817919944.8
2015-07-28,'600215,长春经开,7.78,8.24,7.63,7.8,8.48,-0.7,-8.2547,6.7783,31521370,245221067.0,3617955806.4,3617955806.4
2015-07-27,'600215,长春经开,8.48,9.33,8.48,9.02,9.42,-0.94,-9.9788,3.4911,16234854,146188705.0,3943478822.4,3943478822.4
2015-07-24,'600215,长春经开,9.42,10.0,9.27,9.74,9.69,-0.27,-2.7864,5.6279,26171709,254256013.0,4380609729.6,4380609729.6
2015-07-23,'600215,长春经开,9.69,9.95,9.06,9.24,9.26,0.43,4.6436,6.0228,28008016,265268307.0,4506168607.2,4506168607.2
2015-07-22,'600215,长春经开,9.26,9.45,8.99,9.31,9.44,-0.18,-1.9068,4.3571,20262053,186782446.0,4306204468.8,4306204468.8
2015-07-21,'600215,长春经开,9.44,9.69,8.8,9.0,9.19,0.25,2.7203,5.8232,27079737,249925061.0,4389910387.2,4389910387.2
2015-07-20,'600215,长春经开,9.19,9.35,8.8,9.3,8.99,0.2,2.2247,6.9765,32443035,296599645.0,4273652167.2,4273652167.2
2015-07-17,'600215,长春经开,8.99,9.2,8.3,8.54,8.38,0.61,7.2792,5.6885,26453612,230608947.0,4180645591.2,4180645591.2
2015-07-16,'600215,长春经开,8.38,8.4,7.3,7.87,8.03,0.35,4.3587,4.9362,22954925,184522934.0,3896975534.4,3896975534.4
2015-07-15,'600215,长春经开,8.03,8.7,7.92,8.5,8.8,-0.77,-8.75,6.0839,28292263,232167524.0,3734214026.4,3734214026.4
2015-07-14,'600215,长春经开,8.8,9.6,8.58,9.02,8.91,-0.11,-1.2346,7.7209,35904663,329723344.0,4092289344.0,4092289344.0
2015-07-13,'600215,长春经开,8.91,8.91,8.2,8.75,8.1,0.81,10.0,6.4075,29797055,260352244.0,4143442960.8,4143442960.8
2015-07-10,'600215,长春经开,8.1,8.1,7.91,7.91,7.36,0.74,10.0543,3.4942,16249387,130575366.0,3766766328.0,3766766328.0
2015-07-09,'600215,长春经开,0.0,0.0,0.0,0.0,7.36,None,None,0.0,0,0.0,3422641996.8,3422641996.8
2015-07-08,'600215,长春经开,0.0,0.0,0.0,0.0,7.36,None,None,0.0,0,0.0,3422641996.8,3422641996.8
2015-07-07,'600215,长春经开,7.36,7.36,7.36,7.36,8.18,-0.82,-10.0244,0.5103,2373000,17465280.0,3422641996.8,3422641996.8
2015-07-06,'600215,长春经开,8.18,9.87,8.18,9.78,9.09,-0.91,-10.011,4.4322,20611142,183792617.0,3803968958.4,3803968958.4
2015-07-03,'600215,长春经开,9.09,9.65,9.09,9.65,10.1,-1.01,-10.0,7.4531,34659247,316321825.0,4227148879.2,4227148879.2
2015-07-02,'600215,长春经开,10.1,11.21,9.7,10.6,10.37,-0.27,-2.6037,7.3035,33963646,362017959.0,4696832088.0,4696832088.0
2015-07-01,'600215,长春经开,10.37,10.84,9.78,10.6,10.87,-0.5,-4.5998,5.6535,26290639,272658522.0,4822390965.6,4822390965.6
2015-06-30,'600215,XD长春经,10.87,10.95,9.64,10.49,10.71,0.16,1.4939,6.596,30673457,311457005.0,5054907405.6,5054907405.6
2015-06-29,'600215,长春经开,10.72,12.0,10.39,11.75,11.54,-0.82,-7.1057,4.8296,22459159,241839724.0,4985152473.6,4985152473.6
2015-06-26,'600215,长春经开,11.54,12.25,11.54,12.25,12.82,-1.28,-9.9844,4.4236,20571177,240746315.0,5366479435.2,5366479435.2
2015-06-25,'600215,长春经开,12.82,13.6,12.67,13.09,13.15,-0.33,-2.5095,4.6704,21718742,284205976.0,5961721521.6,5961721521.6
2015-06-24,'600215,长春经开,13.15,13.2,12.0,12.9,12.87,0.28,2.1756,3.9767,18492886,237470107.0,6115182372.0,6115182372.0
2015-06-23,'600215,长春经开,12.87,13.58,11.98,13.3,13.31,-0.44,-3.3058,4.2898,19948983,249948825.0,5984973165.6,5984973165.6
2015-06-19,'600215,长春经开,13.31,14.5,13.31,14.05,14.79,-1.48,-10.0068,4.2989,19991343,277617964.0,6189587632.8,6189587632.8
2015-06-18,'600215,长春经开,14.79,15.7,14.7,15.67,15.6,-0.81,-5.1923,4.1926,19496989,295143403.0,6877836295.2,6877836295.2
2015-06-17,'600215,长春经开,15.6,15.88,14.4,15.88,15.96,-0.36,-2.2556,5.3433,24848157,377382359.0,7254512928.0,7254512928.0
2015-06-16,'600215,长春经开,15.96,16.59,15.58,16.19,16.38,-0.42,-2.5641,5.2322,24331425,390719277.0,7421924764.8,7421924764.8
2015-06-15,'600215,长春经开,16.38,16.7,14.98,15.55,15.56,0.82,5.2699,8.2901,38551511,615633233.0,7617238574.4,7617238574.4
2015-06-12,'600215,长春经开,15.56,16.32,15.3,15.4,15.29,0.27,1.7659,8.1886,38079908,598887812.0,7235911612.8,7235911612.8
2015-06-11,'600215,长春经开,15.29,15.54,14.25,14.35,14.38,0.91,6.3282,8.7008,40461526,605027446.0,7110352735.2,7110352735.2
2015-06-10,'600215,长春经开,14.38,14.4,13.7,14.08,14.06,0.32,2.276,5.0364,23421019,328949398.0,6687172814.4,6687172814.4
2015-06-09,'600215,长春经开,14.06,14.49,13.7,13.93,13.95,0.11,0.7885,5.1923,24146106,341849455.0,6538362292.8,6538362292.8
2015-06-08,'600215,长春经开,13.95,14.47,13.61,14.32,14.28,-0.33,-2.3109,4.7211,21954457,306273287.0,6487208676.0,6487208676.0
2015-06-05,'600215,长春经开,14.28,14.5,13.71,14.05,13.96,0.32,2.2923,4.8474,22541925,319977931.0,6640669526.4,6640669526.4
2015-06-04,'600215,长春经开,13.96,14.58,13.06,14.51,14.5,-0.54,-3.7241,3.793,17638861,244679600.0,6491859004.8,6491859004.8
2015-06-03,'600215,长春经开,14.5,14.88,14.0,14.08,14.06,0.44,3.1294,4.9652,23089898,332437900.0,6742976760.0,6742976760.0
2015-06-02,'600215,长春经开,14.06,14.15,13.49,13.75,13.65,0.41,3.0037,3.9016,18143857,250975035.0,6538362292.8,6538362292.8
2015-06-01,'600215,长春经开,13.65,13.86,13.0,13.19,13.15,0.5,3.8023,3.559,16550453,223236538.0,6347698812.0,6347698812.0
2015-05-29,'600215,长春经开,13.15,13.5,12.2,13.0,13.56,-0.41,-3.0236,5.152,23958411,311365480.0,6115182372.0,6115182372.0
2015-05-28,'600215,长春经开,13.56,15.04,13.56,15.04,15.07,-1.51,-10.0199,6.5406,30415801,430539410.0,6305845852.8,6305845852.8
2015-05-27,'600215,长春经开,15.07,15.69,14.73,15.3,15.59,-0.52,-3.3355,4.4347,20622617,313076763.0,7008045501.6,7008045501.6
2015-05-26,'600215,长春经开,15.59,15.8,14.15,14.39,14.51,1.08,7.4431,7.3161,34022242,500559290.0,7249862599.2,7249862599.2
2015-05-25,'600215,长春经开,14.51,14.58,14.0,14.23,14.23,0.28,1.9677,5.1367,23887318,340841044.0,6747627088.8,6747627088.8
2015-05-22,'600215,长春经开,14.23,14.63,14.11,14.2,14.2,0.03,0.2113,3.0815,14329965,204802384.0,6617417882.4,6617417882.4
2015-05-21,'600215,长春经开,14.2,14.44,13.61,13.91,14.1,0.1,0.7092,3.066,14257816,200696087.0,6603466896.0,6603466896.0
2015-05-20,'600215,长春经开,14.1,14.38,13.8,14.25,14.18,-0.08,-0.5642,3.8457,17883591,251115564.0,6556963608.0,6556963608.0
2015-05-19,'600215,长春经开,14.18,14.8,13.62,13.97,14.01,0.17,1.2134,3.5726,16613918,236823630.0,6594166238.4,6594166238.4
2015-05-18,'600215,长春经开,14.01,14.52,12.69,13.0,13.2,0.81,6.1364,5.7229,26613573,374563254.0,6515110648.8,6515110648.8
2015-05-15,'600215,长春经开,13.2,13.29,12.12,12.46,12.49,0.71,5.6845,3.8897,18088451,229994945.0,6138434016.0,6138434016.0
2015-05-14,'600215,长春经开,12.49,12.72,12.0,12.2,12.45,0.04,0.3213,3.5567,16539881,204981884.0,5808260671.2,5808260671.2
2015-05-13,'600215,长春经开,12.45,12.89,11.58,11.7,11.86,0.59,4.9747,4.5285,21059214,260604802.0,5789659356.0,5789659356.0
2015-05-12,'600215,长春经开,11.86,11.95,11.2,11.46,11.34,0.52,4.5855,3.9712,18467351,212983493.0,5515289956.8,5515289956.8
2015-05-11,'600215,长春经开,11.34,11.4,10.61,11.15,10.68,0.66,6.1798,3.6789,17108086,188842819.0,5273472859.2,5273472859.2
2015-05-08,'600215,长春经开,10.68,10.7,10.2,10.5,10.45,0.23,2.201,3.2219,14982771,155829445.0,4966551158.4,4966551158.4
2015-05-07,'600215,长春经开,10.45,10.79,10.04,10.78,10.7,-0.25,-2.3364,2.9652,13789079,141812570.0,4859593596.0,4859593596.0
2015-05-06,'600215,长春经开,10.7,11.15,10.5,10.87,10.91,-0.21,-1.9248,2.4404,11348665,123643559.0,4975851816.0,4975851816.0
2015-05-05,'600215,长春经开,10.91,11.55,10.8,11.29,11.29,-0.38,-3.3658,3.8328,17823939,199284209.0,5073508720.8,5073508720.8
2015-05-04,'600215,长春经开,11.29,11.48,10.52,10.6,10.63,0.66,6.2088,4.7197,21948265,244417434.0,5250221215.2,5250221215.2
2015-04-30,'600215,长春经开,10.63,10.67,10.08,10.31,10.29,0.34,3.3042,3.5808,16652009,172987372.0,4943299514.4,4943299514.4
2015-04-29,'600215,长春经开,10.29,10.47,9.83,9.91,10.07,0.22,2.1847,2.7718,12889611,131338524.0,4785188335.2,4785188335.2
2015-04-28,'600215,长春经开,10.07,10.68,10.0,10.59,10.58,-0.51,-4.8204,4.1374,19240213,195240685.0,4682881101.6,4682881101.6
2015-04-27,'600215,长春经开,10.58,11.1,10.34,10.34,10.34,0.24,2.3211,5.4524,25355411,271748596.0,4920047870.4,4920047870.4
2015-04-24,'600215,长春经开,10.34,10.45,9.69,9.9,9.98,0.36,3.6072,4.7269,21981813,222126265.0,4808439979.2,4808439979.2
2015-04-23,'600215,长春经开,9.98,10.12,9.85,10.01,10.09,-0.11,-1.0902,2.9559,13745808,136797176.0,4641028142.4,4641028142.4
2015-04-22,'600215,长春经开,10.09,10.2,9.65,9.7,9.7,0.39,4.0206,3.9594,18412468,184196678.0,4692181759.2,4692181759.2
2015-04-21,'600215,长春经开,9.7,9.99,9.38,9.42,9.42,0.28,2.9724,2.2464,10446647,101476693.0,4510818936.0,4510818936.0
2015-04-20,'600215,长春经开,9.42,10.0,9.37,10.0,10.0,-0.58,-5.8,3.7311,17351065,167024705.0,4380609729.6,4380609729.6
2015-04-17,'600215,长春经开,10.0,10.18,9.95,9.99,10.02,-0.02,-0.1996,3.3726,15683641,157454016.0,4650328800.0,4650328800.0
2015-04-16,'600215,长春经开,10.02,10.24,9.3,9.41,9.55,0.47,4.9215,4.0333,18756171,185867750.0,4659629457.6,4659629457.6
2015-04-15,'600215,长春经开,9.55,9.94,9.52,9.94,9.97,-0.42,-4.2126,3.0766,14307131,139196344.0,4441064004.0,4441064004.0
2015-04-14,'600215,长春经开,9.97,10.3,9.88,10.25,10.21,-0.24,-2.3506,5.822,27074317,272073468.0,4636377813.6,4636377813.6
2015-04-13,'600215,长春经开,10.21,10.21,9.64,9.64,9.28,0.93,10.0216,8.2792,38501205,388163746.0,4747985704.8,4747985704.8
2015-04-10,'600215,长春经开,9.28,9.37,9.01,9.01,8.98,0.3,3.3408,2.8497,13252212,122444295.0,4315505126.4,4315505126.4
2015-04-09,'600215,长春经开,8.98,9.18,8.75,9.14,9.15,-0.17,-1.8579,2.3995,11158261,100075796.0,4175995262.4,4175995262.4
2015-04-08,'600215,长春经开,9.15,9.41,9.02,9.3,9.38,-0.23,-2.452,2.5924,12055522,110542583.0,4255050852.0,4255050852.0
2015-04-07,'600215,长春经开,9.38,9.4,9.06,9.3,9.32,0.06,0.6438,3.3224,15450062,142944964.0,4362008414.4,4362008414.4
2015-04-03,'600215,长春经开,9.32,9.6,8.81,8.93,8.93,0.39,4.3673,3.6191,16829818,156037737.0,4334106441.6,4334106441.6
2015-04-02,'600215,长春经开,8.93,9.02,8.75,8.88,8.99,-0.06,-0.6674,2.5866,12028341,106656291.0,4152743618.4,4152743618.4
2015-04-01,'600215,长春经开,8.99,9.05,8.82,8.92,8.92,0.07,0.7848,1.884,8761081,78322244.0,4180645591.2,4180645591.2
2015-03-31,'600215,长春经开,8.92,9.28,8.8,9.22,9.1,-0.18,-1.978,3.0683,14268437,127160477.0,4148093289.6,4148093289.6
2015-03-30,'600215,长春经开,9.1,9.35,8.66,8.8,8.85,0.25,2.8249,3.8424,17868307,162712927.0,4231799208.0,4231799208.0
2015-03-27,'600215,长春经开,8.85,8.89,8.17,8.28,8.32,0.53,6.3702,3.6401,16927709,147098762.0,4115540988.0,4115540988.0
2015-03-26,'600215,长春经开,8.32,8.5,8.1,8.38,8.51,-0.19,-2.2327,3.5254,16394219,135584751.0,3869073561.6,3869073561.6
2015-03-25,'600215,长春经开,8.51,8.76,8.42,8.6,8.6,-0.09,-1.0465,3.392,15774068,135112081.0,3957429808.8,3957429808.8
2015-03-24,'600215,长春经开,8.6,8.84,8.1,8.4,8.3,0.3,3.6145,5.1065,23746895,199236791.0,3999282768.0,3999282768.0
2015-03-23,'600215,长春经开,8.3,8.45,8.14,8.3,8.24,0.06,0.7282,4.7683,22174120,183350663.0,3859772904.0,3859772904.0
2015-03-20,'600215,长春经开,8.24,8.24,7.51,7.51,7.49,0.75,10.0134,5.6168,26120008,209088669.0,3831870931.2,3831870931.2
2015-03-19,'600215,长春经开,7.49,7.76,7.38,7.46,7.45,0.04,0.5369,3.166,14723081,111468293.0,3483096271.2,3483096271.2
2015-03-18,'600215,长春经开,7.45,7.56,7.17,7.24,7.24,0.21,2.9006,3.7254,17324212,127690578.0,3464494956.0,3464494956.0
2015-03-17,'600215,长春经开,7.24,7.32,7.15,7.26,7.25,-0.01,-0.1379,2.7724,12892734,93301716.0,3366838051.2,3366838051.2
2015-03-16,'600215,长春经开,7.25,7.3,7.1,7.13,7.15,0.1,1.3986,2.6323,12241217,88295826.0,3371488380.0,3371488380.0
2015-03-13,'600215,长春经开,7.15,7.27,7.0,7.11,7.05,0.1,1.4184,1.4279,6640304,47453503.0,3324985092.0,3324985092.0
2015-03-12,'600215,长春经开,7.05,7.36,6.98,7.32,7.3,-0.25,-3.4247,2.3634,10990407,78441600.0,3278481804.0,3278481804.0
2015-03-11,'600215,长春经开,7.3,7.41,7.21,7.34,7.36,-0.06,-0.8152,2.3971,11147230,81278806.0,3394740024.0,3394740024.0
2015-03-10,'600215,长春经开,7.36,7.42,7.07,7.13,7.13,0.23,3.2258,3.0657,14256322,104171369.0,3422641996.8,3422641996.8
2015-03-09,'600215,长春经开,7.13,7.18,6.82,6.92,6.92,0.21,3.0347,2.4849,11555437,80746863.0,3315684434.4,3315684434.4
2015-03-06,'600215,长春经开,6.92,7.2,6.7,6.7,6.76,0.16,2.3669,4.0953,19044573,133003893.0,3218027529.6,3218027529.6
2015-03-05,'600215,长春经开,6.76,6.87,6.62,6.78,6.79,-0.03,-0.4418,2.308,10732853,71987303.0,3143622268.8,3143622268.8
2015-03-04,'600215,长春经开,6.79,6.81,6.45,6.49,6.49,0.3,4.6225,3.4445,16018056,106879227.0,3157573255.2,3157573255.2
2015-03-03,'600215,长春经开,6.49,6.69,6.41,6.42,6.45,0.04,0.6202,2.8991,13481930,88344638.0,3018063391.2,3018063391.2
2015-03-02,'600215,长春经开,6.45,6.67,6.23,6.28,6.21,0.24,3.8647,3.5656,16581103,107416757.0,2999462076.0,2999462076.0
2015-02-27,'600215,长春经开,6.21,6.29,6.18,6.26,6.25,-0.04,-0.64,1.2926,6011103,37476279.0,2887854184.8,2887854184.8
2015-02-26,'600215,长春经开,6.25,6.28,6.17,6.28,6.25,0.0,0.0,1.0711,4980795,30997622.0,2906455500.0,2906455500.0
2015-02-25,'600215,长春经开,6.25,6.35,6.12,6.15,6.16,0.09,1.461,1.628,7570953,47334260.0,2906455500.0,2906455500.0
2015-02-17,'600215,长春经开,6.16,6.17,6.05,6.09,6.11,0.05,0.8183,0.9247,4300273,26349428.0,2864602540.8,2864602540.8
2015-02-16,'600215,长春经开,6.11,6.27,6.01,6.05,6.05,0.06,0.9917,1.7007,7908902,48602632.0,2841350896.8,2841350896.8
2015-02-13,'600215,长春经开,6.05,6.15,6.0,6.05,5.89,0.16,2.7165,1.6284,7572516,46066470.0,2813448924.0,2813448924.0
2015-02-12,'600215,长春经开,5.89,5.93,5.8,5.85,5.89,0.0,0.0,1.0303,4791393,28041779.0,2739043663.2,2739043663.2
2015-02-11,'600215,长春经开,5.89,6.01,5.82,5.83,5.81,0.08,1.3769,0.9723,4521354,26812857.0,2739043663.2,2739043663.2
2015-02-10,'600215,长春经开,5.81,5.84,5.65,5.69,5.7,0.11,1.9298,0.7454,3466432,19953799.0,2701841032.8,2701841032.8
2015-02-09,'600215,长春经开,5.7,5.89,5.63,5.82,5.9,-0.2,-3.3898,1.2023,5591246,32347307.0,2650687416.0,2650687416.0
2015-02-06,'600215,长春经开,5.9,6.2,5.89,6.2,6.07,-0.17,-2.8007,1.7653,8209263,49591196.0,2743693992.0,2743693992.0
2015-02-05,'600215,长春经开,6.07,6.24,6.03,6.2,6.13,-0.06,-0.9788,1.2679,5896300,35957405.0,2822749581.6,2822749581.6
2016-02-15,'600215,长春经开,7.48,7.5,6.66,6.78,6.98,0.5,7.1633,1.7785,8270620,59716175.0,3478445942.4,3478445942.4

