2016-05-13,'600279,重庆港九,10.61,10.83,10.49,10.73,10.74,-0.13,-1.2104,1.287,5945733,63436960.0,4901526962.41,4901526962.41
2016-05-12,'600279,重庆港九,10.74,10.79,10.38,10.68,10.81,-0.07,-0.6475,1.5005,6931845,73158423.0,4961583371.94,4961583371.94
2016-05-11,'600279,重庆港九,10.81,11.05,10.78,11.04,10.95,-0.14,-1.2785,1.4722,6801150,74238319.0,4993921438.61,4993921438.61
2016-05-10,'600279,重庆港九,10.95,11.11,10.73,11.02,10.95,0.0,0.0,1.5923,7356057,80197927.0,5058597571.95,5058597571.95
2016-05-09,'600279,重庆港九,10.95,11.45,10.8,11.43,11.57,-0.62,-5.3587,2.7612,12755791,141304429.0,5058597571.95,5058597571.95
2016-05-06,'600279,重庆港九,11.57,12.14,11.55,12.12,12.07,-0.5,-4.1425,2.9395,13579533,159755717.0,5345020448.17,5345020448.17
2016-05-05,'600279,重庆港九,12.07,12.16,11.95,11.95,12.0,0.07,0.5833,1.6247,7505547,90575365.0,5576006638.67,5576006638.67
2016-05-04,'600279,重庆港九,12.0,12.11,11.95,12.01,12.1,-0.1,-0.8264,1.8244,8428131,101377510.0,5543668572.0,5543668572.0
2016-05-03,'600279,重庆港九,12.1,12.1,11.65,11.81,11.81,0.29,2.4555,2.0819,9617837,115122511.0,5589865810.1,5589865810.1
2016-04-29,'600279,重庆港九,11.81,11.85,11.62,11.66,11.74,0.07,0.5963,1.2887,5953295,69904356.0,5455893819.61,5455893819.61
2016-04-28,'600279,重庆港九,11.74,12.05,11.5,12.03,12.03,-0.29,-2.4106,2.7083,12511605,146855879.0,5423555752.94,5423555752.94
2016-04-27,'600279,重庆港九,12.03,12.2,11.99,12.17,12.19,-0.16,-1.3126,1.9799,9146576,110665866.0,5557527743.43,5557527743.43
2016-04-26,'600279,重庆港九,12.19,12.22,11.98,12.03,12.1,0.09,0.7438,1.8041,8334461,100854445.0,5631443324.39,5631443324.39
2016-04-25,'600279,重庆港九,12.1,12.32,12.0,12.32,12.47,-0.37,-2.9671,2.4761,11438703,138478614.0,5589865810.1,5589865810.1
2016-04-22,'600279,重庆港九,12.47,12.61,12.26,12.52,12.38,0.09,0.727,3.293,15212961,189253881.0,5760795591.07,5760795591.07
2016-04-21,'600279,重庆港九,12.38,12.49,11.89,11.91,12.07,0.31,2.5684,4.2749,19748883,241307449.0,5719218076.78,5719218076.78
2016-04-20,'600279,重庆港九,12.07,13.28,11.82,13.18,12.92,-0.85,-6.5789,6.2694,28962964,363033289.0,5576006638.67,5576006638.67
2016-04-19,'600279,重庆港九,12.92,12.94,12.56,12.68,12.58,0.34,2.7027,3.2452,14991697,191410904.0,5968683162.52,5968683162.52
2016-04-18,'600279,重庆港九,12.58,12.86,12.55,12.83,12.93,-0.35,-2.7069,2.5484,11772915,149097064.0,5811612552.98,5811612552.98
2016-04-15,'600279,重庆港九,12.93,13.04,12.72,12.81,12.78,0.15,1.1737,3.8541,17804995,229496586.0,5973302886.33,5973302886.33
2016-04-14,'600279,重庆港九,12.78,12.84,12.62,12.8,12.73,0.05,0.3928,2.6599,12287994,156401441.0,5904007029.18,5904007029.18
2016-04-13,'600279,重庆港九,12.73,13.01,12.58,12.65,12.62,0.11,0.8716,4.6771,21606713,277204200.0,5880908410.13,5880908410.13
2016-04-12,'600279,重庆港九,12.62,12.78,12.45,12.77,12.83,-0.21,-1.6368,2.8315,13080810,164392000.0,5830091448.22,5830091448.22
2016-04-11,'600279,重庆港九,12.83,13.0,12.63,12.84,12.52,0.31,2.476,4.0228,18584252,238128190.0,5927105648.23,5927105648.23
2016-04-08,'600279,重庆港九,12.52,12.66,12.23,12.58,12.76,-0.24,-1.8809,4.1924,19367760,240777427.0,5783894210.12,5783894210.12
2016-04-07,'600279,重庆港九,12.76,13.15,12.73,12.86,12.84,-0.08,-0.6231,5.4887,25356204,329314190.0,5894767581.56,5894767581.56
2016-04-06,'600279,重庆港九,12.84,12.93,12.59,12.83,12.93,-0.09,-0.6961,4.1336,19095997,244064973.0,5931725372.04,5931725372.04
2016-04-05,'600279,重庆港九,12.93,13.05,12.48,12.65,12.64,0.29,2.2943,4.0906,18897463,242078450.0,5973302886.33,5973302886.33
2016-04-01,'600279,重庆港九,12.64,12.73,12.42,12.63,12.82,-0.18,-1.4041,3.4327,15857983,199164077.0,5839330895.84,5839330895.84
2016-03-31,'600279,重庆港九,12.82,13.28,12.78,13.12,13.11,-0.29,-2.2121,6.7638,31246823,406146815.0,5922485924.42,5922485924.42
2016-03-30,'600279,重庆港九,13.11,13.18,12.55,12.6,12.42,0.69,5.5556,5.523,25514706,326998961.0,6056457914.91,6056457914.91
2016-03-29,'600279,重庆港九,12.42,12.74,12.32,12.61,12.71,-0.29,-2.2817,4.2372,19574533,244969165.0,5737696972.02,5737696972.02
2016-03-28,'600279,重庆港九,12.71,13.28,12.51,13.2,13.43,-0.72,-5.3611,10.5609,48788277,633549320.0,5871668962.51,5871668962.51
2016-03-25,'600279,重庆港九,13.43,13.48,12.86,13.01,13.07,0.36,2.7544,7.7216,35671531,469912609.0,6204289076.83,6204289076.83
2016-03-24,'600279,重庆港九,13.07,13.6,12.5,12.62,12.74,0.33,2.5903,10.1337,46814974,612951983.0,6037979019.67,6037979019.67
2016-03-23,'600279,重庆港九,12.74,12.77,12.41,12.55,12.55,0.19,1.5139,3.7916,17516109,220175665.0,5885528133.94,5885528133.94
2016-03-22,'600279,重庆港九,12.55,12.77,12.42,12.51,12.76,-0.21,-1.6458,4.6535,21497796,270657695.0,5797753381.55,5797753381.55
2016-03-21,'600279,重庆港九,12.76,12.87,12.18,12.35,12.28,0.48,3.9088,7.8174,36114144,450446007.0,5894767581.56,5894767581.56
2016-03-18,'600279,重庆港九,12.28,12.4,11.62,11.8,11.58,0.7,6.0449,5.5933,25839582,309300403.0,5673020838.68,5673020838.68
2016-03-17,'600279,重庆港九,11.58,11.65,11.28,11.39,11.29,0.29,2.5686,3.2674,15094502,173563277.0,5349640171.98,5349640171.98
2016-03-16,'600279,重庆港九,11.29,11.69,11.26,11.67,11.47,-0.18,-1.5693,2.3912,11046875,126725862.0,5215668181.49,5215668181.49
2016-03-15,'600279,重庆港九,11.47,11.85,11.37,11.77,11.8,-0.33,-2.7966,2.8916,13358451,154813028.0,5298823210.07,5298823210.07
2016-03-14,'600279,重庆港九,11.8,12.07,11.38,11.4,11.55,0.25,2.1645,4.3436,20066135,236354712.0,5451274095.8,5451274095.8
2016-03-11,'600279,重庆港九,11.55,11.82,11.32,11.6,11.87,-0.32,-2.6959,3.5861,16566675,191432732.0,5335781000.55,5335781000.55
2016-03-10,'600279,重庆港九,11.87,12.65,11.82,12.55,12.45,-0.58,-4.6586,4.5523,21030268,256600497.0,5483612162.47,5483612162.47
2016-03-09,'600279,重庆港九,12.45,12.95,12.11,12.26,12.65,-0.2,-1.581,5.4572,25210828,317689215.0,5751556143.45,5751556143.45
2016-03-08,'600279,重庆港九,12.65,12.8,11.91,12.6,12.74,-0.09,-0.7064,4.455,20580985,256085911.0,5843950619.65,5843950619.65
2016-03-07,'600279,重庆港九,12.74,12.78,12.4,12.62,12.31,0.43,3.4931,4.6427,21447938,270189964.0,5885528133.94,5885528133.94
2016-03-04,'600279,重庆港九,12.31,12.9,11.88,12.46,12.71,-0.4,-3.1471,5.4687,25264062,313508729.0,5686880010.11,5686880010.11
2016-03-03,'600279,重庆港九,12.71,13.4,12.45,12.59,12.59,0.12,0.9531,7.469,34504811,443940666.0,5871668962.51,5871668962.51
2016-03-02,'600279,重庆港九,12.59,12.63,12.0,12.25,11.86,0.73,6.1551,6.5847,30419702,376677087.0,5816232276.79,5816232276.79
2016-03-01,'600279,重庆港九,11.86,12.19,11.51,11.72,11.72,0.14,1.1945,3.8234,17663056,209643629.0,5478992438.66,5478992438.66
2016-02-29,'600279,重庆港九,11.72,12.3,11.15,11.95,12.29,-0.57,-4.6379,5.2501,24253829,284474367.0,5414316305.32,5414316305.32
2016-02-26,'600279,重庆港九,12.29,12.82,11.1,11.81,11.79,0.5,4.2409,6.5455,30238589,359460480.0,5677640562.49,5677640562.49
2016-02-25,'600279,重庆港九,11.79,13.04,11.79,12.95,13.1,-1.31,-10.0,7.7369,35742567,440821724.0,5446654371.99,5446654371.99
2016-02-24,'600279,重庆港九,13.1,14.17,13.01,13.13,13.28,-0.18,-1.3554,11.5238,53236724,723568709.0,6051838191.1,6051838191.1
2016-02-23,'600279,重庆港九,13.28,13.28,12.11,12.2,12.07,1.21,10.0249,9.1701,42363521,537272611.0,6134993219.68,6134993219.68
2016-02-22,'600279,重庆港九,12.07,12.16,11.85,12.09,11.84,0.23,1.9426,3.8828,17937636,215526711.0,5576006638.67,5576006638.67
2016-02-19,'600279,重庆港九,11.84,11.93,11.63,11.82,11.84,0.0,0.0,3.0765,14212558,167178985.0,5469752991.04,5469752991.04
2016-02-18,'600279,重庆港九,11.84,12.22,11.82,12.13,12.16,-0.32,-2.6316,4.0738,18819660,225689950.0,5469752991.04,5469752991.04
2016-02-17,'600279,重庆港九,12.16,12.6,11.83,11.91,11.98,0.18,1.5025,5.6213,25968956,316719638.0,5617584152.96,5617584152.96
2016-02-16,'600279,重庆港九,11.98,12.04,11.56,11.62,11.53,0.45,3.9029,4.343,20063274,237750322.0,5534429124.38,5534429124.38
2016-02-15,'600279,重庆港九,11.53,11.59,11.05,11.2,11.63,-0.1,-0.8598,2.425,11202923,126761220.0,5326541552.93,5326541552.93
2016-02-05,'600279,重庆港九,11.63,11.8,11.48,11.8,11.86,-0.23,-1.9393,3.5837,16555579,192497374.0,5372738791.03,5372738791.03
2016-02-04,'600279,重庆港九,11.86,12.03,11.46,11.5,11.68,0.18,1.5411,5.7216,26432236,310575233.0,5478992438.66,5478992438.66
2016-02-03,'600279,重庆港九,11.68,11.73,10.91,11.19,11.4,0.28,2.4561,4.6092,21293360,239642354.0,5395837410.08,5395837410.08
2016-02-02,'600279,重庆港九,11.4,11.5,11.0,11.0,11.09,0.31,2.7953,4.0435,18679987,211714490.0,5266485143.4,5266485143.4
2016-02-01,'600279,重庆港九,11.09,11.44,10.7,11.14,11.15,-0.06,-0.5381,3.9602,18295093,203503431.0,5123273705.29,5123273705.29
2016-01-29,'600279,重庆港九,11.15,11.35,10.48,10.5,10.64,0.51,4.7932,4.167,19250411,212280385.0,5150992048.15,5150992048.15
2016-01-28,'600279,重庆港九,10.64,11.29,10.42,11.01,11.42,-0.78,-6.8301,4.5861,21186535,231685703.0,4915386133.84,4915386133.84
2016-01-27,'600279,重庆港九,11.42,11.53,10.3,11.2,10.72,0.7,6.5299,7.6088,35150393,388843038.0,5275724591.02,5275724591.02
2016-01-26,'600279,重庆港九,10.72,11.85,10.72,11.62,11.91,-1.19,-9.9916,6.7213,31050779,348958267.0,4952343924.32,4952343924.32
2016-01-25,'600279,重庆港九,11.91,11.91,10.83,10.9,10.83,1.08,9.9723,6.7539,31201215,357238588.0,5502091057.71,5502091057.71
2016-01-22,'600279,重庆港九,10.83,10.85,9.95,10.4,10.2,0.63,6.1765,4.6191,21338989,221582927.0,5003160886.23,5003160886.23
2016-01-21,'600279,重庆港九,10.2,11.11,10.1,10.71,11.01,-0.81,-7.3569,3.8096,17599133,187756192.0,4712118286.2,4712118286.2
2016-01-20,'600279,重庆港九,11.01,11.37,10.68,10.9,10.98,0.03,0.2732,5.2176,24103819,267445779.0,5086315914.81,5086315914.81
2016-01-19,'600279,重庆港九,10.98,11.1,10.08,10.25,10.28,0.7,6.8093,4.6165,21326980,228542418.0,5072456743.38,5072456743.38
2016-01-18,'600279,重庆港九,10.28,10.58,9.71,9.79,10.11,0.17,1.6815,3.6756,16980262,172970777.0,4749076076.68,4749076076.68
2016-01-15,'600279,重庆港九,10.11,11.17,9.98,10.77,10.97,-0.86,-7.8396,3.9374,18189905,192077605.0,4670540771.91,4670540771.91
2016-01-14,'600279,重庆港九,10.97,11.2,9.76,10.04,10.63,0.34,3.1985,4.6741,21593266,225632297.0,5067837019.57,5067837019.57
2016-01-13,'600279,重庆港九,10.63,11.98,10.6,11.95,11.77,-1.14,-9.6856,5.2802,24393233,276932546.0,4910766410.03,4910766410.03
2016-01-12,'600279,重庆港九,11.77,12.88,11.77,12.4,13.08,-1.31,-10.0153,6.1428,28378263,341542369.0,5437414924.37,5437414924.37
2016-01-11,'600279,重庆港九,13.08,13.88,13.08,13.48,14.53,-1.45,-9.9794,7.3189,33811511,446747677.0,6042598743.48,6042598743.48
2016-01-08,'600279,重庆港九,14.53,15.06,13.31,14.83,13.79,0.74,5.3662,11.1252,51395141,742163329.0,6712458695.93,6712458695.93
2016-01-07,'600279,重庆港九,13.79,15.39,13.62,14.7,14.6,-0.81,-5.5479,7.0726,32673610,483106073.0,6370599133.99,6370599133.99
2016-01-06,'600279,重庆港九,14.6,14.6,12.93,13.55,13.27,1.33,10.0226,8.9301,41254520,569587080.0,6744796762.6,6744796762.6
2016-01-05,'600279,重庆港九,13.27,15.25,13.19,14.24,14.66,-1.39,-9.4816,9.5024,43898583,607987892.0,6130373495.87,6130373495.87
2016-01-04,'600279,重庆港九,14.66,16.35,14.66,16.35,16.29,-1.63,-10.0061,4.7663,22018931,335501975.0,6772515105.46,6772515105.46
2015-12-31,'600279,重庆港九,16.29,17.0,16.0,16.01,15.95,0.34,2.1317,6.5134,30090230,497952320.0,7525530086.49,7525530086.49
2015-12-30,'600279,重庆港九,15.95,15.99,15.4,15.98,15.99,-0.04,-0.2502,4.4977,20778099,326890032.0,7368459476.95,7368459476.95
2015-12-29,'600279,重庆港九,15.99,16.55,15.76,16.1,16.25,-0.26,-1.6,4.5953,21228993,342022293.0,7386938372.19,7386938372.19
2015-12-28,'600279,重庆港九,16.25,16.66,15.69,15.9,15.73,0.52,3.3058,7.3388,33903053,551996090.0,7507051191.25,7507051191.25
2015-12-25,'600279,重庆港九,15.73,16.22,15.55,15.61,15.9,-0.17,-1.0692,3.7095,17136749,272458566.0,7266825553.13,7266825553.13
2015-12-24,'600279,重庆港九,15.9,16.01,14.72,15.35,15.56,0.34,2.1851,5.266,24327364,374966056.0,7345360857.9,7345360857.9
2015-12-23,'600279,重庆港九,15.56,16.0,15.41,15.53,15.7,-0.14,-0.8917,4.3898,20279784,319257282.0,7188290248.36,7188290248.36
2015-12-22,'600279,重庆港九,15.7,16.01,15.39,15.85,16.01,-0.31,-1.9363,6.0724,28052624,439087974.0,7252966381.7,7252966381.7
2015-12-21,'600279,重庆港九,16.01,16.78,15.52,16.0,15.27,0.74,4.8461,15.2176,70301024,1139021434.0,7396177819.81,7396177819.81
2015-12-18,'600279,重庆港九,15.27,15.5,14.55,14.67,14.18,1.09,7.6869,11.1076,51314181,771461823.0,7054318257.87,7054318257.87
2015-12-17,'600279,重庆港九,14.18,14.25,13.62,13.78,13.63,0.55,4.0352,6.2541,28892325,402051583.0,6550768362.58,6550768362.58
2015-12-16,'600279,重庆港九,13.63,13.66,12.92,12.92,12.98,0.65,5.0077,4.8524,22416694,298430083.0,6296683553.03,6296683553.03
2015-12-15,'600279,重庆港九,12.98,13.03,12.45,12.49,12.53,0.45,3.5914,3.0285,13990648,179846335.0,5996401505.38,5996401505.38
2015-12-14,'600279,重庆港九,12.53,12.57,11.95,12.06,12.24,0.29,2.3693,1.9082,8815249,108810712.0,5788513933.93,5788513933.93
2015-12-11,'600279,重庆港九,12.24,12.51,12.07,12.43,12.52,-0.28,-2.2364,1.9961,9221348,112864405.0,5654541943.44,5654541943.44
2015-12-10,'600279,重庆港九,12.52,13.03,12.43,13.03,13.05,-0.53,-4.0613,3.0959,14302255,182164566.0,5783894210.12,5783894210.12
2015-12-09,'600279,重庆港九,13.05,13.31,12.89,13.31,13.45,-0.4,-2.974,4.524,20899704,272932650.0,6028739572.05,6028739572.05
2015-12-08,'600279,重庆港九,13.45,13.9,12.22,12.8,12.74,0.71,5.573,7.1529,33044636,436856039.0,6213528524.45,6213528524.45
2015-12-07,'600279,重庆港九,12.74,12.78,12.55,12.76,12.73,0.01,0.0786,2.5144,11616027,147153099.0,5885528133.94,5885528133.94
2015-12-04,'600279,重庆港九,12.73,12.95,12.5,12.61,12.68,0.05,0.3943,3.7184,17178106,218786561.0,5880908410.13,5880908410.13
2015-12-03,'600279,重庆港九,12.68,12.69,12.17,12.3,12.2,0.48,3.9344,3.0947,14296715,177750241.0,5857809791.08,5857809791.08
2015-12-02,'600279,重庆港九,12.2,12.51,11.6,12.48,12.39,-0.19,-1.5335,3.4124,15764394,190147691.0,5636063048.2,5636063048.2
2015-12-01,'600279,重庆港九,12.39,12.64,12.05,12.25,12.25,0.14,1.1429,3.99,18432536,228607224.0,5723837800.59,5723837800.59
2015-11-30,'600279,重庆港九,12.25,12.8,11.5,12.74,12.7,-0.45,-3.5433,4.6446,21456880,261585941.0,5659161667.25,5659161667.25
2015-11-27,'600279,重庆港九,12.7,14.08,12.7,14.0,14.11,-1.41,-9.9929,6.0488,27943746,370139273.0,5867049238.7,5867049238.7
2015-11-26,'600279,重庆港九,14.11,14.43,14.0,14.09,14.04,0.07,0.4986,5.5111,25459898,361616765.0,6518430295.91,6518430295.91
2015-11-25,'600279,重庆港九,14.04,14.09,13.7,13.94,13.89,0.15,1.0799,5.1653,23862347,332360174.0,6486092229.24,6486092229.24
2015-11-24,'600279,重庆港九,13.89,14.5,13.75,14.0,14.1,-0.21,-1.4894,7.1069,32832021,456924172.0,6416796372.09,6416796372.09
2015-11-23,'600279,重庆港九,14.1,14.78,14.03,14.78,14.94,-0.84,-5.6225,4.7692,22032204,316056908.0,6513810572.1,6513810572.1
2015-11-20,'600279,重庆港九,14.94,15.04,14.69,14.82,14.81,0.13,0.8778,3.6959,12643456,188085487.0,6901867372.14,5110858394.28
2015-11-19,'600279,重庆港九,14.81,14.84,14.4,14.65,14.66,0.15,1.0232,2.7909,9547561,139204962.0,6841810962.61,5066386400.22
2015-11-18,'600279,重庆港九,14.66,15.15,14.52,15.05,14.77,-0.11,-0.7448,2.7035,9248565,137862795.0,6772515105.46,5015072560.92
2015-11-17,'600279,重庆港九,14.77,15.32,14.71,15.3,15.19,-0.42,-2.765,3.325,11374727,171423206.0,6823332067.37,5052702709.74
2015-11-16,'600279,重庆港九,15.19,15.2,14.23,14.48,14.87,0.32,2.152,3.3639,11507619,169028993.0,7017360467.39,5196381459.78
2015-11-13,'600279,重庆港九,14.87,15.6,14.8,15.55,15.65,-0.78,-4.984,4.432,15161512,227480660.0,6869529305.47,5086911935.94
2015-11-12,'600279,重庆港九,15.65,15.93,15.44,15.56,15.57,0.08,0.5138,4.9369,16888712,265051817.0,7229867762.65,5353743900.3
2015-11-11,'600279,重庆港九,15.57,15.78,15.28,15.75,15.74,-0.17,-1.0801,4.9237,16843665,260092481.0,7192909972.17,5326376519.34
2015-11-10,'600279,重庆港九,15.74,16.2,15.38,16.19,16.21,-0.47,-2.8994,7.039,24079928,377091263.0,7271445276.94,5384532203.88
2015-11-09,'600279,重庆港九,16.21,17.0,16.01,16.88,16.7,-0.49,-2.9341,11.7217,40099042,658645121.0,7488572296.01,5545315567.02
2015-11-06,'600279,重庆港九,16.7,17.2,16.03,16.59,16.51,0.19,1.1508,10.0616,34420037,573483466.0,7714938762.7,5712940775.4
2015-11-05,'600279,重庆港九,16.51,16.88,15.75,15.97,15.98,0.53,3.3166,9.0315,30896139,503311584.0,7627164010.31,5647943245.62
2015-11-04,'600279,重庆港九,15.98,16.0,14.5,14.5,14.58,1.4,9.6022,5.8575,20037963,305215754.0,7382318648.38,5466634346.76
2015-11-03,'600279,重庆港九,14.58,15.65,14.08,15.4,15.47,-0.89,-5.7531,5.6459,19314337,284618117.0,6735557314.98,4987705179.96
2015-11-02,'600279,重庆港九,15.47,16.36,15.38,15.8,16.34,-0.87,-5.3244,4.617,15794477,251140481.0,7146712734.07,5292167293.14
2015-10-30,'600279,重庆港九,16.34,16.84,16.01,16.01,15.88,0.46,2.8967,6.2861,21504345,352944529.0,7548628705.54,5589787561.08
2015-10-29,'600279,重庆港九,15.88,16.47,15.5,15.97,15.83,0.05,0.3159,4.848,16584520,264706178.0,7336121410.28,5432425120.56
2015-10-28,'600279,重庆港九,15.83,16.76,15.45,15.6,16.02,-0.19,-1.186,5.8906,20151156,322775443.0,7313022791.23,5415320507.46
2015-10-27,'600279,重庆港九,16.02,16.5,14.21,15.45,15.59,0.43,2.7582,8.706,29782554,460262690.0,7400797543.62,5480318037.24
2015-10-26,'600279,重庆港九,15.59,15.59,14.17,14.17,14.17,1.42,10.0212,8.0824,27649153,420083772.0,7202149419.79,5333218364.58
2015-10-23,'600279,重庆港九,14.17,14.63,13.05,13.2,13.33,0.84,6.3016,8.1872,28007813,389317471.0,6546148638.77,4847447352.54
2015-10-22,'600279,重庆港九,13.33,13.39,12.25,12.25,12.17,1.16,9.5316,7.7803,26615650,345935180.0,6158091838.73,4560089852.46
2015-10-21,'600279,重庆港九,12.17,13.5,11.91,12.89,13.0,-0.83,-6.3846,6.8216,23336108,299064427.0,5622203876.77,4163262828.54
2015-10-20,'600279,重庆港九,13.0,13.1,12.35,12.66,12.8,0.2,1.5625,5.1925,17763288,226468447.0,6005640953.0,4447199406.0
2015-10-19,'600279,重庆港九,12.8,13.65,12.63,13.0,12.61,0.19,1.5067,9.4356,32278495,421716709.0,5913246476.8,4378780953.6
2015-10-16,'600279,重庆港九,12.61,12.61,12.36,12.36,11.46,1.15,10.0349,2.6945,9217528,116012008.0,5825471724.41,4313783423.82
2015-10-15,'600279,重庆港九,11.46,11.49,10.93,10.95,11.09,0.37,3.3363,3.0457,10419042,118027688.0,5294203486.26,3920377322.52
2015-10-14,'600279,重庆港九,11.09,11.59,11.0,11.31,11.58,-0.49,-4.2314,3.5624,12186858,137462017.0,5123273705.29,3793803185.58
2015-10-13,'600279,重庆港九,11.58,11.99,11.46,11.49,11.26,0.32,2.8419,5.689,19461645,226907786.0,5349640171.98,3961428393.96
2015-10-12,'600279,重庆港九,11.26,11.49,10.82,11.0,10.86,0.4,3.6832,5.0439,17254811,193265413.0,5201809010.06,3851958870.12
2015-10-09,'600279,重庆港九,10.86,11.0,10.55,10.79,11.03,-0.17,-1.5413,4.548,15558266,167596247.0,5017020057.66,3715121965.32
2015-10-08,'600279,重庆港九,11.03,11.66,10.61,10.61,10.8,0.23,2.1296,7.2507,24804174,275320935.0,5095555362.43,3773277649.86
2015-09-30,'600279,重庆港九,10.8,10.98,10.0,10.4,10.08,0.72,7.1429,8.615,29471273,313257835.0,4989301714.8,3694596429.6
2015-09-29,'600279,重庆港九,10.08,10.08,9.2,9.2,9.16,0.92,10.0437,3.2623,11159964,110924734.0,4656681600.48,3448290000.96
2015-09-28,'600279,重庆港九,9.16,9.2,8.91,9.08,9.02,0.14,1.5521,0.9252,3164906,28798686.0,4231667009.96,3133565119.92
2015-09-25,'600279,重庆港九,9.02,9.41,8.91,9.35,9.39,-0.37,-3.9404,2.0218,6916269,63503623.0,4166990876.62,3085672203.24
2015-09-24,'600279,重庆港九,9.39,9.5,9.13,9.2,9.16,0.23,2.5109,1.8565,6350901,59229854.0,4337920657.59,3212246340.18
2015-09-23,'600279,重庆港九,9.16,9.34,9.08,9.18,9.44,-0.28,-2.9661,1.9367,6625393,60911264.0,4231667009.96,3133565119.92
2015-09-22,'600279,重庆港九,9.44,9.6,9.31,9.4,9.43,0.01,0.106,2.6653,9117857,86191372.0,4361019276.64,3229350953.28
2015-09-21,'600279,重庆港九,9.43,9.49,8.82,8.9,9.18,0.25,2.7233,2.7096,9269246,85154938.0,4356399552.83,3225930030.66
2015-09-18,'600279,重庆港九,9.18,9.28,8.68,9.04,8.94,0.24,2.6846,2.6895,9200528,82694933.0,4240906457.58,3140406965.16
2015-09-17,'600279,重庆港九,8.94,9.4,8.9,9.12,9.15,-0.21,-2.2951,3.6603,12521639,115015092.0,4130033086.14,3058304822.28
2015-09-16,'600279,重庆港九,9.15,9.23,8.36,8.55,8.39,0.76,9.0584,3.1587,10805808,95184767.0,4227047286.15,3130144197.3
2015-09-15,'600279,重庆港九,8.39,8.79,8.15,8.27,8.51,-0.12,-1.4101,2.6744,9148763,77703286.0,3875948276.59,2870154078.18
2015-09-14,'600279,重庆港九,8.51,9.66,8.51,9.48,9.45,-0.94,-9.9471,3.1613,10814427,97665266.0,3931384962.31,2911205149.62
2015-09-11,'600279,重庆港九,9.45,9.51,9.09,9.23,9.11,0.34,3.7322,2.1146,7233971,67290252.0,4365639000.45,3232771875.9
2015-09-10,'600279,重庆港九,9.11,9.44,9.06,9.26,9.49,-0.38,-4.0042,1.7369,5941904,55100457.0,4208568390.91,3116460506.82
2015-09-09,'600279,重庆港九,9.49,9.65,9.1,9.2,9.08,0.41,4.5154,2.6765,9156002,85585106.0,4384117895.69,3246455566.38
2015-09-08,'600279,重庆港九,9.08,9.18,8.42,8.42,8.57,0.51,5.951,1.6694,5711008,50343762.0,4194709219.48,3106197738.96
2015-09-07,'600279,重庆港九,8.57,8.75,8.33,8.4,8.12,0.45,5.5419,2.1732,7434479,63707594.0,3959103305.17,2931730685.34
2015-09-02,'600279,重庆港九,8.12,8.88,7.91,7.95,8.55,-0.43,-5.0292,1.8836,6443626,53459464.0,3751215733.72,2777789167.44
2015-09-01,'600279,重庆港九,8.55,9.49,8.5,9.49,9.41,-0.86,-9.1392,2.5446,8704777,76902780.0,3949863857.55,2924888840.1
2015-08-31,'600279,重庆港九,9.41,9.79,9.3,9.7,9.79,-0.38,-3.8815,2.2629,7741277,73740154.0,4347160105.21,3219088185.42
2015-08-28,'600279,重庆港九,9.79,9.83,9.13,9.19,9.12,0.67,7.3465,2.9259,10009362,94462070.0,4522709609.99,3349083244.98
2015-08-27,'600279,重庆港九,9.12,9.16,8.38,8.81,8.48,0.64,7.5472,2.231,7631961,67155143.0,4213188114.72,3119881429.44
2015-08-26,'600279,重庆港九,8.48,9.47,8.44,9.25,8.95,-0.47,-5.2514,3.7261,12746700,114538492.0,3917525790.88,2900942381.76
2015-08-25,'600279,重庆港九,8.95,9.6,8.95,8.99,9.94,-0.99,-9.9598,2.7111,9274627,84466520.0,4134652809.95,3061725744.9
2015-08-24,'600279,重庆港九,9.94,10.5,9.94,10.25,11.04,-1.1,-9.9638,2.2617,7736930,77898731.0,4592005467.14,3400397084.28
2015-08-21,'600279,重庆港九,11.04,11.97,11.0,11.6,11.98,-0.94,-7.8464,2.4209,8281628,95043879.0,5100175086.24,3776698572.48
2015-08-20,'600279,重庆港九,11.98,12.68,11.91,12.4,12.77,-0.79,-6.1864,3.0907,10573201,130104652.0,5534429124.38,4098265298.76
2015-08-19,'600279,重庆港九,12.77,13.05,11.44,12.15,12.66,0.11,0.8689,3.7377,12786553,156110584.0,5899387305.37,4368518185.74
2015-08-18,'600279,重庆港九,12.66,14.18,12.66,14.07,14.07,-1.41,-10.0213,5.2318,17897720,238397906.0,5848570343.46,4330888036.92
2015-08-17,'600279,重庆港九,14.07,14.09,13.11,13.36,13.47,0.6,4.4543,5.6506,19330163,265399117.0,6499951400.67,4813238126.34
2015-08-14,'600279,重庆港九,13.47,13.67,13.02,13.12,13.05,0.42,3.2184,6.1375,20996024,279610801.0,6222767972.07,4607982769.14
2015-08-13,'600279,重庆港九,13.05,13.23,12.51,12.51,12.78,0.27,2.1127,4.7725,16326387,210670564.0,6028739572.05,4464304019.1
2015-08-12,'600279,重庆港九,12.78,13.22,12.38,12.68,12.88,-0.1,-0.7764,4.7677,16309952,208510029.0,5904007029.18,4371939108.36
2015-08-11,'600279,重庆港九,12.88,13.15,12.35,12.41,12.5,0.38,3.04,5.0959,17432556,219928567.0,5950204267.28,4406148334.56
2015-08-10,'600279,重庆港九,12.5,12.66,11.91,12.1,11.94,0.56,4.6901,4.2269,14459934,178789190.0,5774654762.5,4276153275.0
2015-08-07,'600279,重庆港九,11.94,11.97,11.56,11.56,11.53,0.41,3.5559,3.0192,10328493,122172258.0,5515950229.14,4084581608.28
2015-08-06,'600279,重庆港九,11.53,11.6,10.79,10.89,11.24,0.29,2.5801,2.4199,8278339,93827788.0,5326541552.93,3944323780.86
2015-08-05,'600279,重庆港九,11.24,11.54,11.04,11.19,11.24,0.0,0.0,2.5955,8878840,100381003.0,5192569562.44,3845117024.88
2015-08-04,'600279,重庆港九,11.24,11.27,10.41,10.41,10.41,0.83,7.9731,2.2559,7717126,83635586.0,5192569562.44,3845117024.88
2015-08-03,'600279,重庆港九,10.41,11.22,10.1,10.99,11.2,-0.79,-7.0536,2.5807,8828319,94042101.0,4809132486.21,3561180447.42
2015-07-31,'600279,重庆港九,11.2,11.68,10.93,11.1,11.59,-0.39,-3.365,2.4734,8461216,95903208.0,5174090667.2,3831433334.4
2015-07-30,'600279,重庆港九,11.59,12.27,11.49,11.86,11.83,-0.24,-2.0287,3.9881,13643004,161530707.0,5354259895.79,3964849316.58
2015-07-29,'600279,重庆港九,11.83,11.9,10.7,11.31,11.07,0.76,6.8654,3.6112,12353467,138282358.0,5465133267.23,4046951459.46
2015-07-28,'600279,重庆港九,11.07,11.7,10.26,10.58,11.4,-0.33,-2.8947,5.211,17826348,194060446.0,5114034257.67,3786961340.34
2015-07-27,'600279,重庆港九,11.4,13.1,11.17,12.01,12.3,-0.9,-7.3171,6.9091,23635350,291916971.0,5266485143.4,3899851786.8
2015-07-24,'600279,重庆港九,12.3,12.94,12.02,12.4,12.46,-0.16,-1.2841,5.564,19034038,238979040.0,5682260286.3,4207734822.6
2015-07-23,'600279,重庆港九,12.46,12.52,11.83,12.0,11.92,0.54,4.5302,4.4433,15200023,185796138.0,5756175867.26,4262469584.52
2015-07-22,'600279,重庆港九,11.92,12.07,11.51,11.63,11.83,0.09,0.7608,3.7586,12857892,151965994.0,5506710781.52,4077739763.04
2015-07-21,'600279,重庆港九,11.83,12.22,11.11,11.28,11.46,0.37,3.2286,4.4192,15117809,177000706.0,5465133267.23,4046951459.46
2015-07-20,'600279,重庆港九,11.46,11.66,10.99,11.26,11.23,0.23,2.0481,4.9395,16897508,191701619.0,5294203486.26,3920377322.52
2015-07-17,'600279,重庆港九,11.23,11.29,10.41,10.45,10.39,0.84,8.0847,3.6627,12529908,136227381.0,5187949838.63,3841696102.26
2015-07-16,'600279,重庆港九,10.39,10.96,9.6,9.6,10.51,-0.12,-1.1418,4.4926,15368820,158547184.0,4799893038.59,3554338602.18
2015-07-15,'600279,重庆港九,10.51,11.4,10.51,11.4,11.68,-1.17,-10.0171,4.5979,15729040,169856968.0,4855329724.31,3595389673.62
2015-07-14,'600279,重庆港九,11.68,12.65,11.43,11.97,11.81,-0.13,-1.1008,6.6952,22903618,274745835.0,5395837410.08,3995637620.16
2015-07-13,'600279,重庆港九,11.81,11.81,11.0,11.47,10.74,1.07,9.9628,5.4077,18499156,212560472.0,5455893819.61,4040109614.22
2015-07-10,'600279,重庆港九,10.74,10.74,10.0,10.0,9.76,0.98,10.041,3.6824,12597269,133049179.0,4961583371.94,3674070893.88
2015-07-09,'600279,重庆港九,9.76,9.76,7.98,7.98,8.87,0.89,10.0338,6.2045,21225155,187866879.0,4508850438.56,3338820477.12
2015-07-08,'600279,重庆港九,8.87,8.87,8.87,8.87,9.85,-0.98,-9.9492,0.3626,1240500,11003235.0,4097695019.47,3034358363.94
2015-07-07,'600279,重庆港九,9.85,10.49,9.85,10.2,10.94,-1.09,-9.9634,1.5128,5175220,51454464.0,4550427952.85,3369608780.7
2015-07-06,'600279,重庆港九,10.94,13.33,10.94,13.33,12.16,-1.22,-10.0329,4.3349,14829228,174362203.0,5053977848.14,3742489346.28
2015-07-03,'600279,重庆港九,12.16,13.11,12.16,12.9,13.51,-1.35,-9.9926,3.4949,11955797,147625547.0,5617584152.96,4159841905.92
2015-07-02,'600279,重庆港九,13.51,14.98,13.51,14.8,15.01,-1.5,-9.9933,3.0318,10371411,145445423.0,6241246867.31,4621666459.62
2015-07-01,'600279,重庆港九,15.01,16.45,14.66,15.91,16.05,-1.04,-6.4798,4.2385,14499478,230007952.0,6934205438.81,5134804852.62
2015-06-30,'600279,重庆港九,16.05,16.1,13.4,14.2,14.89,1.16,7.7905,4.8474,16582581,239654576.0,7414656715.05,5490580805.1
2015-06-29,'600279,重庆港九,14.89,16.82,14.89,16.7,16.54,-1.65,-9.9758,3.5613,12182950,187912257.0,6878768753.09,5093753781.18
2015-06-26,'600279,重庆港九,16.54,17.7,16.54,17.7,18.38,-1.84,-10.0109,2.4534,8392813,142007072.0,7641023181.74,5658206013.48
2015-06-25,'600279,重庆港九,18.38,19.6,17.67,19.55,19.56,-1.18,-6.0327,3.7593,12860389,241150316.0,8491052362.78,6287655775.56
2015-06-24,'600279,重庆港九,19.56,19.78,18.65,19.35,19.43,0.13,0.6691,3.8964,13329261,258125914.0,9036179772.36,6691324644.72
2015-06-23,'600279,重庆港九,19.43,19.75,17.25,18.9,19.17,0.26,1.3563,3.1844,10893503,202753076.0,8976123362.83,6646852650.66
2015-06-19,'600279,重庆港九,19.17,19.89,18.4,19.2,20.15,-0.98,-4.8635,5.183,17730788,337136642.0,8856010543.77,6557908662.54
2015-06-18,'600279,重庆港九,20.15,21.65,20.01,20.9,20.61,-0.46,-2.2319,7.2085,24659639,519409785.0,9308743477.15,6893159079.3
2015-06-17,'600279,重庆港九,20.61,20.9,19.44,20.41,20.41,0.2,0.9799,5.3842,18418957,373771211.0,9521250772.41,7050521519.82
2015-06-16,'600279,重庆港九,20.41,20.49,18.82,19.54,19.81,0.6,3.0288,4.1223,14102000,276050866.0,9428856296.21,6982103067.42
2015-06-15,'600279,重庆港九,19.81,21.1,19.7,20.54,20.56,-0.75,-3.6479,4.1971,14357900,291840294.0,9151672867.61,6776847710.22
2015-06-12,'600279,重庆港九,20.56,20.74,19.51,19.78,19.85,0.71,3.5768,6.0308,20630957,420242037.0,9498152153.36,7033416906.72
2015-06-11,'600279,重庆港九,19.85,19.99,18.85,18.99,19.12,0.73,3.818,4.6126,15779516,309174358.0,9170151762.85,6790531400.7
2015-06-10,'600279,重庆港九,19.12,19.42,18.34,18.87,19.19,-0.07,-0.3648,3.1827,10887862,206774823.0,8832911924.72,6540804049.44
2015-06-09,'600279,重庆港九,19.19,19.8,19.01,19.56,20.07,-0.88,-4.3847,4.3805,14985433,290017700.0,8865249991.39,6564750507.78
2015-06-08,'600279,重庆港九,20.07,20.19,19.2,19.81,20.27,-0.2,-0.9867,6.1364,20992065,413661597.0,9271785686.67,6865791698.34
2015-06-05,'600279,重庆港九,20.27,21.28,19.79,20.38,20.4,-0.13,-0.6373,8.3891,28698611,584729774.0,9364180162.87,6934210150.74
2015-06-04,'600279,重庆港九,20.4,20.5,18.18,19.54,19.11,1.29,6.7504,7.9297,27126728,534626144.0,9424236572.4,6978682144.8
2015-06-03,'600279,重庆港九,19.11,19.68,18.33,18.95,19.11,0.0,0.0,5.7195,19566049,371616296.0,8828292200.91,6537383126.82
2015-06-02,'600279,重庆港九,19.11,19.47,18.01,18.2,18.41,0.7,3.8023,6.9129,23648504,440752967.0,8828292200.91,6537383126.82
2015-06-01,'600279,重庆港九,18.41,18.71,17.36,17.4,17.56,0.85,4.8405,5.0978,17439161,313501707.0,8504911534.21,6297918543.42
2015-05-29,'600279,重庆港九,17.56,18.3,16.67,17.98,17.61,-0.05,-0.2839,5.1658,17671973,312834667.0,8112235010.36,6007140120.72
2015-05-28,'600279,重庆港九,17.61,20.18,17.61,18.93,19.57,-1.96,-10.0153,7.1491,24456353,464987646.0,8135333629.41,6024244733.82
2015-05-27,'600279,重庆港九,19.57,19.74,18.01,18.54,18.53,1.04,5.6125,7.3511,25147672,478648561.0,9040799496.17,6694745567.34
2015-05-26,'600279,XD重庆港,18.53,18.55,17.72,18.26,18.09,0.44,2.4323,6.7978,23254725,420209048.0,8560348219.93,6338969614.86
2015-05-25,'600279,重庆港九,18.16,18.8,17.0,17.15,17.15,1.01,5.8892,7.7734,26592244,475298288.0,8389418438.96,6212395477.92
2015-05-22,'600279,重庆港九,17.15,17.3,16.65,17.08,16.92,0.23,1.3593,5.319,18195813,308336944.0,7922826334.15,5866882293.3
2015-05-21,'600279,重庆港九,16.92,16.98,16.36,16.38,15.99,0.93,5.8161,5.5366,18940222,316979157.0,7816572686.52,5788201073.04
2015-05-20,'600279,重庆港九,15.99,16.37,15.93,16.16,15.93,0.06,0.3766,3.2809,11223703,181256210.0,7386938372.19,5470055269.38
2015-05-19,'600279,重庆港九,15.93,15.99,15.3,15.48,15.46,0.47,3.0401,2.344,8018763,126150489.0,7359220029.33,5449529733.66
2015-05-18,'600279,重庆港九,15.46,15.64,15.1,15.18,15.28,0.18,1.178,1.8564,6350584,97991548.0,7142093010.26,5288746370.52
