2016-05-13,'600280,中央商场,6.64,6.77,6.58,6.62,6.65,-0.01,-0.1504,0.4262,4894410,32678203.0,7624943550.08,7624943550.08
2016-05-12,'600280,中央商场,6.65,6.66,6.46,6.59,6.68,-0.03,-0.4491,0.5689,6533426,42850149.0,7636426898.8,7636426898.8
2016-05-11,'600280,中央商场,6.68,6.79,6.62,6.72,6.71,-0.03,-0.4471,0.4609,5292946,35493169.0,7670876944.96,7670876944.96
2016-05-10,'600280,中央商场,6.71,6.85,6.66,6.76,6.74,-0.03,-0.4451,0.4741,5444177,36634836.0,7705326991.12,7705326991.12
2016-05-09,'600280,中央商场,6.74,7.0,6.67,6.97,7.01,-0.27,-3.8516,1.0415,11960160,81286904.0,7739777037.28,7739777037.28
2016-05-06,'600280,中央商场,7.01,7.39,7.0,7.35,7.33,-0.32,-4.3656,1.091,12528642,89848255.0,8049827452.72,8049827452.72
2016-05-05,'600280,中央商场,7.33,7.37,7.23,7.35,7.35,-0.02,-0.2721,0.8138,9345597,68263622.0,8417294611.76,8417294611.76
2016-05-04,'600280,中央商场,7.35,7.42,7.26,7.42,7.4,-0.05,-0.6757,1.2624,14496867,106450690.0,8440261309.2,8440261309.2
2016-05-03,'600280,中央商场,7.4,7.5,7.15,7.2,7.28,0.12,1.6484,1.6133,18526302,136359017.0,8497678052.8,8497678052.8
2016-04-29,'600280,中央商场,7.28,7.37,7.02,7.11,6.82,0.46,6.7449,1.6591,19051467,137586039.0,8359877868.16,8359877868.16
2016-04-28,'600280,中央商场,6.82,7.14,6.51,7.13,7.14,-0.32,-4.4818,0.9065,10409337,72949600.0,7831643827.04,7831643827.04
2016-04-27,'600280,中央商场,7.14,7.26,7.07,7.15,7.22,-0.08,-1.108,0.9075,10421025,74716967.0,8199110986.08,8199110986.08
2016-04-26,'600280,中央商场,7.22,7.45,6.84,6.84,6.84,0.38,5.5556,1.7871,20521617,147925187.0,8290977775.84,8290977775.84
2016-04-25,'600280,中央商场,6.84,6.9,6.74,6.83,6.92,-0.08,-1.1561,0.6226,7149668,48685300.0,7854610524.48,7854610524.48
2016-04-22,'600280,中央商场,6.92,6.98,6.7,6.88,6.97,-0.05,-0.7174,1.0169,11677756,80202887.0,7946477314.24,7946477314.24
2016-04-21,'600280,中央商场,6.97,7.16,6.95,7.05,7.05,-0.08,-1.1348,1.0143,11647706,81895126.0,8003894057.84,8003894057.84
2016-04-20,'600280,中央商场,7.05,7.6,6.85,7.56,7.54,-0.49,-6.4987,1.7559,20163346,145524734.0,8095760847.6,8095760847.6
2016-04-19,'600280,中央商场,7.54,7.59,7.48,7.55,7.52,0.02,0.266,0.7804,8961366,67444672.0,8658444934.88,8658444934.88
2016-04-18,'600280,中央商场,7.52,7.59,7.46,7.58,7.67,-0.15,-1.9557,1.0583,12152816,91149852.0,8635478237.44,8635478237.44
2016-04-15,'600280,中央商场,7.67,7.79,7.5,7.75,7.79,-0.12,-1.5404,1.7307,19873746,151820022.0,8807728468.24,8807728468.24
2016-04-14,'600280,中央商场,7.79,8.0,7.73,7.95,7.7,0.09,1.1688,1.7422,20005787,156965366.0,8945528652.88,8945528652.88
2016-04-13,'600280,中央商场,7.7,7.76,7.62,7.68,7.61,0.09,1.1827,1.7646,20263219,156225619.0,8842178514.4,8842178514.4
2016-04-12,'600280,中央商场,7.61,7.77,7.51,7.75,7.79,-0.18,-2.3107,1.9073,21901867,166308047.0,8738828375.92,8738828375.92
2016-04-11,'600280,中央商场,7.79,7.87,7.7,7.76,7.73,0.06,0.7762,2.4842,28527315,221658433.0,8945528652.88,8945528652.88
2016-04-08,'600280,中央商场,7.73,7.98,7.61,7.7,7.89,-0.16,-2.0279,3.7657,43243088,334512842.0,8876628560.56,8876628560.56
2016-04-07,'600280,中央商场,7.89,8.07,7.29,7.34,7.34,0.55,7.4932,6.0595,69582879,549190269.0,9060362140.08,9060362140.08
2016-04-06,'600280,中央商场,7.34,7.36,7.17,7.2,7.27,0.07,0.9629,1.7211,19763580,144093423.0,8428777960.48,8428777960.48
2016-04-05,'600280,中央商场,7.27,7.28,7.01,7.09,7.09,0.18,2.5388,1.4461,16605677,119245675.0,8348394519.44,8348394519.44
2016-04-01,'600280,中央商场,7.09,7.2,6.97,7.16,7.21,-0.12,-1.6644,1.3311,15285400,108029592.0,8141694242.48,8141694242.48
2016-03-31,'600280,中央商场,7.21,7.38,7.18,7.38,7.38,-0.17,-2.3035,2.0712,23784646,172544575.0,8279494427.12,8279494427.12
2016-03-30,'600280,中央商场,7.38,7.49,7.12,7.25,7.23,0.15,2.0747,3.4438,39546525,286764169.0,8474711355.36,8474711355.36
2016-03-29,'600280,中央商场,7.23,7.24,6.81,6.93,6.99,0.24,3.4335,3.5733,41033593,292621616.0,8302461124.56,8302461124.56
2016-03-28,'600280,中央商场,6.99,7.23,6.97,7.09,7.07,-0.08,-1.1315,1.0664,12246360,86991417.0,8026860755.28,8026860755.28
2016-03-25,'600280,中央商场,7.07,7.07,6.98,6.99,7.04,0.03,0.4261,0.9393,10786844,75875710.0,8118727545.04,8118727545.04
2016-03-24,'600280,中央商场,7.04,7.29,6.93,7.09,7.14,-0.1,-1.4006,2.0096,23077396,162781214.0,8084277498.88,8084277498.88
2016-03-23,'600280,中央商场,7.14,7.16,7.0,7.0,7.06,0.08,1.1331,1.5513,17813706,126259812.0,8199110986.08,8199110986.08
2016-03-22,'600280,中央商场,7.06,7.2,6.91,6.98,7.05,0.01,0.1418,2.0584,23637874,167322902.0,8107244196.32,8107244196.32
2016-03-21,'600280,中央商场,7.05,7.2,6.81,6.83,6.78,0.27,3.9823,2.7705,31815122,222374488.0,8095760847.6,8095760847.6
2016-03-18,'600280,中央商场,6.78,6.81,6.49,6.54,6.53,0.25,3.8285,2.0653,23716482,158848131.0,7785710432.16,7785710432.16
2016-03-17,'600280,中央商场,6.53,6.57,6.34,6.39,6.33,0.2,3.1596,1.7925,20583556,133114814.0,7498626714.16,7498626714.16
2016-03-16,'600280,中央商场,6.33,6.51,6.3,6.42,6.42,-0.09,-1.4019,0.6787,7793685,49671319.0,7268959739.76,7268959739.76
2016-03-15,'600280,中央商场,6.42,6.52,6.36,6.44,6.48,-0.06,-0.9259,0.7481,8590679,55310620.0,7372309878.24,7372309878.24
2016-03-14,'600280,中央商场,6.48,6.6,6.31,6.33,6.27,0.21,3.3493,1.3345,15324742,99390540.0,7441209970.56,7441209970.56
2016-03-11,'600280,中央商场,6.27,6.32,6.16,6.27,6.34,-0.07,-1.1041,0.689,7912177,49419997.0,7200059647.44,7200059647.44
2016-03-10,'600280,中央商场,6.34,6.56,6.21,6.45,6.44,-0.1,-1.5528,0.7481,8590327,55292079.0,7280443088.48,7280443088.48
2016-03-09,'600280,中央商场,6.44,6.55,6.38,6.46,6.68,-0.24,-3.5928,0.7431,8532910,55174901.0,7395276575.68,7395276575.68
2016-03-08,'600280,中央商场,6.68,6.78,6.31,6.78,6.65,0.03,0.4511,1.0294,11820430,76980276.0,7670876944.96,7670876944.96
2016-03-07,'600280,中央商场,6.65,6.83,6.46,6.46,6.51,0.14,2.1505,1.0358,11894082,79247230.0,7636426898.8,7636426898.8
2016-03-04,'600280,中央商场,6.51,6.86,6.39,6.84,6.89,-0.38,-5.5152,1.6679,19153518,127322687.0,7475660016.72,7475660016.72
2016-03-03,'600280,中央商场,6.89,6.98,6.45,6.46,6.51,0.38,5.8372,2.1804,25038839,166771158.0,7912027268.08,7912027268.08
2016-03-02,'600280,中央商场,6.51,6.62,6.12,6.16,6.15,0.36,5.8537,1.4439,16580381,105426432.0,7475660016.72,7475660016.72
2016-03-01,'600280,中央商场,6.15,6.24,5.96,6.1,6.05,0.1,1.6529,0.9908,11377688,69351479.0,7062259462.8,7062259462.8
2016-02-29,'600280,中央商场,6.05,6.53,5.96,6.5,6.49,-0.44,-6.7797,1.0272,11795366,72023436.0,6947425975.6,6947425975.6
2016-02-26,'600280,中央商场,6.49,6.65,6.35,6.58,6.53,-0.04,-0.6126,1.2329,14157751,92000779.0,7452693319.28,7452693319.28
2016-02-25,'600280,中央商场,6.53,7.25,6.53,7.23,7.26,-0.73,-10.0551,2.0117,23100698,158347113.0,7498626714.16,7498626714.16
2016-02-24,'600280,中央商场,7.26,7.33,7.05,7.12,7.14,0.12,1.6807,1.4341,16468254,118143683.0,8336911170.72,8336911170.72
2016-02-23,'600280,中央商场,7.14,7.3,7.02,7.23,7.29,-0.15,-2.0576,1.5348,17624719,125840259.0,8199110986.08,8199110986.08
2016-02-22,'600280,中央商场,7.29,7.36,7.09,7.2,7.09,0.2,2.8209,1.6871,19373839,139462694.0,8371361216.88,8371361216.88
2016-02-19,'600280,中央商场,7.09,7.15,6.95,7.05,7.07,0.02,0.2829,1.096,12585462,88688366.0,8141694242.48,8141694242.48
2016-02-18,'600280,中央商场,7.07,7.25,7.03,7.15,7.1,-0.03,-0.4225,1.3965,16036212,114303897.0,8118727545.04,8118727545.04
2016-02-17,'600280,中央商场,7.1,7.13,6.92,7.0,7.07,0.03,0.4243,1.4387,16520639,116109054.0,8153177591.2,8153177591.2
2016-02-16,'600280,中央商场,7.07,7.21,6.6,6.61,6.58,0.49,7.4468,1.7177,19725242,135833035.0,8118727545.04,8118727545.04
2016-02-15,'600280,中央商场,6.58,6.66,6.39,6.44,6.74,-0.16,-2.3739,0.7336,8423963,54943250.0,7556043457.76,7556043457.76
2016-02-05,'600280,中央商场,6.74,6.8,6.61,6.73,6.73,0.01,0.1486,0.8858,10171979,68305167.0,7739777037.28,7739777037.28
2016-02-04,'600280,中央商场,6.73,6.78,6.5,6.57,6.53,0.2,3.0628,1.2658,14535754,96973339.0,7728293688.56,7728293688.56
2016-02-03,'600280,中央商场,6.53,6.59,6.35,6.48,6.59,-0.06,-0.9105,0.86,9876174,63767063.0,7498626714.16,7498626714.16
2016-02-02,'600280,中央商场,6.59,6.64,6.36,6.38,6.34,0.25,3.9432,1.1258,12928035,84435828.0,7567526806.48,7567526806.48
2016-02-01,'600280,中央商场,6.34,6.54,6.2,6.5,6.52,-0.18,-2.7607,0.9252,10624113,68004700.0,7280443088.48,7280443088.48
2016-01-29,'600280,中央商场,6.52,6.63,6.17,6.2,6.33,0.19,3.0016,1.2341,14171860,91164834.0,7487143365.44,7487143365.44
2016-01-28,'600280,中央商场,6.33,6.8,6.3,6.5,6.48,-0.15,-2.3148,1.149,13194712,86631431.0,7268959739.76,7268959739.76
2016-01-27,'600280,中央商场,6.48,6.75,6.11,6.67,6.65,-0.17,-2.5564,1.2146,13947843,89832748.0,7441209970.56,7441209970.56
2016-01-26,'600280,中央商场,6.65,7.35,6.65,7.3,7.39,-0.74,-10.0135,1.4336,16462726,115048979.0,7636426898.8,7636426898.8
2016-01-25,'600280,中央商场,7.39,7.48,7.26,7.32,7.31,0.08,1.0944,0.8834,10144163,74980081.0,8486194704.08,8486194704.08
2016-01-22,'600280,中央商场,7.31,7.44,7.09,7.28,7.18,0.13,1.8106,1.114,12792875,92686529.0,8394327914.32,8394327914.32
2016-01-21,'600280,中央商场,7.18,7.7,7.12,7.49,7.64,-0.46,-6.0209,1.3412,15401948,115094792.0,8245044380.96,8245044380.96
2016-01-20,'600280,中央商场,7.64,7.86,7.55,7.7,7.87,-0.23,-2.9225,1.404,16122942,124313554.0,8773278422.08,8773278422.08
2016-01-19,'600280,中央商场,7.87,7.98,7.31,7.39,7.39,0.48,6.4953,1.6692,19168480,145653233.0,9037395442.64,9037395442.64
2016-01-18,'600280,中央商场,7.39,7.54,7.08,7.15,7.35,0.04,0.5442,1.1173,12829972,94552936.0,8486194704.08,8486194704.08
2016-01-15,'600280,中央商场,7.35,7.8,7.2,7.79,7.87,-0.52,-6.6074,1.4852,17054789,127912147.0,8440261309.2,8440261309.2
2016-01-14,'600280,中央商场,7.87,7.97,7.28,7.45,7.69,0.18,2.3407,1.4544,16701110,127040094.0,9037395442.64,9037395442.64
2016-01-13,'600280,中央商场,7.69,8.27,7.64,8.23,8.19,-0.5,-6.105,1.2708,14592883,116869132.0,8830695165.68,8830695165.68
2016-01-12,'600280,中央商场,8.19,8.3,7.75,8.16,8.14,0.05,0.6143,1.5019,17246408,138916978.0,9404862601.68,9404862601.68
2016-01-11,'600280,中央商场,8.14,8.91,8.14,8.9,9.04,-0.9,-9.9558,2.0423,23452537,199061624.0,9347445858.08,9347445858.08
2016-01-08,'600280,中央商场,9.04,9.48,8.52,9.32,9.02,0.02,0.2217,2.094,24046150,217723279.0,10380947242.9,10380947242.9
2016-01-07,'600280,中央商场,9.02,9.87,9.01,9.87,10.01,-0.99,-9.8901,0.5634,6469400,60334056.0,10357980545.4,10357980545.4
2016-01-06,'600280,中央商场,10.01,10.23,9.74,9.9,9.82,0.19,1.9348,2.0041,23014260,229379054.0,11494832068.7,11494832068.7
2016-01-05,'600280,中央商场,9.82,10.23,9.36,9.36,10.06,-0.24,-2.3857,2.5274,29023303,284219353.0,11276648443.0,11276648443.0
2016-01-04,'600280,中央商场,10.06,11.15,10.05,11.1,11.17,-1.11,-9.9373,1.9303,22166575,233246356.0,11552248812.3,11552248812.3
2015-12-31,'600280,中央商场,11.17,11.5,11.15,11.48,11.44,-0.27,-2.3601,1.4868,17073333,193066579.0,12826900520.2,12826900520.2
2015-12-30,'600280,中央商场,11.44,11.56,11.3,11.55,11.54,-0.1,-0.8666,1.6147,18542235,212018702.0,13136950935.7,13136950935.7
2015-12-29,'600280,中央商场,11.54,11.57,11.15,11.42,11.52,0.02,0.1736,2.3326,26786208,304712576.0,13251784422.9,13251784422.9
2015-12-28,'600280,中央商场,11.52,12.39,11.5,12.1,12.23,-0.71,-5.8054,4.0837,46894060,560422478.0,13228817725.4,13228817725.4
2015-12-25,'600280,中央商场,12.23,12.5,11.41,11.6,11.81,0.42,3.5563,5.987,68751360,816352424.0,14044135484.6,14044135484.6
2015-12-24,'600280,中央商场,11.81,12.69,11.69,12.4,11.94,-0.13,-1.0888,8.6899,99789486,1220725028.0,13561834838.3,13561834838.3
2015-12-23,'600280,中央商场,11.94,11.94,10.74,10.81,10.85,1.09,10.0461,2.1479,24665229,288172256.0,13711118371.7,13711118371.7
2015-12-22,'600280,中央商场,10.85,10.89,10.69,10.85,10.85,0.0,0.0,1.6934,19445508,209821233.0,12459433361.2,12459433361.2
2015-12-21,'600280,中央商场,10.85,10.94,10.7,10.8,10.79,0.06,0.5561,1.6132,18525437,200364874.0,12459433361.2,12459433361.2
2015-12-18,'600280,中央商场,10.79,11.03,10.73,10.9,11.02,-0.23,-2.0871,1.6967,19483848,211351083.0,12390533268.9,12390533268.9
2015-12-17,'600280,中央商场,11.02,11.08,10.63,10.63,10.63,0.39,3.6689,2.1452,24634294,267305746.0,12654650289.4,12654650289.4
2015-12-16,'600280,中央商场,10.63,10.69,10.55,10.55,10.62,0.01,0.0942,1.2319,14145905,150300234.0,12206799689.4,12206799689.4
2015-12-15,'600280,中央商场,10.62,10.72,10.56,10.72,10.65,-0.03,-0.2817,1.1828,13582098,144364820.0,12195316340.6,12195316340.6
2015-12-14,'600280,中央商场,10.65,10.72,10.2,10.25,10.44,0.21,2.0115,1.3181,15136159,157357891.0,12229766386.8,12229766386.8
2015-12-11,'600280,中央商场,10.44,10.68,10.3,10.68,10.7,-0.26,-2.4299,1.2708,14592903,152692324.0,11988616063.7,11988616063.7
2015-12-10,'600280,中央商场,10.7,10.9,10.65,10.68,10.68,0.02,0.1873,1.1104,12751068,137137078.0,12287183130.4,12287183130.4
2015-12-09,'600280,中央商场,10.68,10.83,10.61,10.64,10.83,-0.15,-1.385,1.3616,15635576,167161611.0,12264216433.0,12264216433.0
2015-12-08,'600280,中央商场,10.83,11.3,10.81,11.27,11.37,-0.54,-4.7493,2.0035,23006341,253383829.0,12436466663.8,12436466663.8
2015-12-07,'600280,中央商场,11.37,11.45,11.19,11.34,11.34,0.03,0.2646,1.7201,19752509,223318480.0,13056567494.6,13056567494.6
2015-12-04,'600280,中央商场,11.34,11.48,11.02,11.13,11.17,0.17,1.5219,2.469,28351922,319295471.0,13022117448.5,13022117448.5
2015-12-03,'600280,中央商场,11.17,11.2,10.83,10.88,10.93,0.24,2.1958,1.7679,20301244,225190513.0,12826900520.2,12826900520.2
2015-12-02,'600280,中央商场,10.93,10.94,10.52,10.94,10.94,-0.01,-0.0914,1.642,18855824,203245551.0,12551300151.0,12551300151.0
2015-12-01,'600280,中央商场,10.94,10.99,10.51,10.8,10.79,0.15,1.3902,2.1082,24208677,259540217.0,12562783499.7,12562783499.7
2015-11-30,'600280,中央商场,10.79,11.21,10.05,10.95,11.08,-0.29,-2.6173,3.0275,34765586,372994822.0,12390533268.9,12390533268.9
2015-11-27,'600280,中央商场,11.08,12.2,11.0,12.2,12.21,-1.13,-9.2547,4.067,46702568,542400267.0,12723550381.8,12723550381.8
2015-11-26,'600280,中央商场,12.21,12.69,12.2,12.6,12.45,-0.24,-1.9277,3.6062,41410795,510623929.0,14021168787.1,14021168787.1
2015-11-25,'600280,中央商场,12.45,12.5,12.01,12.15,12.39,0.06,0.4843,4.953,56877154,698521809.0,14296769156.4,14296769156.4
2015-11-24,'600280,中央商场,12.39,12.8,12.14,12.21,12.01,0.38,3.164,8.3933,96382706,1198599275.0,14227869064.1,14227869064.1
2015-11-23,'600280,中央商场,12.01,12.01,10.83,10.91,10.92,1.09,9.9817,4.7699,54774093,634377117.0,13791501812.7,13791501812.7
2015-11-20,'600280,中央商场,10.92,11.0,10.82,10.96,10.95,-0.03,-0.274,2.2444,25773099,280710393.0,12539816802.2,12539816802.2
2015-11-19,'600280,中央商场,10.95,10.97,10.71,10.71,10.78,0.17,1.577,1.6593,19054540,206182821.0,12574266848.4,12574266848.4
2015-11-18,'600280,中央商场,10.78,11.09,10.71,11.01,11.01,-0.23,-2.089,1.7734,20364854,221675414.0,12379049920.2,12379049920.2
2015-11-17,'600280,中央商场,11.01,11.38,10.92,11.29,11.14,-0.13,-1.167,2.8435,32652501,363108240.0,12643166940.7,12643166940.7
2015-11-16,'600280,中央商场,11.14,11.15,10.5,10.6,10.85,0.29,2.6728,2.6351,30260188,332882810.0,12792450474.1,12792450474.1
2015-11-13,'600280,中央商场,10.85,11.08,10.76,10.96,11.16,-0.31,-2.7778,2.7116,31138722,339660941.0,12459433361.2,12459433361.2
2015-11-12,'600280,中央商场,11.16,11.49,11.03,11.49,11.4,-0.24,-2.1053,3.7126,42633441,475959518.0,12815417171.5,12815417171.5
2015-11-11,'600280,中央商场,11.4,11.5,11.02,11.22,11.14,0.26,2.3339,3.9219,45036666,507767170.0,13091017540.8,13091017540.8
2015-11-10,'600280,中央商场,11.14,11.31,11.0,11.16,11.33,-0.19,-1.677,3.8527,44242254,493675916.0,12792450474.1,12792450474.1
2015-11-09,'600280,中央商场,11.33,11.66,10.86,10.86,10.6,0.73,6.8868,4.902,56291835,632168908.0,13010634099.8,13010634099.8
2015-11-06,'600280,中央商场,0.0,0.0,0.0,0.0,10.6,None,None,0.0,0,0.0,12172349643.2,12172349643.2
2015-11-05,'600280,中央商场,10.6,10.79,10.35,10.45,10.82,-0.22,-2.0333,4.7595,54654962,577382073.0,12172349643.2,12172349643.2
2015-11-04,'600280,中央商场,10.82,11.11,9.8,9.8,10.61,0.21,1.9793,8.1726,93848308,972780366.0,12424983315.0,12424983315.0
2015-11-03,'600280,中央商场,10.61,10.61,10.61,10.61,11.79,-1.18,-10.0085,0.3697,4245700,45046877.0,12183832991.9,12183832991.9
2015-11-02,'600280,中央商场,11.79,11.79,11.79,11.79,13.1,-1.31,-10.0,0.2178,2501300,29490327.0,13538868140.9,13538868140.9
2015-10-30,'600280,中央商场,0.0,0.0,0.0,0.0,13.1,None,None,0.0,0,0.0,15043186823.2,15043186823.2
2015-10-29,'600280,中央商场,0.0,0.0,0.0,0.0,13.1,None,None,0.0,0,0.0,15043186823.2,15043186823.2
2015-10-28,'600280,中央商场,0.0,0.0,0.0,0.0,13.1,None,None,0.0,0,0.0,15043186823.2,15043186823.2
2015-10-27,'600280,中央商场,0.0,0.0,0.0,0.0,13.1,None,None,0.0,0,0.0,15043186823.2,15043186823.2
2015-10-26,'600280,中央商场,0.0,0.0,0.0,0.0,13.1,None,None,0.0,0,0.0,15043186823.2,15043186823.2
2015-10-23,'600280,中央商场,0.0,0.0,0.0,0.0,13.1,None,None,0.0,0,0.0,15043186823.2,15043186823.2
2015-10-22,'600280,中央商场,0.0,0.0,0.0,0.0,13.1,None,None,0.0,0,0.0,15043186823.2,15043186823.2
2015-10-21,'600280,中央商场,0.0,0.0,0.0,0.0,13.1,None,None,0.0,0,0.0,15043186823.2,15043186823.2
2015-10-20,'600280,中央商场,0.0,0.0,0.0,0.0,13.1,None,None,0.0,0,0.0,15043186823.2,15043186823.2
2015-10-19,'600280,中央商场,0.0,0.0,0.0,0.0,13.1,None,None,0.0,0,0.0,15043186823.2,15043186823.2
2015-10-16,'600280,中央商场,0.0,0.0,0.0,0.0,13.1,None,None,0.0,0,0.0,15043186823.2,15043186823.2
2015-10-15,'600280,中央商场,0.0,0.0,0.0,0.0,13.1,None,None,0.0,0,0.0,15043186823.2,15043186823.2
2015-10-14,'600280,中央商场,0.0,0.0,0.0,0.0,13.1,None,None,0.0,0,0.0,15043186823.2,15043186823.2
2015-10-13,'600280,中央商场,0.0,0.0,0.0,0.0,13.1,None,None,0.0,0,0.0,15043186823.2,15043186823.2
2015-10-12,'600280,中央商场,0.0,0.0,0.0,0.0,13.1,None,None,0.0,0,0.0,15043186823.2,15043186823.2
2015-10-09,'600280,中央商场,0.0,0.0,0.0,0.0,13.1,None,None,0.0,0,0.0,15043186823.2,15043186823.2
2015-10-08,'600280,中央商场,0.0,0.0,0.0,0.0,13.1,None,None,0.0,0,0.0,15043186823.2,15043186823.2
2015-09-30,'600280,中央商场,0.0,0.0,0.0,0.0,13.1,None,None,0.0,0,0.0,15043186823.2,15043186823.2
2015-09-29,'600280,中央商场,0.0,0.0,0.0,0.0,13.1,None,None,0.0,0,0.0,15043186823.2,15043186823.2
2015-09-28,'600280,中央商场,0.0,0.0,0.0,0.0,13.1,None,None,0.0,0,0.0,15043186823.2,15043186823.2
2015-09-25,'600280,中央商场,0.0,0.0,0.0,0.0,13.1,None,None,0.0,0,0.0,15043186823.2,15043186823.2
2015-09-24,'600280,中央商场,0.0,0.0,0.0,0.0,13.1,None,None,0.0,0,0.0,15043186823.2,15043186823.2
2015-09-23,'600280,中央商场,0.0,0.0,0.0,0.0,13.1,None,None,0.0,0,0.0,15043186823.2,15043186823.2
2015-09-22,'600280,中央商场,0.0,0.0,0.0,0.0,13.1,None,None,0.0,0,0.0,15043186823.2,15043186823.2
2015-09-21,'600280,中央商场,0.0,0.0,0.0,0.0,13.1,None,None,0.0,0,0.0,15043186823.2,15043186823.2
2015-09-18,'600280,中央商场,0.0,0.0,0.0,0.0,13.1,None,None,0.0,0,0.0,15043186823.2,15043186823.2
2015-09-17,'600280,中央商场,0.0,0.0,0.0,0.0,13.1,None,None,0.0,0,0.0,15043186823.2,15043186823.2
2015-09-16,'600280,中央商场,0.0,0.0,0.0,0.0,13.1,None,None,0.0,0,0.0,15043186823.2,15043186823.2
2015-09-15,'600280,中央商场,0.0,0.0,0.0,0.0,13.1,None,None,0.0,0,0.0,15043186823.2,15043186823.2
2015-09-14,'600280,中央商场,0.0,0.0,0.0,0.0,13.1,None,None,0.0,0,0.0,15043186823.2,15043186823.2
2015-09-11,'600280,中央商场,0.0,0.0,0.0,0.0,13.1,None,None,0.0,0,0.0,15043186823.2,15043186823.2
2015-09-10,'600280,中央商场,0.0,0.0,0.0,0.0,13.1,None,None,0.0,0,0.0,15043186823.2,15043186823.2
2015-09-09,'600280,中央商场,0.0,0.0,0.0,0.0,13.1,None,None,0.0,0,0.0,15043186823.2,15043186823.2
2015-09-08,'600280,中央商场,0.0,0.0,0.0,0.0,13.1,None,None,0.0,0,0.0,15043186823.2,15043186823.2
2015-09-07,'600280,中央商场,0.0,0.0,0.0,0.0,13.1,None,None,0.0,0,0.0,15043186823.2,15043186823.2
2015-09-02,'600280,中央商场,0.0,0.0,0.0,0.0,13.1,None,None,0.0,0,0.0,15043186823.2,15043186823.2
2015-09-01,'600280,中央商场,0.0,0.0,0.0,0.0,13.1,None,None,0.0,0,0.0,15043186823.2,15043186823.2
2015-08-31,'600280,中央商场,0.0,0.0,0.0,0.0,13.1,None,None,0.0,0,0.0,15043186823.2,15043186823.2
2015-08-28,'600280,中央商场,0.0,0.0,0.0,0.0,13.1,None,None,0.0,0,0.0,15043186823.2,15043186823.2
2015-08-27,'600280,中央商场,0.0,0.0,0.0,0.0,13.1,None,None,0.0,0,0.0,15043186823.2,15043186823.2
2015-08-26,'600280,中央商场,0.0,0.0,0.0,0.0,13.1,None,None,0.0,0,0.0,15043186823.2,15043186823.2
2015-08-25,'600280,中央商场,0.0,0.0,0.0,0.0,13.1,None,None,0.0,0,0.0,15043186823.2,15043186823.2
2015-08-24,'600280,中央商场,0.0,0.0,0.0,0.0,13.1,None,None,0.0,0,0.0,15043186823.2,15043186823.2
2015-08-21,'600280,中央商场,0.0,0.0,0.0,0.0,13.1,None,None,0.0,0,0.0,15043186823.2,15043186823.2
2015-08-20,'600280,中央商场,0.0,0.0,0.0,0.0,13.1,None,None,0.0,0,0.0,15043186823.2,15043186823.2
2015-08-19,'600280,中央商场,0.0,0.0,0.0,0.0,13.1,None,None,0.0,0,0.0,15043186823.2,15043186823.2
2015-08-18,'600280,中央商场,0.0,0.0,0.0,0.0,13.1,None,None,0.0,0,0.0,15043186823.2,15043186823.2
2015-08-17,'600280,中央商场,0.0,0.0,0.0,0.0,13.1,None,None,0.0,0,0.0,15043186823.2,15043186823.2
2015-08-14,'600280,中央商场,13.1,13.3,12.8,13.01,12.89,0.21,1.6292,4.6818,53762929,703191377.0,15043186823.2,15043186823.2
2015-08-13,'600280,中央商场,12.89,12.97,12.4,12.58,12.69,0.2,1.576,3.5605,40885906,519521807.0,14802036500.1,14802036500.1
2015-08-12,'600280,中央商场,12.69,13.43,12.65,13.43,13.43,-0.74,-5.5101,7.033,80762333,1049433812.0,14572369525.7,14572369525.7
2015-08-11,'600280,中央商场,13.43,13.67,12.09,12.2,12.43,1.0,8.0451,9.2108,105770963,1399308802.0,15422137331.0,15422137331.0
2015-08-10,'600280,中央商场,12.43,12.6,11.55,11.75,11.68,0.75,6.4212,5.4832,62965536,764467572.0,14273802459.0,14273802459.0
2015-08-07,'600280,中央商场,11.68,11.87,10.98,11.12,11.0,0.68,6.1818,5.2978,60836420,686585465.0,13412551305.0,13412551305.0
2015-08-06,'600280,中央商场,11.0,11.4,10.8,11.0,11.42,-0.42,-3.6778,3.5503,40768917,450249353.0,12631683592.0,12631683592.0
2015-08-05,'600280,中央商场,11.42,12.25,11.35,12.0,12.35,-0.93,-7.5304,5.2151,59887094,705651803.0,13113984238.2,13113984238.2
2015-08-04,'600280,中央商场,12.35,12.4,10.75,11.65,11.7,0.65,5.5556,7.991,91763830,1064056872.0,14181935669.2,14181935669.2
2015-08-03,'600280,中央商场,11.7,12.83,11.7,12.83,13.0,-1.3,-10.0,2.0333,23349651,282400982.0,13435518002.4,13435518002.4
2015-07-31,'600280,中央商场,13.0,13.48,12.5,13.26,13.48,-0.48,-3.5608,2.3955,27508853,359050882.0,14928353336.0,14928353336.0
2015-07-30,'600280,中央商场,13.48,14.0,13.0,13.79,13.82,-0.34,-2.4602,3.673,42178670,573846596.0,15479554074.6,15479554074.6
2015-07-29,'600280,中央商场,13.82,14.06,12.86,13.39,13.0,0.82,6.3077,4.8169,55314542,739707415.0,15869987931.0,15869987931.0
2015-07-28,'600280,中央商场,13.0,14.25,12.71,13.1,14.12,-1.12,-7.932,4.3892,50402383,664235649.0,14928353336.0,14928353336.0
2015-07-27,'600280,中央商场,14.12,16.3,14.12,16.0,15.69,-1.57,-10.0064,10.316,118462795,1825245874.0,16214488392.6,16214488392.6
2015-07-24,'600280,中央商场,15.69,15.69,15.69,15.69,14.26,1.43,10.0281,1.04,11942486,187377605.0,18017374141.7,18017374141.7
2015-07-23,'600280,中央商场,14.26,14.26,14.26,14.26,12.96,1.3,10.0309,0.1353,1553491,22152782.0,16375255274.7,16375255274.7
2015-07-22,'600280,中央商场,12.96,12.96,12.96,12.96,11.78,1.18,10.017,0.0414,475614,6163957.0,14882419941.1,14882419941.1
2015-07-21,'600280,中央商场,11.78,11.78,11.78,11.78,10.71,1.07,9.9907,0.1124,1290580,15203032.0,13527384792.2,13527384792.2
2015-07-20,'600280,中央商场,0.0,0.0,0.0,0.0,10.71,None,None,0.0,0,0.0,12298666479.1,12298666479.1
2015-07-17,'600280,中央商场,0.0,0.0,0.0,0.0,10.71,None,None,0.0,0,0.0,12298666479.1,12298666479.1
2015-07-16,'600280,中央商场,0.0,0.0,0.0,0.0,10.71,None,None,0.0,0,0.0,12298666479.1,12298666479.1
2015-07-15,'600280,中央商场,0.0,0.0,0.0,0.0,10.71,None,None,0.0,0,0.0,12298666479.1,12298666479.1
2015-07-14,'600280,中央商场,0.0,0.0,0.0,0.0,10.71,None,None,0.0,0,0.0,12298666479.1,12298666479.1
2015-07-13,'600280,中央商场,0.0,0.0,0.0,0.0,10.71,None,None,0.0,0,0.0,12298666479.1,12298666479.1
2015-07-10,'600280,中央商场,0.0,0.0,0.0,0.0,10.71,None,None,0.0,0,0.0,12298666479.1,12298666479.1
2015-07-09,'600280,中央商场,0.0,0.0,0.0,0.0,10.71,None,None,0.0,0,0.0,12298666479.1,12298666479.1
2015-07-08,'600280,中央商场,0.0,0.0,0.0,0.0,10.71,None,None,0.0,0,0.0,12298666479.1,12298666479.1
2015-07-07,'600280,中央商场,0.0,0.0,0.0,0.0,10.71,None,None,0.0,0,0.0,12298666479.1,12298666479.1
2015-07-06,'600280,中央商场,10.71,12.18,10.5,12.18,11.07,-0.36,-3.252,3.7569,43141240,496055546.0,12298666479.1,12298666479.1
2015-07-03,'600280,中央商场,11.07,12.5,10.37,10.61,11.52,-0.45,-3.9063,8.5117,97743054,1087735704.0,12712067033.0,12712067033.0
2015-07-02,'600280,中央商场,11.52,12.83,11.52,12.78,12.8,-1.28,-10.0,2.4678,28338089,340269712.0,13228817725.4,13228817725.4
2015-07-01,'600280,中央商场,12.8,14.87,12.49,13.85,13.87,-1.07,-7.7145,3.2501,37322039,525046074.0,14698686361.6,14698686361.6
2015-06-30,'600280,中央商场,13.87,14.3,11.95,12.28,13.28,0.59,4.4428,3.2328,37123364,484753189.0,15927404674.6,15927404674.6
2015-06-29,'600280,中央商场,13.28,15.3,13.28,15.29,14.75,-1.47,-9.9661,2.7624,31721299,438668260.0,15249887100.2,15249887100.2
2015-06-26,'600280,中央商场,14.75,16.0,14.75,16.0,16.39,-1.64,-10.0061,2.5099,28822098,440720863.0,16937939362.0,16937939362.0
2015-06-25,'600280,中央商场,16.39,17.07,15.7,15.8,15.8,0.59,3.7342,4.8004,55125000,908189363.0,18821208552.1,18821208552.1
2015-06-24,'600280,中央商场,15.8,16.0,15.0,15.8,15.6,0.2,1.2821,2.9694,34098866,532045077.0,18143690977.6,18143690977.6
2015-06-23,'600280,中央商场,15.6,16.2,14.82,16.2,16.47,-0.87,-5.2823,4.5013,51690237,795612429.0,17914024003.2,17914024003.2
2015-06-19,'600280,中央商场,16.47,17.92,16.47,17.92,18.3,-1.83,-10.0,1.9162,22004816,372371710.0,18913075341.8,18913075341.8
2015-06-18,'600280,中央商场,18.3,19.59,18.15,19.18,19.14,-0.84,-4.3887,2.0475,23512582,442846333.0,21014528157.6,21014528157.6
2015-06-17,'600280,中央商场,19.14,20.0,18.0,19.33,19.33,-0.19,-0.9829,1.9272,22130441,416381013.0,21979129450.1,21979129450.1
2015-06-16,'600280,中央商场,19.33,20.5,19.0,20.09,20.56,-1.23,-5.9825,2.0165,23155653,453659217.0,22197313075.8,22197313075.8
2015-06-15,'600280,中央商场,20.56,21.44,20.19,20.99,21.46,-0.9,-4.1938,5.318,61067904,1269512531.0,23609764968.3,23609764968.3
2015-06-12,'600280,DR中央商,21.46,21.84,20.09,20.09,19.86,1.6,8.0564,2.8859,33140352,697851385.0,24643266353.1,24643266353.1
2015-06-11,'600280,中央商场,39.96,40.88,38.9,40.1,38.93,1.03,2.6458,5.4478,31279394,1248136209.0,22943730742.6,22943730742.6
2015-06-10,'600280,中央商场,38.93,40.95,36.7,37.36,37.36,1.57,4.2024,4.2822,24587221,956027842.0,22352338283.5,22352338283.5
2015-06-09,'600280,中央商场,37.36,38.55,36.58,37.8,38.02,-0.66,-1.7359,2.9475,16923603,634819317.0,21450895409.0,21450895409.0
2015-06-08,'600280,中央商场,38.02,39.7,37.0,38.88,38.29,-0.27,-0.7051,2.8631,16438853,630738440.0,21829845916.7,21829845916.7
2015-06-05,'600280,中央商场,38.29,40.0,37.02,40.0,37.7,0.59,1.565,2.935,16851884,648332812.0,21984871124.4,21984871124.4
2015-06-04,'600280,中央商场,37.7,38.6,35.05,38.6,38.94,-1.24,-3.1844,3.3254,19093345,696479879.0,21646112337.2,21646112337.2
2015-06-03,'600280,中央商场,38.94,41.05,37.99,40.68,40.46,-1.52,-3.7568,2.9066,16688655,657819032.0,22358079957.8,22358079957.8
2015-06-02,'600280,中央商场,40.46,41.94,39.3,39.5,38.48,1.98,5.1455,4.4654,25638837,1039889246.0,23230814460.6,23230814460.6
2015-06-01,'600280,中央商场,38.48,38.48,34.01,34.95,34.98,3.5,10.0057,5.128,29443403,1063610144.0,22093962937.3,22093962937.3
2015-05-29,'600280,中央商场,34.98,36.0,33.0,34.09,33.7,1.28,3.7982,3.691,21192243,741030849.0,20084376911.3,20084376911.3
2015-05-28,'600280,中央商场,33.7,36.18,33.3,34.69,34.75,-1.05,-3.0216,4.0256,23113572,797078708.0,19349442593.2,19349442593.2
2015-05-27,'600280,中央商场,34.75,36.46,33.3,36.46,36.45,-1.7,-4.6639,4.4865,25759772,897640600.0,19952318401.0,19952318401.0
2015-05-26,'600280,中央商场,36.45,39.45,35.9,37.15,36.97,-0.52,-1.4065,4.7618,27340980,1027666456.0,20928403042.2,20928403042.2
2015-05-25,'600280,中央商场,36.97,36.97,32.89,33.18,33.61,3.36,9.997,3.8528,22121352,791209247.0,21226970108.9,21226970108.9
2015-05-22,'600280,中央商场,33.61,33.87,30.5,30.55,30.79,2.82,9.1588,4.953,28438709,923922997.0,19297767524.0,19297767524.0
2015-05-21,'600280,中央商场,30.79,31.08,28.71,28.71,28.71,2.08,7.2449,5.5957,32128816,962957755.0,17678615354.4,17678615354.4
2015-05-20,'600280,中央商场,28.71,30.5,27.92,27.92,27.87,0.84,3.014,5.3484,30708953,899032030.0,16484347087.6,16484347087.6
2015-05-19,'600280,中央商场,27.87,29.0,27.48,28.1,28.26,-0.39,-1.38,4.2312,24294455,682069346.0,16002046441.3,16002046441.3
2015-05-18,'600280,中央商场,28.26,29.63,25.81,26.98,26.94,1.32,4.8998,7.2838,41821163,1158954948.0,16225971741.4,16225971741.4
