2016-02-04,'600278,东方创业,13.36,13.65,13.11,13.2,13.22,0.14,1.059,1.1828,6177265,82885820.0,6977149633.04,6977149633.04
2016-02-03,'600278,东方创业,13.22,13.39,12.3,12.65,12.7,0.52,4.0945,0.9546,4985406,63244365.0,6904035789.58,6904035789.58
2016-02-02,'600278,东方创业,12.7,13.02,12.22,12.37,12.43,0.27,2.1722,0.9824,5130497,65432750.0,6632470085.3,6632470085.3
2016-02-01,'600278,东方创业,12.43,12.56,12.09,12.3,12.19,0.24,1.9688,0.9643,5035915,62123000.0,6491464815.77,6491464815.77
2016-01-29,'600278,东方创业,12.19,12.37,11.52,11.6,11.54,0.65,5.6326,0.9873,5156078,61902675.0,6366126798.41,6366126798.41
2016-01-28,'600278,东方创业,11.54,12.25,11.5,11.62,11.87,-0.33,-2.7801,0.9327,4870808,58024353.0,6026669668.06,6026669668.06
2016-01-27,'600278,东方创业,11.87,12.3,11.23,12.14,12.14,-0.27,-2.2241,1.2306,6426732,75313069.0,6199009441.93,6199009441.93
2016-01-26,'600278,东方创业,12.14,13.44,12.14,13.29,13.49,-1.35,-10.0074,1.1788,6156131,78454692.0,6340014711.46,6340014711.46
2016-01-25,'600278,东方创业,13.49,13.66,13.24,13.24,13.04,0.45,3.4509,0.872,4553811,61417100.0,7045041059.11,7045041059.11
2016-01-22,'600278,东方创业,13.04,13.14,12.38,12.83,12.65,0.39,3.083,0.8648,4516234,58010005.0,6810032276.56,6810032276.56
2016-01-21,'600278,东方创业,12.65,13.7,12.6,13.38,13.62,-0.97,-7.1219,0.961,5018563,66758270.0,6606357998.35,6606357998.35
2016-01-20,'600278,东方创业,13.62,14.06,13.43,13.8,13.92,-0.3,-2.1552,1.2792,6680621,91849184.0,7112932485.18,7112932485.18
2016-01-19,'600278,东方创业,13.92,13.99,13.29,13.3,13.29,0.63,4.7404,1.7873,9333779,128021146.0,7269605006.88,7269605006.88
2016-01-18,'600278,东方创业,13.29,13.48,12.62,12.62,12.96,0.33,2.5463,0.9516,4969453,65346209.0,6940592711.31,6940592711.31
2016-01-15,'600278,东方创业,12.96,13.4,12.56,13.2,13.4,-0.44,-3.2836,1.069,5582956,72676789.0,6768252937.44,6768252937.44
2016-01-14,'600278,东方创业,13.4,13.5,12.01,12.01,12.79,0.61,4.7694,1.2027,6281252,80249819.0,6998039302.6,6998039302.6
2016-01-13,'600278,东方创业,12.79,14.1,12.3,13.48,13.3,-0.51,-3.8346,1.3344,6968876,94667310.0,6679471841.81,6679471841.81
2016-01-12,'600278,东方创业,13.3,13.54,13.01,13.29,13.28,0.02,0.1506,0.9286,4849479,64581286.0,6945815128.7,6945815128.7
2016-01-11,'600278,东方创业,13.28,14.6,13.28,14.6,14.76,-1.48,-10.0271,1.179,6157065,85730141.0,6935370293.92,6935370293.92
2016-01-08,'600278,东方创业,14.76,15.5,13.93,15.24,14.93,-0.17,-1.1386,1.3129,6856670,101617644.0,7708288067.64,7708288067.64
2016-01-07,'600278,东方创业,14.93,16.33,14.93,16.33,16.59,-1.66,-10.006,0.2785,1454500,22456835.0,7797069163.27,7797069163.27
2016-01-06,'600278,东方创业,16.59,16.71,16.12,16.45,16.45,0.14,0.8511,1.0614,5543075,91286569.0,8663990450.01,8663990450.01
2016-01-05,'600278,东方创业,16.45,16.95,15.72,16.11,16.64,-0.19,-1.1418,1.1597,6056554,99286698.0,8590876606.55,8590876606.55
2016-01-04,'600278,东方创业,16.64,18.27,16.51,18.18,18.34,-1.7,-9.2694,1.0804,5642409,98676616.0,8690102536.96,8690102536.96
2015-12-31,'600278,东方创业,18.34,18.6,18.15,18.49,18.46,-0.12,-0.6501,1.254,6548674,120307991.0,9577913493.26,9577913493.26
2015-12-30,'600278,东方创业,18.46,18.48,17.95,18.1,17.89,0.57,3.1861,1.8904,9872492,180000268.0,9640582501.94,9640582501.94
2015-12-29,'600278,东方创业,17.89,17.95,17.52,17.55,17.56,0.33,1.8793,0.8712,4549518,80433029.0,9342904710.71,9342904710.71
2015-12-28,'600278,东方创业,17.56,18.34,17.55,18.25,18.24,-0.68,-3.7281,1.5208,7942445,142924458.0,9170564936.84,9170564936.84
2015-12-25,'600278,东方创业,18.24,18.3,17.65,17.85,17.86,0.38,2.1277,1.229,6418138,115943351.0,9525689319.36,9525689319.36
2015-12-24,'600278,东方创业,17.86,18.0,17.51,17.97,18.02,-0.16,-0.8879,1.1906,6218000,110672836.0,9327237458.54,9327237458.54
2015-12-23,'600278,东方创业,18.02,18.34,17.55,17.71,17.6,0.42,2.3864,1.9897,10391161,186592987.0,9410796136.78,9410796136.78
2015-12-22,'600278,东方创业,17.6,17.64,17.35,17.55,17.53,0.07,0.3993,0.9883,5161396,90270369.0,9191454606.4,9191454606.4
2015-12-21,'600278,东方创业,17.53,17.68,17.27,17.38,17.41,0.12,0.6893,1.0166,5308916,92803007.0,9154897684.67,9154897684.67
2015-12-18,'600278,东方创业,17.41,17.71,17.29,17.48,17.38,0.03,0.1726,1.4088,7357204,128883288.0,9092228675.99,9092228675.99
2015-12-17,'600278,东方创业,17.38,17.47,17.12,17.2,17.08,0.3,1.7564,1.2559,6558684,113728003.0,9076561423.82,9076561423.82
2015-12-16,'600278,东方创业,17.08,17.2,16.99,17.19,17.09,-0.01,-0.0585,0.9187,4797686,81873921.0,8919888902.12,8919888902.12
2015-12-15,'600278,东方创业,17.09,17.2,16.87,16.96,16.96,0.13,0.7665,0.9289,4851359,82429997.0,8925111319.51,8925111319.51
2015-12-14,'600278,东方创业,16.96,17.0,16.15,16.15,16.58,0.38,2.2919,0.8677,4531252,75081211.0,8857219893.44,8857219893.44
2015-12-11,'600278,东方创业,16.58,16.89,16.51,16.81,16.88,-0.3,-1.7773,0.9299,4856491,80943080.0,8658768032.62,8658768032.62
2015-12-10,'600278,东方创业,16.88,17.59,16.7,16.81,16.79,0.09,0.536,1.7896,9346253,159974344.0,8815440554.32,8815440554.32
2015-12-09,'600278,东方创业,16.79,17.08,16.67,16.91,16.91,-0.12,-0.7096,0.8114,4237517,71482396.0,8768438797.81,8768438797.81
2015-12-08,'600278,东方创业,16.91,17.59,16.9,17.48,17.68,-0.77,-4.3552,1.2148,6344304,108809948.0,8831107806.49,8831107806.49
2015-12-07,'600278,东方创业,17.68,17.73,17.35,17.68,17.55,0.13,0.7407,1.1729,6125380,107235323.0,9233233945.52,9233233945.52
2015-12-04,'600278,东方创业,17.55,17.77,17.01,17.08,17.28,0.27,1.5625,1.8629,9728609,169469630.0,9165342519.45,9165342519.45
2015-12-03,'600278,东方创业,17.28,17.39,16.87,17.01,16.94,0.34,2.0071,1.4455,7548961,129305741.0,9024337249.92,9024337249.92
2015-12-02,'600278,东方创业,16.94,17.33,16.1,17.23,17.17,-0.23,-1.3395,1.5111,7891589,132615454.0,8846775058.66,8846775058.66
2015-12-01,'600278,东方创业,17.17,17.58,16.97,17.22,17.09,0.08,0.4681,1.5422,8053757,139002647.0,8966890658.63,8966890658.63
2015-11-30,'600278,东方创业,17.09,17.88,16.38,17.6,17.56,-0.47,-2.6765,1.7915,9355791,159923987.0,8925111319.51,8925111319.51
2015-11-27,'600278,东方创业,17.56,19.47,17.55,19.3,19.5,-1.94,-9.9487,2.9853,15590356,287851012.0,9170564936.84,9170564936.84
2015-11-26,'600278,东方创业,19.5,19.95,19.48,19.92,19.84,-0.34,-1.7137,2.1671,11317292,222521820.0,10183713910.5,10183713910.5
2015-11-25,'600278,东方创业,19.84,20.05,19.36,19.36,19.55,0.29,1.4834,2.723,14220710,279857691.0,10361276101.8,10361276101.8
2015-11-24,'600278,东方创业,19.55,20.08,19.28,19.9,19.83,-0.28,-1.412,1.9647,10260511,200216268.0,10209825997.5,10209825997.5
2015-11-23,'600278,东方创业,19.83,19.93,19.23,19.49,19.3,0.53,2.7461,3.3776,17639237,346178304.0,10356053684.4,10356053684.4
2015-11-20,'600278,东方创业,19.3,19.7,19.1,19.2,19.14,0.16,0.8359,2.4159,12616581,244338375.0,10079265562.7,10079265562.7
2015-11-19,'600278,东方创业,19.14,19.2,18.6,19.16,18.76,0.38,2.0256,1.9447,10156276,192057896.0,9995706884.46,9995706884.46
2015-11-18,'600278,东方创业,18.76,19.56,18.7,19.05,18.93,-0.17,-0.898,2.7692,14462091,278465874.0,9797255023.64,9797255023.64
2015-11-17,'600278,东方创业,18.93,20.0,18.74,19.82,18.65,0.28,1.5013,3.8631,20174859,392200702.0,9886036119.27,9886036119.27
2015-11-16,'600278,东方创业,18.65,18.66,18.21,18.4,18.87,-0.22,-1.1659,1.9042,9944336,183452739.0,9739808432.35,9739808432.35
2015-11-13,'600278,东方创业,18.87,19.52,18.41,18.54,18.69,0.18,0.9631,2.5537,13336528,254242453.0,9854701614.93,9854701614.93
2015-11-12,'600278,东方创业,18.69,19.0,18.41,19.0,19.08,-0.39,-2.044,2.4252,12665192,236543912.0,9760698101.91,9760698101.91
2015-11-11,'600278,东方创业,19.08,19.28,18.68,19.25,19.34,-0.26,-1.3444,2.5459,13295591,251493602.0,9964372380.12,9964372380.12
2015-11-10,'600278,东方创业,19.34,19.79,19.1,19.4,19.77,-0.43,-2.175,2.5349,13238466,257326830.0,10100155232.3,10100155232.3
2015-11-09,'600278,东方创业,19.77,20.29,19.36,19.48,19.04,0.73,3.834,3.9925,20850377,411615833.0,10324719180.0,10324719180.0
2015-11-06,'600278,东方创业,19.04,19.43,18.75,19.3,18.71,0.33,1.7638,2.6724,13956535,265189247.0,9943482710.56,9943482710.56
2015-11-05,'600278,东方创业,18.71,19.33,18.45,18.99,18.87,-0.16,-0.8479,2.8241,14748522,278152367.0,9771142936.69,9771142936.69
2015-11-04,'600278,东方创业,18.87,19.01,17.77,17.91,17.69,1.18,6.6704,3.1975,16698436,309382700.0,9854701614.93,9854701614.93
2015-11-03,'600278,东方创业,17.69,18.14,16.86,17.85,17.81,-0.12,-0.6738,2.4178,12626585,221158037.0,9238456362.91,9238456362.91
2015-11-02,'600278,东方创业,17.81,19.09,17.64,18.4,18.8,-0.99,-5.266,2.163,11296084,208472375.0,9301125371.59,9301125371.59
2015-10-30,'600278,东方创业,18.8,19.39,18.63,18.98,19.0,-0.2,-1.0526,1.8261,9536806,180627283.0,9818144693.2,9818144693.2
2015-10-29,'600278,东方创业,19.0,19.48,18.58,19.35,19.09,-0.09,-0.4715,2.2787,11900474,226855762.0,9922593041.0,9922593041.0
2015-10-28,'600278,东方创业,19.09,20.12,18.52,20.12,20.32,-1.23,-6.0531,4.1016,21420218,419021508.0,9969594797.51,9969594797.51
2015-10-27,'600278,东方创业,20.32,20.94,18.81,19.0,19.04,1.28,6.7227,5.2291,27308704,552140762.0,10611952136.5,10611952136.5
2015-10-26,'600278,东方创业,19.04,19.79,18.58,19.5,19.71,-0.67,-3.3993,4.5789,23913025,458161197.0,9943482710.56,9943482710.56
2015-10-23,'600278,东方创业,19.71,19.71,18.0,18.01,17.92,1.79,9.9888,5.6396,29452267,561269044.0,10293384675.7,10293384675.7
2015-10-22,'600278,东方创业,17.92,17.92,16.67,16.92,16.29,1.63,10.0061,4.4308,23139249,403777245.0,9358571962.88,9358571962.88
2015-10-21,'600278,东方创业,16.29,18.68,16.29,18.01,18.1,-1.81,-10.0,4.4037,22997945,402441918.0,8507317928.31,8507317928.31
2015-10-20,'600278,东方创业,18.1,18.5,17.01,17.1,17.49,0.61,3.4877,3.9983,20881031,375035749.0,9452575475.9,9452575475.9
2015-10-19,'600278,东方创业,17.49,18.63,16.78,17.1,17.09,0.4,2.3406,5.3009,27683281,487805433.0,9134008015.11,9134008015.11
2015-10-16,'600278,东方创业,17.09,17.48,16.1,16.16,16.09,1.0,6.215,5.1033,26651697,444233157.0,8925111319.51,8925111319.51
2015-10-15,'600278,东方创业,16.09,16.16,15.69,15.77,15.68,0.41,2.6148,2.3274,12154411,193777331.0,8402869580.51,8402869580.51
2015-10-14,'600278,东方创业,15.68,16.48,15.61,16.35,16.54,-0.86,-5.1995,2.6331,13751175,221193305.0,8188750467.52,8188750467.52
2015-10-13,'600278,东方创业,16.54,16.58,15.86,16.03,16.27,0.27,1.6595,3.2982,17224791,279828809.0,8637878363.06,8637878363.06
2015-10-12,'600278,东方创业,16.27,16.5,15.58,15.66,15.59,0.68,4.3618,3.9668,20716143,334626395.0,8496873093.53,8496873093.53
2015-10-09,'600278,东方创业,15.59,15.99,15.16,15.29,15.29,0.3,1.9621,2.503,13071544,204610209.0,8141748711.01,8141748711.01
2015-10-08,'600278,东方创业,15.29,15.47,14.8,15.0,14.49,0.8,5.521,1.9266,10061352,152432877.0,7985076189.31,7985076189.31
2015-09-30,'600278,东方创业,14.49,15.25,14.35,14.98,14.84,-0.35,-2.3585,1.4281,7458113,109959564.0,7567282798.11,7567282798.11
2015-09-29,'600278,东方创业,14.84,15.5,14.14,14.3,14.63,0.21,1.4354,2.5137,13127330,197184381.0,7750067406.76,7750067406.76
2015-09-28,'600278,东方创业,14.63,15.19,14.12,15.02,15.03,-0.4,-2.6613,2.2348,11671160,169362074.0,7640396641.57,7640396641.57
2015-09-25,'600278,东方创业,15.03,16.05,14.7,15.58,15.64,-0.61,-3.9003,3.0068,15702645,243478678.0,7849293337.17,7849293337.17
2015-09-24,'600278,东方创业,15.64,15.85,15.24,15.4,15.19,0.45,2.9625,2.2847,11931657,185383157.0,8167860797.96,8167860797.96
2015-09-23,'600278,东方创业,15.19,15.85,15.0,15.2,15.85,-0.66,-4.164,3.487,18210784,279407540.0,7932852015.41,7932852015.41
2015-09-22,'600278,东方创业,15.85,16.47,15.46,15.93,15.99,-0.14,-0.8755,4.7299,24701415,394738048.0,8277531563.15,8277531563.15
2015-09-21,'600278,东方创业,15.99,16.2,15.11,15.3,15.58,0.41,2.6316,3.7562,19616303,310216817.0,8350645406.61,8350645406.61
2015-09-18,'600278,东方创业,15.58,16.47,15.06,16.1,16.28,-0.7,-4.2998,5.3638,28012074,442154103.0,8136526293.62,8136526293.62
2015-09-17,'600278,东方创业,16.28,18.12,16.08,17.0,17.05,-0.77,-4.5161,8.8033,45974761,786363400.0,8502095510.92,8502095510.92
2015-09-16,'600278,东方创业,17.05,17.05,15.23,15.88,15.5,1.55,10.0,9.5284,49761327,801582197.0,8904221649.95,8904221649.95
2015-09-15,'600278,东方创业,15.5,15.5,13.5,13.6,14.09,1.41,10.0071,7.2845,38042804,582820107.0,8094746954.5,8094746954.5
2015-09-14,'600278,东方创业,14.09,16.5,14.08,15.85,15.64,-1.55,-9.9105,5.9998,31333524,482294947.0,7358386102.51,7358386102.51
2015-09-11,'600278,东方创业,15.64,15.64,13.8,14.1,14.22,1.42,9.9859,4.9737,25974673,381000210.0,8167860797.96,8167860797.96
2015-09-10,'600278,东方创业,14.22,14.72,13.4,13.4,13.91,0.31,2.2286,3.716,19406414,275153142.0,7426277528.58,7426277528.58
2015-09-09,'600278,东方创业,13.91,14.06,12.98,13.4,12.78,1.13,8.8419,4.5161,23585044,323435301.0,7264382589.49,7264382589.49
2015-09-08,'600278,东方创业,12.78,12.78,11.25,11.43,11.62,1.16,9.9828,2.224,11614703,140575107.0,6674249424.42,6674249424.42
2015-09-07,'600278,东方创业,11.62,12.28,11.38,11.5,11.18,0.44,3.9356,1.6496,8614886,101490717.0,6068449007.18,6068449007.18
2015-09-02,'600278,东方创业,11.18,12.68,10.79,10.79,11.99,-0.81,-6.7556,2.786,14549554,167495664.0,5838662642.02,5838662642.02
2015-09-01,'600278,东方创业,11.99,13.0,11.99,12.87,13.32,-1.33,-9.985,2.1268,11106786,135706292.0,6261678450.61,6261678450.61
2015-08-31,'600278,东方创业,13.32,14.13,13.28,13.7,13.57,-0.25,-1.8423,2.6145,13654150,187047047.0,6956259963.48,6956259963.48
2015-08-28,'600278,东方创业,13.57,13.57,12.6,12.8,12.34,1.23,9.9676,2.8169,14711214,194366984.0,7086820398.23,7086820398.23
2015-08-27,'600278,东方创业,12.34,12.36,11.01,11.92,11.51,0.83,7.2111,2.5689,13415938,159781564.0,6444463059.26,6444463059.26
2015-08-26,'600278,东方创业,11.51,13.5,11.44,12.58,12.71,-1.2,-9.4414,3.7073,19361321,237449236.0,6011002415.89,6011002415.89
2015-08-25,'600278,东方创业,12.71,13.1,12.71,12.71,14.12,-1.41,-9.9858,1.6488,8610840,109803654.0,6637692502.69,6637692502.69
2015-08-24,'600278,东方创业,14.12,15.0,14.12,14.9,15.69,-1.57,-10.0064,0.8624,4503900,64623102.0,7374053354.68,7374053354.68
2015-08-21,'600278,东方创业,15.69,17.39,15.59,16.9,17.32,-1.63,-9.4111,2.1812,11391064,187259099.0,8193972884.91,8193972884.91
2015-08-20,'600278,东方创业,17.32,18.52,17.05,17.05,17.49,-0.17,-0.972,2.9156,15226559,271144596.0,9045226919.48,9045226919.48
2015-08-19,'600278,东方创业,17.49,17.84,15.4,16.24,17.11,0.38,2.2209,3.3095,17283804,285484552.0,9134008015.11,9134008015.11
2015-08-18,'600278,东方创业,17.11,19.25,17.11,18.95,19.01,-1.9,-9.9947,2.8899,15092184,276181087.0,8935556154.29,8935556154.29
2015-08-17,'600278,东方创业,19.01,19.5,17.44,17.83,18.33,0.68,3.7098,4.0644,21226162,392597578.0,9927815458.39,9927815458.39
2015-08-14,'600278,东方创业,18.33,19.53,18.18,18.8,18.47,-0.14,-0.758,5.2091,27204126,516443239.0,9572691075.87,9572691075.87
2015-08-13,'600278,东方创业,18.47,18.94,17.25,17.3,17.61,0.86,4.8836,4.76,24858804,452297668.0,9645804919.33,9645804919.33
2015-08-12,'600278,东方创业,17.61,18.35,17.01,17.67,17.62,-0.01,-0.0568,4.6402,24233110,431344139.0,9196677023.79,9196677023.79
2015-08-11,'600278,东方创业,17.62,17.62,15.99,16.02,16.02,1.6,9.9875,4.0613,21209745,356461739.0,9201899441.18,9201899441.18
2015-08-10,'600278,东方创业,16.02,16.02,14.78,14.78,14.56,1.46,10.0275,3.2009,16716576,260079375.0,8366312658.78,8366312658.78
2015-08-07,'600278,东方创业,14.56,14.68,14.03,14.03,13.83,0.73,5.2784,2.1201,11071836,159634187.0,7603839719.84,7603839719.84
2015-08-06,'600278,东方创业,13.83,14.18,13.32,13.43,13.8,0.03,0.2174,1.7323,9046627,125005225.0,7222603250.37,7222603250.37
2015-08-05,'600278,东方创业,13.8,14.39,13.51,13.76,13.85,-0.05,-0.361,2.4288,12684158,177501211.0,7206935998.2,7206935998.2
2015-08-04,'600278,东方创业,13.85,13.85,12.43,12.78,12.59,1.26,10.0079,2.1128,11033740,145759602.0,7233048085.15,7233048085.15
2015-08-03,'600278,东方创业,12.59,13.55,12.33,13.55,13.67,-1.08,-7.9005,1.995,10418966,134106686.0,6575023494.01,6575023494.01
2015-07-31,'600278,XD东方创,13.67,14.15,13.0,13.63,13.98,-0.31,-2.2175,2.0054,10473140,143247162.0,7139044572.13,7139044572.13
2015-07-30,'600278,东方创业,14.06,14.75,14.0,14.1,14.39,-0.33,-2.2933,2.624,13703630,197614512.0,7342718850.34,7342718850.34
2015-07-29,'600278,东方创业,14.39,14.45,13.2,13.85,13.38,1.01,7.5486,2.4902,13004804,180115107.0,7515058624.21,7515058624.21
2015-07-28,'600278,东方创业,13.38,14.3,12.79,13.38,14.14,-0.76,-5.3748,2.8706,14991503,202743406.0,6987594467.82,6987594467.82
2015-07-27,'600278,东方创业,14.14,15.95,14.14,15.39,15.71,-1.57,-9.9936,3.2688,17070862,259648844.0,7384498189.46,7384498189.46
2015-07-24,'600278,东方创业,15.71,16.43,15.56,16.28,16.18,-0.47,-2.9048,3.8512,20112720,323134407.0,8204417719.69,8204417719.69
2015-07-23,'600278,东方创业,16.18,16.2,15.31,15.39,15.28,0.9,5.8901,3.8382,20044755,317230035.0,8449871337.02,8449871337.02
2015-07-22,'600278,东方创业,15.28,15.5,14.61,15.23,15.36,-0.08,-0.5208,3.4339,17933062,271577811.0,7979853771.92,7979853771.92
2015-07-21,'600278,东方创业,15.36,15.8,14.41,14.7,15.11,0.25,1.6545,3.5791,18691357,285686645.0,8021633111.04,8021633111.04
2015-07-20,'600278,东方创业,15.11,15.55,14.25,14.82,14.67,0.44,2.9993,4.3123,22520827,337592842.0,7891072676.29,7891072676.29
2015-07-17,'600278,东方创业,14.67,14.67,13.41,13.42,13.34,1.33,9.97,3.5006,18281445,259038452.0,7661286311.13,7661286311.13
2015-07-16,'600278,东方创业,13.34,13.68,11.85,12.19,13.05,0.29,2.2222,3.4663,18102583,235378205.0,6966704798.26,6966704798.26
2015-07-15,'600278,东方创业,13.05,14.32,12.8,14.32,13.02,0.03,0.2304,5.726,29903632,415503689.0,6815254693.95,6815254693.95
2015-07-14,'600278,东方创业,13.02,13.02,13.02,13.02,11.84,1.18,9.9662,0.1048,547400,7127148.0,6799587441.78,6799587441.78
2015-07-13,'600278,东方创业,11.84,11.84,11.84,11.84,10.76,1.08,10.0372,0.0488,254755,3016299.0,6183342189.76,6183342189.76
2015-07-10,'600278,东方创业,0.0,0.0,0.0,0.0,10.76,None,None,0.0,0,0.0,5619321111.64,5619321111.64
2015-07-09,'600278,东方创业,0.0,0.0,0.0,0.0,10.76,None,None,0.0,0,0.0,5619321111.64,5619321111.64
2015-07-08,'600278,东方创业,10.76,10.76,10.76,10.76,11.95,-1.19,-9.9582,0.0913,476700,5129292.0,5619321111.64,5619321111.64
2015-07-07,'600278,东方创业,11.95,12.82,11.95,12.35,13.28,-1.33,-10.0151,0.9162,4784562,57891456.0,6240788781.05,6240788781.05
2015-07-06,'600278,东方创业,13.28,16.24,13.28,16.24,14.76,-1.48,-10.0271,2.2861,11938949,171931800.0,6935370293.92,6935370293.92
2015-07-03,'600278,东方创业,14.76,15.88,14.76,15.5,16.4,-1.64,-10.0,2.4376,12730137,191351415.0,7708288067.64,7708288067.64
2015-07-02,'600278,东方创业,16.4,18.48,16.4,17.99,18.22,-1.82,-9.989,1.8285,9549107,163171084.0,8564764519.6,8564764519.6
2015-07-01,'600278,东方创业,18.22,20.55,18.22,19.85,20.24,-2.02,-9.9802,1.8793,9814593,193165385.0,9515244484.58,9515244484.58
2015-06-30,'600278,东方创业,20.24,20.48,17.54,19.28,19.49,0.75,3.8481,2.3342,12190372,228719368.0,10570172797.4,10570172797.4
2015-06-29,'600278,东方创业,19.49,21.98,19.49,21.97,21.65,-2.16,-9.9769,2.0482,10696581,218252872.0,10178491493.1,10178491493.1
2015-06-26,'600278,东方创业,21.65,23.68,21.65,23.2,24.06,-2.41,-10.0166,1.8237,9524365,213057558.0,11306533649.4,11306533649.4
2015-06-25,'600278,东方创业,24.06,25.39,23.8,25.23,25.21,-1.15,-4.5617,1.6103,8409781,208854034.0,12565136240.3,12565136240.3
2015-06-24,'600278,东方创业,25.21,25.54,24.65,25.3,24.83,0.38,1.5304,1.9614,10243111,258114749.0,13165714240.2,13165714240.2
2015-06-23,'600278,东方创业,24.83,25.47,22.91,25.15,24.17,0.66,2.7307,1.7911,9354081,227351152.0,12967262379.4,12967262379.4
2015-06-19,'600278,东方创业,24.17,25.9,23.8,25.0,26.06,-1.89,-7.2525,1.4183,7407007,186019121.0,12622582831.6,12622582831.6
2015-06-18,'600278,东方创业,26.06,27.38,25.49,25.7,25.86,0.2,0.7734,1.9386,10124342,265770575.0,13609619718.3,13609619718.3
2015-06-17,'600278,东方创业,25.86,26.24,24.54,25.25,25.35,0.51,2.0118,1.5616,8155488,206573348.0,13505171370.5,13505171370.5
2015-06-16,'600278,东方创业,25.35,26.78,25.21,26.78,27.12,-1.77,-6.5265,1.6663,8702266,225308731.0,13238828083.6,13238828083.6
2015-06-15,'600278,东方创业,27.12,28.36,26.89,27.98,28.16,-1.04,-3.6932,1.6842,8795762,242236585.0,14163195961.7,14163195961.7
2015-06-12,'600278,东方创业,28.16,28.5,27.43,28.15,28.04,0.12,0.428,1.9956,10421695,291453187.0,14706327370.2,14706327370.2
2015-06-11,'600278,东方创业,28.04,28.67,27.39,27.39,26.79,1.25,4.6659,2.7165,14186504,398083249.0,14643658361.6,14643658361.6
2015-06-10,'600278,东方创业,26.79,27.3,25.93,26.0,26.58,0.21,0.7901,1.8759,9796492,260399639.0,13990856187.8,13990856187.8
2015-06-09,'600278,东方创业,26.58,26.99,26.06,26.85,27.3,-0.72,-2.6374,1.6715,8729521,231742633.0,13881185422.6,13881185422.6
2015-06-08,'600278,东方创业,27.3,27.69,26.01,26.55,26.21,1.09,4.1587,2.8944,15115836,404342572.0,14257199474.7,14257199474.7
2015-06-05,'600278,东方创业,26.21,27.45,25.4,27.19,26.46,-0.25,-0.9448,2.3559,12303322,324901504.0,13687955979.2,13687955979.2
2015-06-04,'600278,东方创业,26.46,26.8,23.61,25.85,25.63,0.83,3.2384,2.0807,10866501,277072320.0,13818516413.9,13818516413.9
2015-06-03,'600278,东方创业,25.63,26.7,25.03,26.59,26.71,-1.08,-4.0434,2.4904,13006135,336773064.0,13385055770.6,13385055770.6
2015-06-02,'600278,东方创业,26.71,27.0,24.6,25.04,25.01,1.7,6.7973,2.8937,15112209,391386853.0,13949076848.7,13949076848.7
2015-06-01,'600278,东方创业,25.01,25.15,24.1,24.51,24.15,0.86,3.5611,2.9195,15246655,375836675.0,13061265892.4,13061265892.4
2015-05-29,'600278,东方创业,24.15,24.46,21.51,22.7,22.74,1.41,6.2005,2.7354,14285190,331411995.0,12612137996.9,12612137996.9
2015-05-28,'600278,东方创业,22.74,25.3,22.59,24.5,24.9,-2.16,-8.6747,3.0618,15989941,385202583.0,11875777144.9,11875777144.9
2015-05-27,'600278,东方创业,24.9,25.66,23.25,23.51,23.71,1.19,5.019,3.3678,17588204,431400074.0,13003819301.1,13003819301.1
2015-05-26,'600278,东方创业,23.71,24.42,23.11,23.4,22.5,1.21,5.3778,3.8007,19848882,471766457.0,12382351631.7,12382351631.7
2015-05-25,'600278,东方创业,22.5,22.5,20.3,20.3,20.45,2.05,10.0244,1.3197,6892092,149726902.0,11750439127.5,11750439127.5
2015-05-22,'600278,东方创业,20.45,21.0,20.18,20.88,20.25,0.2,0.9877,2.375,12403002,254149323.0,10679843562.5,10679843562.5
2015-05-21,'600278,东方创业,20.25,20.65,19.8,19.8,19.77,0.48,2.4279,1.9,9922789,201653869.0,10575395214.8,10575395214.8
2015-05-20,'600278,东方创业,19.77,20.18,19.52,19.76,19.95,-0.18,-0.9023,2.489,12998615,257976157.0,10324719180.0,10324719180.0
2015-05-19,'600278,东方创业,19.95,20.18,18.72,18.86,18.86,1.09,5.7794,3.1876,16646821,325137582.0,10418722693.0,10418722693.0
2015-05-18,'600278,东方创业,18.86,18.89,18.37,18.4,18.79,0.07,0.3725,1.7739,9263915,172537293.0,9849479197.54,9849479197.54
2015-05-15,'600278,东方创业,18.79,19.1,18.25,18.4,18.53,0.26,1.4031,1.7264,9016104,168525034.0,9812922275.81,9812922275.81
2015-05-14,'600278,东方创业,18.53,18.9,18.42,18.9,18.9,-0.37,-1.9577,1.1464,5987200,111196257.0,9677139423.67,9677139423.67
2015-05-13,'600278,东方创业,18.9,19.1,18.35,18.8,18.79,0.11,0.5854,1.8472,9647081,180611625.0,9870368867.1,9870368867.1
2015-05-12,'600278,东方创业,18.79,19.15,17.9,17.91,17.9,0.89,4.9721,2.1535,11246328,209648529.0,9812922275.81,9812922275.81
2015-05-11,'600278,东方创业,17.9,17.94,17.03,17.3,17.22,0.68,3.9489,1.3312,6951909,122770566.0,9348127128.1,9348127128.1
2015-05-08,'600278,东方创业,17.22,17.26,16.81,16.82,16.6,0.62,3.7349,0.9845,5141628,87690244.0,8993002745.58,8993002745.58
2015-05-07,'600278,东方创业,16.6,17.18,16.49,17.0,16.93,-0.33,-1.9492,0.8528,4453774,74928889.0,8669212867.4,8669212867.4
2015-05-06,'600278,东方创业,16.93,17.79,16.88,17.43,17.46,-0.53,-3.0355,1.0819,5649895,98241803.0,8841552641.27,8841552641.27
2015-05-05,'600278,东方创业,17.46,17.9,16.95,17.81,17.8,-0.34,-1.9101,1.2598,6579351,114677007.0,9118340762.94,9118340762.94
2015-05-04,'600278,东方创业,17.8,18.0,17.55,17.95,17.97,-0.17,-0.946,0.9202,4805871,85179349.0,9295902954.2,9295902954.2
2015-04-30,'600278,东方创业,17.97,18.33,17.9,18.1,18.1,-0.13,-0.7182,0.9588,5007196,90503073.0,9384684049.83,9384684049.83
2015-04-29,'600278,东方创业,18.1,18.25,17.52,17.82,17.83,0.27,1.5143,1.1438,5973445,107427721.0,9452575475.9,9452575475.9
2015-04-28,'600278,东方创业,17.83,18.8,17.6,18.56,18.74,-0.91,-4.8559,1.718,8972128,162666787.0,9311570206.37,9311570206.37
2015-04-27,'600278,东方创业,18.74,19.4,18.49,19.4,18.97,-0.23,-1.2124,1.9554,10212014,192185437.0,9786810188.86,9786810188.86
2015-04-24,'600278,东方创业,18.97,19.4,18.28,18.44,18.87,0.1,0.5299,2.3852,12456251,235550313.0,9906925788.83,9906925788.83
2015-04-23,'600278,东方创业,18.87,19.2,18.5,18.59,18.36,0.51,2.7778,2.8667,14970931,280859571.0,9854701614.93,9854701614.93
2015-04-22,'600278,东方创业,18.36,18.44,17.8,17.8,17.7,0.66,3.7288,1.9073,9960663,181031423.0,9588358328.04,9588358328.04
2015-04-21,'600278,东方创业,17.7,17.74,17.0,17.11,17.11,0.59,3.4483,1.3191,6888967,119713775.0,9243678780.3,9243678780.3
2015-04-20,'600278,东方创业,17.11,17.95,16.99,17.93,18.15,-1.04,-5.73,2.2828,11921854,208690691.0,8935556154.29,8935556154.29
2015-04-17,'600278,东方创业,18.15,18.41,18.01,18.27,18.11,0.04,0.2209,1.7415,9094586,165750094.0,9478687562.85,9478687562.85
2015-04-16,'600278,东方创业,18.11,18.5,17.7,18.16,18.37,-0.26,-1.4154,1.3876,7246552,131180934.0,9457797893.29,9457797893.29
2015-04-15,'600278,东方创业,18.37,19.28,18.08,19.19,19.48,-1.11,-5.6982,2.1984,11480796,213452429.0,9593580745.43,9593580745.43
2015-04-14,'600278,东方创业,19.48,19.75,18.02,18.1,18.2,1.28,7.033,3.4355,17941494,342285747.0,10173269075.7,10173269075.7
2015-04-13,'600278,东方创业,18.2,18.49,17.7,18.02,17.99,0.21,1.1673,1.9861,10372358,187622983.0,9504799649.8,9504799649.8
2015-04-10,'600278,东方创业,17.99,18.09,17.34,17.51,17.63,0.36,2.042,1.752,9149487,163448471.0,9395128884.61,9395128884.61
2015-04-09,'600278,东方创业,17.63,17.9,17.18,17.83,17.91,-0.28,-1.5634,1.9049,9947966,173629625.0,9207121858.57,9207121858.57
2015-04-08,'600278,东方创业,17.91,18.49,17.6,18.33,18.49,-0.58,-3.1368,2.4026,12547570,224881876.0,9353349545.49,9353349545.49
2015-04-07,'600278,东方创业,18.49,18.79,17.8,18.01,17.88,0.61,3.4116,2.7925,14583639,265783570.0,9656249754.11,9656249754.11
2015-04-03,'600278,东方创业,17.88,17.9,17.38,17.5,17.59,0.29,1.6487,2.3643,12347398,217268535.0,9337682293.32,9337682293.32
2015-04-02,'600278,东方创业,17.59,17.7,17.33,17.7,17.66,-0.07,-0.3964,1.8193,9501122,165939727.0,9186232189.01,9186232189.01
2015-04-01,'600278,东方创业,17.66,17.77,17.3,17.35,17.39,0.27,1.5526,1.7186,8975442,157933699.0,9222789110.74,9222789110.74
2015-03-31,'600278,东方创业,17.39,17.7,16.95,17.2,16.94,0.45,2.6564,2.6267,13717497,238670329.0,9081783841.21,9081783841.21
2015-03-30,'600278,东方创业,16.94,17.25,16.81,16.85,16.91,0.03,0.1774,1.3612,7108753,120696705.0,8846775058.66,8846775058.66
2015-03-27,'600278,东方创业,16.91,16.98,16.61,16.91,16.93,-0.02,-0.1181,1.2605,6582916,110430277.0,8831107806.49,8831107806.49
2015-03-26,'600278,东方创业,16.93,17.43,16.73,16.98,17.02,-0.09,-0.5288,1.4215,7423588,126733843.0,8841552641.27,8841552641.27
2015-03-25,'600278,东方创业,17.02,17.14,16.71,17.0,17.16,-0.14,-0.8159,1.5654,8175173,138153576.0,8888554397.78,8888554397.78
2015-03-24,'600278,东方创业,17.16,17.58,16.62,17.58,17.64,-0.48,-2.7211,2.4038,12553795,214314746.0,8961668241.24,8961668241.24
2015-03-23,'600278,东方创业,17.64,18.12,17.5,18.02,17.55,0.09,0.5128,2.2836,11925919,210789232.0,9212344275.96,9212344275.96
2015-03-20,'600278,东方创业,17.55,17.6,16.99,17.15,17.19,0.36,2.0942,2.1715,11340414,196238453.0,9165342519.45,9165342519.45
2015-03-19,'600278,东方创业,17.19,17.45,16.93,17.07,17.2,-0.01,-0.0581,2.2738,11874613,204064940.0,8977335493.41,8977335493.41
2015-03-18,'600278,东方创业,17.2,17.4,16.68,17.11,17.13,0.07,0.4086,2.6963,14081401,240315910.0,8982557910.8,8982557910.8
2015-03-17,'600278,东方创业,17.13,18.19,16.98,17.8,17.03,0.1,0.5872,4.4527,23254022,406992528.0,8946000989.07,8946000989.07
2015-03-16,'600278,东方创业,17.03,17.03,15.95,16.7,15.48,1.55,10.0129,2.8586,14928840,245835786.0,8893776815.17,8893776815.17
2015-03-13,'600278,东方创业,15.48,15.57,15.11,15.15,15.03,0.45,2.994,1.4367,7503196,115186204.0,8084302119.72,8084302119.72
2015-03-12,'600278,东方创业,15.03,15.4,14.75,15.1,15.03,0.0,0.0,1.5838,8271008,124095356.0,7849293337.17,7849293337.17
2015-03-11,'600278,东方创业,15.03,15.49,15.0,15.38,15.43,-0.4,-2.5924,1.266,6611539,100256411.0,7849293337.17,7849293337.17
2015-03-10,'600278,东方创业,15.43,15.5,15.18,15.38,15.34,0.09,0.5867,1.2446,6500053,99660316.0,8058190032.77,8058190032.77
2015-03-09,'600278,东方创业,15.34,15.47,14.54,14.73,14.73,0.61,4.1412,1.8549,9686992,146415374.0,8011188276.26,8011188276.26
2015-03-06,'600278,东方创业,14.73,15.0,14.41,14.5,14.58,0.15,1.0288,1.1147,5821299,85314546.0,7692620815.47,7692620815.47
2015-03-05,'600278,东方创业,14.58,14.89,14.48,14.89,14.93,-0.35,-2.3443,1.2048,6291781,92047899.0,7614284554.62,7614284554.62
2015-03-04,'600278,东方创业,14.93,15.14,14.59,14.62,14.63,0.3,2.0506,1.3373,6984044,103441791.0,7797069163.27,7797069163.27
2015-03-03,'600278,东方创业,14.63,15.2,14.44,14.52,14.6,0.03,0.2055,2.0714,10817899,160984652.0,7640396641.57,7640396641.57
2015-03-02,'600278,东方创业,14.6,14.66,14.4,14.6,14.5,0.1,0.6897,1.0701,5588519,81343293.0,7624729389.4,7624729389.4
2015-02-27,'600278,东方创业,14.5,14.76,14.47,14.7,14.73,-0.23,-1.5614,1.0106,5277723,77148160.0,7572505215.5,7572505215.5
2015-02-26,'600278,东方创业,14.73,14.73,14.48,14.5,14.49,0.24,1.6563,0.9049,4725916,68969497.0,7692620815.47,7692620815.47
2015-02-25,'600278,东方创业,14.49,14.84,14.4,14.82,14.96,-0.47,-3.1417,1.3665,7136578,104561814.0,7567282798.11,7567282798.11
2015-02-17,'600278,东方创业,14.96,14.99,14.08,14.21,14.14,0.82,5.7992,2.2837,11926296,173869135.0,7812736415.44,7812736415.44
2015-02-16,'600278,东方创业,14.14,14.15,13.94,14.14,14.05,0.09,0.6406,1.1168,5832570,81828073.0,7384498189.46,7384498189.46
2015-02-13,'600278,东方创业,14.05,14.3,13.9,13.91,13.68,0.37,2.7047,1.7692,9239710,130224376.0,7337496432.95,7337496432.95
2015-02-12,'600278,东方创业,13.68,13.84,13.46,13.53,13.48,0.2,1.4837,0.9555,4990156,68295602.0,7144266989.52,7144266989.52
2015-02-11,'600278,东方创业,13.48,13.57,13.27,13.27,13.34,0.14,1.0495,0.5875,3068256,41377510.0,7039818641.72,7039818641.72
2015-02-10,'600278,东方创业,13.34,13.42,13.21,13.28,13.38,-0.04,-0.299,0.6166,3219967,42837209.0,6966704798.26,6966704798.26
2015-02-09,'600278,东方创业,13.38,13.51,13.18,13.33,13.33,0.05,0.3751,0.7579,3958311,52886052.0,6987594467.82,6987594467.82
2015-02-06,'600278,东方创业,13.33,13.69,13.15,13.69,13.7,-0.37,-2.7007,1.3973,7297244,97382452.0,6961482380.87,6961482380.87
2015-02-05,'600278,东方创业,13.7,13.95,13.66,13.94,13.81,-0.11,-0.7965,1.4528,7587223,104653036.0,7154711824.3,7154711824.3
2015-02-04,'600278,东方创业,13.81,14.15,13.76,13.99,14.03,-0.22,-1.5681,1.5734,8216707,114320780.0,7212158415.59,7212158415.59
