2016-02-04,'600398,海澜之家,10.02,10.32,9.97,10.16,10.12,-0.1,-0.9881,0.9411,14409658,145313237.0,45017434398.5,15342819019.3
2016-02-03,'600398,海澜之家,10.12,10.19,9.87,10.0,10.16,-0.04,-0.3937,0.5301,8116890,81698026.0,45466710190.9,15495940965.6
2016-02-02,'600398,海澜之家,10.16,10.17,9.63,9.63,9.63,0.53,5.5036,0.9617,14725408,147024692.0,45646420507.8,15557189744.1
2016-02-01,'600398,海澜之家,9.63,9.87,9.54,9.79,9.75,-0.12,-1.2308,0.6888,10547379,102241441.0,43265258808.1,14745643428.7
2016-01-29,'600398,海澜之家,9.75,9.9,9.42,9.42,9.39,0.36,3.8339,0.772,11821146,114962621.0,43804389759.0,14929389764.2
2016-01-28,'600398,海澜之家,9.39,9.81,9.38,9.6,9.72,-0.33,-3.3951,0.6487,9933117,95011889.0,42186996906.4,14378150757.6
2016-01-27,'600398,海澜之家,9.72,9.89,9.37,9.74,9.73,-0.01,-0.1028,1.2372,18944020,183164950.0,43669607021.3,14883453180.4
2016-01-26,'600398,海澜之家,9.73,10.37,9.67,10.36,10.48,-0.75,-7.1565,0.914,13995469,140434312.0,43714534600.5,14898765375.0
2016-01-25,'600398,海澜之家,10.48,10.65,10.37,10.49,10.5,-0.02,-0.1905,0.596,9126807,95402963.0,47084103043.5,16047179972.2
2016-01-22,'600398,海澜之家,10.5,10.69,10.28,10.4,10.39,0.11,1.0587,0.6076,9304383,97543660.0,47173958202.0,16077804361.5
2016-01-21,'600398,海澜之家,10.39,10.81,10.36,10.81,10.9,-0.51,-4.6789,0.9668,14804041,156752978.0,46679754830.4,15909370220.6
2016-01-20,'600398,海澜之家,10.9,11.2,10.8,11.08,11.1,-0.2,-1.8018,1.2588,19275545,211914771.0,48971061371.6,16690292146.7
2016-01-19,'600398,海澜之家,11.1,11.39,10.73,10.85,10.84,0.26,2.3985,1.3317,20390802,224588425.0,49869612956.4,16996536039.3
2016-01-18,'600398,海澜之家,10.84,11.13,10.61,11.02,11.13,-0.29,-2.6056,1.0927,16731834,181207291.0,48701495896.2,16598418978.9
2016-01-15,'600398,海澜之家,11.13,11.58,10.85,11.35,11.38,-0.25,-2.1968,0.8626,13208695,148666847.0,50004395694.1,17042472623.2
2016-01-14,'600398,海澜之家,11.38,11.53,10.11,10.95,11.09,0.29,2.615,1.0996,16837715,185428498.0,51127585175.1,17425277488.9
2016-01-13,'600398,海澜之家,11.09,11.82,11.03,11.65,11.57,-0.48,-4.1487,0.8021,12281964,138819291.0,49824685377.2,16981223844.7
2016-01-12,'600398,海澜之家,11.57,11.76,11.11,11.28,11.15,0.42,3.7668,1.0814,16558851,190836318.0,51981209180.7,17716209186.9
2016-01-11,'600398,海澜之家,11.15,12.23,11.14,12.23,12.38,-1.23,-9.9354,1.0722,16418263,192915807.0,50094250852.6,17073097012.5
2016-01-08,'600398,海澜之家,12.38,12.59,11.66,12.44,11.96,0.42,3.5117,1.0592,16218892,198850260.0,55620343099.1,18956496951.9
2016-01-07,'600398,海澜之家,11.96,13.0,11.86,13.0,13.08,-1.12,-8.5627,0.1269,1942402,24229555.0,53733384771.0,18313384777.5
2016-01-06,'600398,海澜之家,13.08,13.23,12.9,12.91,12.85,0.23,1.7899,0.7714,11811368,154532344.0,58765273645.9,20028350576.0
2016-01-05,'600398,海澜之家,12.85,13.0,12.35,12.54,12.72,0.13,1.022,1.3017,19931371,254523453.0,57731939323.4,19676170099.5
2016-01-04,'600398,海澜之家,12.72,14.0,12.56,13.97,13.96,-1.24,-8.8825,0.9175,14049067,185989687.0,57147880793.3,19477111569.4
2015-12-31,'600398,海澜之家,13.96,14.2,13.76,13.77,13.72,0.24,1.7493,1.3539,20731261,290488744.0,62718900619.0,21375823703.5
2015-12-30,'600398,海澜之家,13.72,13.99,13.65,13.9,13.84,-0.12,-0.8671,1.2482,19112820,263376368.0,61640638717.3,21008331032.4
2015-12-29,'600398,海澜之家,13.84,13.97,13.77,13.89,14.0,-0.16,-1.1429,0.8329,12753250,176475094.0,62179769668.2,21192077367.9
2015-12-28,'600398,海澜之家,14.0,14.49,13.85,14.49,14.43,-0.43,-2.9799,1.1196,17143319,241914734.0,62898610936.0,21437072482.0
2015-12-25,'600398,海澜之家,14.43,14.7,14.27,14.61,14.58,-0.15,-1.0288,0.8003,12253699,176161701.0,64830496843.3,22095496851.1
2015-12-24,'600398,海澜之家,14.58,14.74,14.41,14.45,14.5,0.08,0.5517,0.4036,6179524,89892399.0,65504410531.9,22325179770.5
2015-12-23,'600398,海澜之家,14.5,14.81,14.42,14.76,14.71,-0.21,-1.4276,0.4752,7275695,105971556.0,65144989898.0,22202682213.5
2015-12-22,'600398,海澜之家,14.71,15.08,14.61,14.98,14.98,-0.27,-1.8024,0.6214,9514998,140288440.0,66088469062.0,22524238300.7
2015-12-21,'600398,海澜之家,14.98,15.11,14.09,14.25,14.31,0.67,4.682,1.1149,17071934,252965917.0,67301513701.5,22937667555.7
2015-12-18,'600398,海澜之家,14.31,14.47,14.19,14.47,14.44,-0.13,-0.9003,0.4857,7437279,106439698.0,64291365892.4,21911750515.5
2015-12-17,'600398,海澜之家,14.44,14.46,14.14,14.14,14.11,0.33,2.3388,0.5153,7890982,112976276.0,64875424422.6,22110809045.7
2015-12-16,'600398,海澜之家,14.11,14.45,14.05,14.33,14.29,-0.18,-1.2596,0.4189,6414514,91585484.0,63392814307.6,21605506622.9
2015-12-15,'600398,海澜之家,14.29,14.49,14.18,14.18,14.2,0.09,0.6338,0.4772,7307411,105001106.0,64201510734.0,21881126126.3
2015-12-14,'600398,海澜之家,14.2,14.24,14.0,14.1,14.09,0.11,0.7807,0.4003,6129771,86434264.0,63797162520.8,21743316374.6
2015-12-11,'600398,海澜之家,14.09,14.13,13.8,13.97,13.89,0.2,1.4399,0.4168,6382564,89525111.0,63302959149.2,21574882233.7
2015-12-10,'600398,海澜之家,13.89,14.26,13.82,14.22,14.1,-0.21,-1.4894,0.5571,8530917,119769694.0,62404407564.4,21268638341.1
2015-12-09,'600398,海澜之家,14.1,14.45,14.01,14.07,14.07,0.03,0.2132,0.5485,8399426,118715379.0,63347886728.4,21590194428.3
2015-12-08,'600398,海澜之家,14.07,14.5,14.02,14.5,14.55,-0.48,-3.299,0.6422,9833876,140277856.0,63213103990.7,21544257844.4
2015-12-07,'600398,海澜之家,14.55,14.9,14.48,14.9,14.86,-0.31,-2.0861,0.603,9233780,134636262.0,65369627794.2,22279243186.7
2015-12-04,'600398,海澜之家,14.86,15.15,14.78,14.99,15.01,-0.15,-0.9993,0.3654,5595357,83554772.0,66762382750.6,22753921220.2
2015-12-03,'600398,海澜之家,15.01,15.21,14.87,15.08,14.96,0.05,0.3342,0.2644,4048899,60800133.0,67436296439.2,22983604139.6
2015-12-02,'600398,海澜之家,14.96,15.1,14.69,14.84,14.85,0.11,0.7407,0.4996,7649399,113700981.0,67211658543.0,22907043166.5
2015-12-01,'600398,海澜之家,14.85,14.92,14.65,14.75,14.65,0.2,1.3652,0.4502,6894231,101866237.0,66717455171.4,22738609025.5
2015-11-30,'600398,海澜之家,14.65,14.98,14.1,14.53,14.63,0.02,0.1367,0.6025,9226190,134255646.0,65818903586.6,22432365133.0
2015-11-27,'600398,海澜之家,14.63,15.33,14.3,15.0,15.09,-0.46,-3.0484,0.6526,9992677,148907260.0,65729048428.1,22401740743.7
2015-11-26,'600398,海澜之家,15.09,15.29,15.03,15.25,15.22,-0.13,-0.8541,0.443,6782678,102631151.0,67795717073.2,23106101696.7
2015-11-25,'600398,海澜之家,15.22,15.26,15.01,15.11,15.1,0.12,0.7947,0.4241,6493211,98461134.0,68379775603.3,23305160226.9
2015-11-24,'600398,海澜之家,15.1,15.39,15.01,15.39,15.3,-0.2,-1.3072,0.5082,7781108,117595296.0,67840644652.4,23121413891.3
2015-11-23,'600398,海澜之家,15.3,15.66,15.2,15.66,15.64,-0.34,-2.1739,0.5968,9138768,140759568.0,68739196237.2,23427657783.9
2015-11-20,'600398,海澜之家,15.64,15.81,15.51,15.81,15.78,-0.14,-0.8872,0.4156,6364435,99585142.0,70266733931.4,23948272401.3
2015-11-19,'600398,海澜之家,15.78,15.8,15.48,15.67,15.62,0.16,1.0243,0.3547,5431012,85098424.0,70895720040.7,24162643126.1
2015-11-18,'600398,海澜之家,15.62,15.95,15.56,15.83,15.82,-0.2,-1.2642,0.3431,5253481,82624590.0,70176878772.9,23917648012.1
2015-11-17,'600398,海澜之家,15.82,16.2,15.78,16.12,16.05,-0.23,-1.433,0.6188,9475215,151462409.0,71075430357.7,24223891904.7
2015-11-16,'600398,海澜之家,16.05,16.07,15.41,15.51,15.67,0.38,2.425,0.6322,9680246,153108726.0,72108764680.2,24576072381.2
2015-11-13,'600398,海澜之家,15.67,15.75,15.55,15.7,15.73,-0.06,-0.3814,0.3698,5662924,88498479.0,70401516669.1,23994208985.2
2015-11-12,'600398,海澜之家,15.73,15.9,15.62,15.9,15.96,-0.23,-1.4411,0.7881,12066902,189396390.0,70671082144.5,24086082153.0
2015-11-11,'600398,海澜之家,15.96,16.16,15.75,16.16,16.18,-0.22,-1.3597,0.7595,11629772,184910036.0,71704416467.0,24438262629.5
2015-11-10,'600398,海澜之家,16.18,16.33,15.86,16.13,16.11,0.07,0.4345,0.8978,13747491,221678551.0,72692823210.3,24775130911.3
2015-11-09,'600398,海澜之家,16.11,16.12,15.5,15.97,16.02,0.09,0.5618,1.0717,16409454,258806915.0,72378330155.6,24667945548.9
2015-11-06,'600398,海澜之家,16.02,16.06,15.86,15.96,15.96,0.06,0.3759,0.5284,8090311,129266203.0,71973981942.5,24530135797.3
2015-11-05,'600398,海澜之家,15.96,16.15,15.85,16.0,16.05,-0.09,-0.5607,0.524,8024181,128384222.0,71704416467.0,24438262629.5
2015-11-04,'600398,海澜之家,16.05,16.09,15.52,15.52,15.59,0.46,2.9506,0.7464,11428657,182442328.0,72108764680.2,24576072381.2
2015-11-03,'600398,海澜之家,15.59,15.8,15.33,15.74,15.67,-0.08,-0.5105,0.4235,6484923,101527266.0,70042096035.2,23871711428.2
2015-11-02,'600398,海澜之家,15.67,15.96,15.61,15.75,15.88,-0.21,-1.3224,0.4177,6395909,100627320.0,70401516669.1,23994208985.2
2015-10-30,'600398,海澜之家,15.88,16.07,15.61,15.99,16.09,-0.21,-1.3052,0.4904,7509051,119121207.0,71344995833.1,24315765072.4
2015-10-29,'600398,海澜之家,16.09,16.34,15.85,15.9,15.81,0.28,1.771,0.7273,11135950,179739557.0,72288474997.2,24637321159.7
2015-10-28,'600398,海澜之家,15.81,16.36,15.74,16.07,16.0,-0.19,-1.1875,1.1159,17086594,275174525.0,71030502778.4,24208579710.0
2015-10-27,'600398,海澜之家,16.0,16.05,15.4,15.55,15.63,0.37,2.3672,1.2346,18904883,299179210.0,71884126784.0,24499511408.0
2015-10-26,'600398,海澜之家,15.63,15.99,15.42,15.9,15.51,0.12,0.7737,1.0849,16612563,260664569.0,70221806352.1,23932960206.7
2015-10-23,'600398,海澜之家,15.51,15.83,15.25,15.6,15.57,-0.06,-0.3854,0.9954,15241283,236286462.0,69682675401.2,23749213871.1
2015-10-22,'600398,海澜之家,15.57,15.65,14.97,15.01,15.03,0.54,3.5928,0.967,14806941,226827390.0,69952240876.7,23841087038.9
2015-10-21,'600398,海澜之家,15.03,15.91,14.99,15.49,15.73,-0.7,-4.4501,1.6449,25186323,390073328.0,67526151597.7,23014228528.9
2015-10-20,'600398,海澜之家,15.73,16.27,15.37,15.6,14.95,0.78,5.2174,2.0179,30898896,484050439.0,70671082144.5,24086082153.0
2015-10-19,'600398,海澜之家,14.95,15.09,14.56,14.7,14.7,0.25,1.7007,1.0032,15361416,227867254.0,67166730963.8,22891730971.8
2015-10-16,'600398,海澜之家,14.7,14.72,14.5,14.59,14.51,0.19,1.3094,0.7822,11977400,175065139.0,66043541482.8,22508926106.1
2015-10-15,'600398,海澜之家,14.51,14.57,14.3,14.3,14.38,0.13,0.904,0.5518,8449533,122178643.0,65189917477.2,22217994408.1
2015-10-14,'600398,海澜之家,14.38,14.73,14.3,14.58,14.63,-0.25,-1.7088,0.5686,8706228,125725234.0,64605858947.1,22018935877.9
2015-10-13,'600398,海澜之家,14.63,14.82,14.49,14.69,14.74,-0.11,-0.7463,0.6315,9669288,141645881.0,65729048428.1,22401740743.7
2015-10-12,'600398,海澜之家,14.74,14.85,14.31,14.33,14.29,0.45,3.1491,1.1318,17329609,254659041.0,66223251799.8,22570174884.6
2015-10-09,'600398,海澜之家,14.29,14.52,14.03,14.14,14.22,0.07,0.4923,0.7353,11259143,161674486.0,64201510734.0,21881126126.3
2015-10-08,'600398,海澜之家,14.22,14.84,13.94,14.48,14.08,0.14,0.9943,1.5004,22973777,329562552.0,63887017679.3,21773940763.9
2015-09-30,'600398,海澜之家,14.08,14.3,14.0,14.05,14.07,0.01,0.0711,0.448,6859929,97173511.0,63258031569.9,21559570039.0
2015-09-29,'600398,海澜之家,14.07,14.4,13.76,13.9,14.02,0.05,0.3566,0.7396,11325485,160303210.0,63213103990.7,21544257844.4
2015-09-28,'600398,海澜之家,14.02,14.05,13.5,13.98,13.44,0.58,4.3155,0.7007,10729817,148315133.0,62988466094.5,21467696871.3
2015-09-25,'600398,海澜之家,13.44,13.9,13.42,13.58,13.65,-0.21,-1.5385,0.4722,7231099,98734163.0,60382666498.6,20579589582.7
2015-09-24,'600398,海澜之家,13.65,13.77,13.4,13.61,13.66,-0.01,-0.0732,0.6183,9467554,128824762.0,61326145662.6,20901145670.0
2015-09-23,'600398,海澜之家,13.66,13.85,13.46,13.65,13.92,-0.26,-1.8678,0.6579,10073715,137246213.0,61371073241.8,20916457864.6
2015-09-22,'600398,海澜之家,13.92,14.23,13.84,14.0,13.9,0.02,0.1439,0.6094,9330562,130627482.0,62539190302.1,21314574925.0
2015-09-21,'600398,海澜之家,13.9,14.05,13.6,13.61,13.91,-0.01,-0.0719,0.6302,9649084,133735868.0,62449335143.6,21283950535.7
2015-09-18,'600398,海澜之家,13.91,13.96,13.4,13.78,13.81,0.1,0.7241,0.8206,12565658,171771005.0,62494262722.8,21299262730.3
2015-09-17,'600398,海澜之家,13.81,14.29,13.8,14.25,14.46,-0.65,-4.4952,0.9393,14382533,201765580.0,62044986930.4,21146140784.0
2015-09-16,'600398,海澜之家,14.46,14.65,13.28,13.5,13.6,0.86,6.3235,0.9654,14782160,206415608.0,64965279581.0,22141433435.0
2015-09-15,'600398,海澜之家,13.6,13.68,13.08,13.66,13.61,-0.01,-0.0735,0.8138,12460389,167389372.0,61101507766.4,20824584696.8
2015-09-14,'600398,海澜之家,13.61,14.49,13.5,14.3,14.37,-0.76,-5.2888,1.027,15724964,217613469.0,61146435345.6,20839896891.4
2015-09-11,'600398,海澜之家,14.37,14.65,13.9,14.33,14.46,-0.09,-0.6224,1.0237,15674997,223257432.0,64560931367.9,22003623683.3
2015-09-10,'600398,海澜之家,14.46,14.79,14.22,14.4,14.7,-0.24,-1.6327,0.6485,9930179,144271249.0,64965279581.0,22141433435.0
2015-09-09,'600398,海澜之家,14.7,15.19,14.27,14.5,14.41,0.29,2.0125,1.8641,28542780,418584999.0,66043541482.8,22508926106.1
2015-09-08,'600398,海澜之家,14.41,14.5,13.66,14.0,14.11,0.3,2.1262,0.7408,11343233,160520948.0,64740641684.8,22064872461.8
2015-09-07,'600398,海澜之家,14.11,15.3,13.93,14.6,14.89,-0.78,-5.2384,1.7408,26655477,387149160.0,63392814307.6,21605506622.9
2015-09-02,'600398,海澜之家,14.89,15.02,13.06,13.06,13.89,1.0,7.1994,3.0618,46883553,680677964.0,66897165488.4,22799857804.1
2015-09-01,'600398,海澜之家,13.89,15.17,13.85,15.03,15.39,-1.5,-9.7466,1.2445,19056084,273504266.0,62404407564.4,21268638341.1
2015-08-31,'600398,海澜之家,15.39,15.41,14.09,14.5,14.92,0.47,3.1501,1.9537,29915273,441186159.0,69143544450.4,23565467535.6
2015-08-28,'600398,海澜之家,14.92,15.05,13.92,14.5,14.28,0.64,4.4818,1.6602,25421397,367239849.0,67031948226.1,22845794388.0
2015-08-27,'600398,海澜之家,14.28,14.3,13.3,13.62,13.23,1.05,7.9365,1.5294,23418604,321959425.0,64156583154.7,21865813931.6
2015-08-26,'600398,海澜之家,13.23,13.74,12.5,12.75,12.5,0.73,5.84,2.0521,31421393,415745055.0,59439187334.5,20258033495.5
2015-08-25,'600398,海澜之家,12.5,13.89,12.25,12.89,13.42,-0.92,-6.8554,1.7718,27130179,346096635.0,56159474050.0,19140243287.5
2015-08-24,'600398,海澜之家,13.42,14.38,13.35,14.0,14.83,-1.41,-9.5078,1.9908,30483260,412561717.0,60292811340.1,20548965193.5
2015-08-21,'600398,海澜之家,14.83,15.6,14.4,15.6,15.6,-0.77,-4.9359,1.4427,22090738,329304345.0,66627600012.9,22707984636.3
2015-08-20,'600398,海澜之家,15.6,16.04,15.21,15.21,15.53,0.07,0.4507,1.2636,19349234,303027542.0,70087023614.4,23887023622.8
2015-08-19,'600398,海澜之家,15.53,15.73,14.95,14.97,15.44,0.09,0.5829,1.361,20840179,322227272.0,69772530559.7,23779838260.4
2015-08-18,'600398,海澜之家,15.44,16.08,14.8,16.0,15.99,-0.55,-3.4396,1.5248,23347935,359499942.0,69368182346.6,23642028508.7
2015-08-17,'600398,海澜之家,15.99,16.04,15.55,15.84,15.83,0.16,1.0107,1.0615,16254288,257762579.0,71839199204.8,24484199213.4
2015-08-14,'600398,海澜之家,15.83,16.29,15.68,16.25,16.23,-0.4,-2.4646,1.2013,18394746,293367154.0,71120357936.9,24239204099.3
2015-08-13,'600398,海澜之家,16.23,16.39,15.6,16.21,16.21,0.02,0.1234,1.1926,18261092,292752694.0,72917461106.5,24851691884.5
2015-08-12,'600398,海澜之家,16.21,16.6,16.1,16.57,16.45,-0.24,-1.459,1.3535,20725588,339025907.0,72827605948.0,24821067495.2
2015-08-11,'600398,海澜之家,16.45,16.82,15.85,16.1,16.02,0.43,2.6841,2.4978,38247069,626422925.0,73905867849.8,25188560166.3
2015-08-10,'600398,海澜之家,16.02,16.1,15.6,15.79,15.5,0.52,3.3548,1.5683,24013669,382799854.0,71973981942.5,24530135797.3
2015-08-07,'600398,海澜之家,15.5,15.75,15.12,15.14,15.03,0.47,3.1271,1.1548,17682841,274274053.0,69637747822.0,23733901676.5
2015-08-06,'600398,海澜之家,15.03,15.39,14.5,14.7,15.0,0.03,0.2,0.9019,13810707,208312319.0,67526151597.7,23014228528.9
2015-08-05,'600398,海澜之家,15.0,15.63,14.95,15.6,15.57,-0.57,-3.6609,1.3203,20216531,307925807.0,67391368860.0,22968291945.0
2015-08-04,'600398,海澜之家,15.57,15.72,14.65,15.3,15.32,0.25,1.6319,1.8562,28421773,434434075.0,69952240876.7,23841087038.9
2015-08-03,'600398,海澜之家,15.32,15.34,14.1,14.11,14.49,0.83,5.7281,2.6562,40672409,600455100.0,68829051395.7,23458282173.2
2015-07-31,'600398,海澜之家,14.49,14.68,13.83,13.95,14.11,0.38,2.6931,1.8333,28072029,399914919.0,65100062318.8,22187370018.9
2015-07-30,'600398,海澜之家,14.11,14.88,13.9,14.55,14.61,-0.5,-3.4223,2.0159,30867422,445114741.0,63392814307.6,21605506622.9
2015-07-29,'600398,海澜之家,14.61,14.95,13.89,14.62,14.51,0.1,0.6892,1.7046,26100532,372952588.0,65639193269.6,22371116354.4
2015-07-28,'600398,海澜之家,14.51,14.65,13.08,14.21,14.52,-0.01,-0.0689,3.203,49045592,682689365.0,65189917477.2,22217994408.1
2015-07-27,'600398,海澜之家,14.52,15.85,14.52,15.71,16.13,-1.61,-9.9814,2.2325,34184774,517445224.0,65234845056.5,22233306602.8
2015-07-24,'600398,海澜之家,16.13,16.82,15.82,16.6,16.73,-0.6,-3.5864,1.9625,30050045,493680519.0,72468185314.1,24698569938.2
2015-07-23,'600398,海澜之家,16.73,16.99,16.5,16.99,16.6,0.13,0.7831,1.7291,26476001,442849908.0,75163840068.5,25617301616.0
2015-07-22,'600398,海澜之家,16.6,17.14,16.3,16.42,16.41,0.19,1.1578,2.2397,34295386,572224747.0,74579781538.4,25418243085.8
2015-07-21,'600398,海澜之家,16.41,16.7,15.91,16.28,16.24,0.17,1.0468,1.5378,23547387,387563130.0,73726157532.8,25127311387.8
2015-07-20,'600398,海澜之家,16.24,16.82,15.9,16.15,16.03,0.21,1.31,2.2529,34496819,564892887.0,72962388685.8,24867004079.1
2015-07-17,'600398,海澜之家,16.03,16.49,15.33,15.39,15.39,0.64,4.1585,2.5104,38440140,609944595.0,72018909521.7,24545447991.9
2015-07-16,'600398,海澜之家,15.39,15.8,13.7,15.17,15.17,0.22,1.4502,2.9998,45933041,691718365.0,69143544450.4,23565467535.6
2015-07-15,'600398,海澜之家,15.17,16.5,15.17,15.5,16.85,-1.68,-9.9703,4.4262,67775354,1046923315.0,68155137707.1,23228599253.7
2015-07-14,'600398,海澜之家,16.85,19.08,16.85,18.25,18.72,-1.87,-9.9893,5.9503,91111811,1647753265.0,75702971019.4,25801047951.5
2015-07-13,'600398,海澜之家,18.72,18.72,17.0,17.8,17.02,1.7,9.9882,7.065,108180894,1950389228.0,84104428337.3,28664428347.4
2015-07-10,'600398,海澜之家,0.0,0.0,0.0,0.0,17.02,None,None,0.0,0,0.0,76466739866.5,26061355260.3
2015-07-09,'600398,海澜之家,0.0,0.0,0.0,0.0,17.02,None,None,0.0,0,0.0,76466739866.5,26061355260.3
2015-07-08,'600398,海澜之家,0.0,0.0,0.0,0.0,17.02,None,None,0.0,0,0.0,76466739866.5,26061355260.3
2015-07-07,'600398,海澜之家,0.0,0.0,0.0,0.0,17.02,None,None,0.0,0,0.0,76466739866.5,26061355260.3
2015-07-06,'600398,海澜之家,0.0,0.0,0.0,0.0,17.02,None,None,0.0,0,0.0,76466739866.5,26061355260.3
2015-07-03,'600398,海澜之家,17.02,17.95,15.58,17.12,17.31,-0.29,-1.6753,2.7486,42087410,708799492.0,76466739866.5,26061355260.3
2015-07-02,'600398,海澜之家,17.31,18.3,16.18,17.77,17.83,-0.52,-2.9164,2.4194,37046176,647292909.0,77769639664.4,26505408904.5
2015-07-01,'600398,海澜之家,17.83,19.05,17.01,17.99,18.13,-0.3,-1.6547,2.9055,44489544,814175417.0,80105873784.9,27301643025.3
2015-06-30,'600398,海澜之家,18.13,18.19,16.08,16.8,16.56,1.57,9.4807,2.9915,45806685,781365091.0,81453701162.1,27761008864.2
2015-06-29,'600398,海澜之家,16.56,17.4,15.3,16.8,16.06,0.5,3.1133,3.0597,46851403,775284879.0,74400071221.4,25356994307.3
2015-06-26,'600398,海澜之家,16.06,16.98,15.32,16.6,17.02,-0.96,-5.6404,2.5151,38512293,619106606.0,72153692259.4,24591384575.8
2015-06-25,'600398,海澜之家,17.02,18.15,16.7,18.1,18.21,-1.19,-6.5349,1.8179,27835849,489751210.0,76466739866.5,26061355260.3
2015-06-24,'600398,海澜之家,18.21,18.75,17.53,17.8,17.92,0.29,1.6183,2.4285,37186035,673198840.0,81813121796.0,27883506421.2
2015-06-23,'600398,海澜之家,17.92,19.0,16.8,18.49,18.65,-0.73,-3.9142,2.5516,39070417,697411953.0,80510221998.1,27439452777.0
2015-06-19,'600398,海澜之家,18.65,20.5,18.4,19.73,19.96,-1.31,-6.5631,2.4325,37246504,721490876.0,83789935282.6,28557242985.0
2015-06-18,'600398,海澜之家,19.96,21.06,19.25,19.54,19.66,0.3,1.5259,3.1066,47569070,969124571.0,89675448163.0,30563140481.5
2015-06-17,'600398,海澜之家,19.66,19.7,18.02,18.3,18.34,1.32,7.1974,3.0987,47448594,907646111.0,88327620785.8,30103774642.6
2015-06-16,'600398,海澜之家,18.34,18.87,17.19,17.53,17.82,0.52,2.9181,2.8983,44379609,811756571.0,82397180326.2,28082564951.4
2015-06-15,'600398,海澜之家,17.82,18.58,17.58,18.4,18.33,-0.51,-2.7823,2.6523,40612683,735023823.0,80060946205.7,27286330830.7
2015-06-12,'600398,海澜之家,18.33,18.58,17.45,17.5,17.67,0.66,3.7351,3.2463,49708729,900026874.0,82352252746.9,28067252756.8
2015-06-11,'600398,海澜之家,17.67,17.76,16.96,17.3,17.29,0.38,2.1978,1.9882,30443802,528434641.0,79387032517.1,27056647911.2
2015-06-10,'600398,海澜之家,17.29,17.52,16.78,17.01,17.13,0.16,0.934,1.6869,25830290,446251580.0,77679784506.0,26474784515.3
2015-06-09,'600398,海澜之家,17.13,17.55,16.68,17.4,17.54,-0.41,-2.3375,2.3645,36205225,617543726.0,76960943238.1,26229789401.2
2015-06-08,'600398,海澜之家,17.54,18.12,17.35,17.47,17.77,-0.23,-1.2943,2.7606,42270837,745362097.0,78802973987.0,26857589381.0
2015-06-05,'600398,海澜之家,17.77,18.53,17.6,17.6,17.33,0.44,2.5389,4.7754,73121259,1316719462.0,79836308309.5,27209769857.5
2015-06-04,'600398,海澜之家,17.33,17.33,15.4,15.73,15.75,1.58,10.0317,3.4666,53081645,867960387.0,77859494822.9,26536033293.8
2015-06-03,'600398,海澜之家,15.75,16.1,15.35,16.07,16.04,-0.29,-1.808,1.8789,28770476,451571989.0,70760937303.0,24116706542.2
2015-06-02,'600398,海澜之家,16.04,16.2,15.5,16.15,16.15,-0.11,-0.6811,2.1407,32778587,521346477.0,72063837101.0,24560760186.5
2015-06-01,'600398,海澜之家,16.15,16.28,15.45,15.6,15.64,0.51,3.2609,1.8073,27673080,438636233.0,72558040472.6,24729194327.5
2015-05-29,'600398,海澜之家,15.64,16.2,14.81,16.2,16.26,-0.62,-3.813,2.0215,30953055,486475775.0,70266733931.4,23948272401.3
2015-05-28,'600398,海澜之家,16.26,17.15,16.01,16.61,16.62,-0.36,-2.1661,2.7509,42121894,705637915.0,73052243844.2,24897628468.4
2015-05-27,'600398,海澜之家,16.62,16.98,16.4,16.95,16.98,-0.36,-2.1201,2.424,37116335,615346268.0,74669636696.9,25448867475.1
2015-05-26,'600398,海澜之家,16.98,17.1,16.36,17.0,16.99,-0.01,-0.0589,2.1882,33506878,561336718.0,76287029549.5,26000106481.7
2015-05-25,'600398,海澜之家,16.99,17.49,16.7,16.7,16.5,0.49,2.9697,1.7863,27352377,466110225.0,76331957128.8,26015418676.4
2015-05-22,'600398,海澜之家,16.5,16.6,15.48,15.61,15.4,1.1,7.1429,2.2206,34002101,549327364.0,74130505746.0,25265121139.5
2015-05-21,'600398,海澜之家,15.4,15.45,15.24,15.39,15.27,0.13,0.8513,1.4597,22351076,343331776.0,69188472029.6,23580779730.2
2015-05-20,'600398,海澜之家,15.27,15.5,15.15,15.45,15.27,0.0,0.0,1.4595,22348145,342020206.0,68604413499.5,23381721200.0
2015-05-19,'600398,海澜之家,15.27,15.48,15.01,15.11,15.14,0.13,0.8587,0.761,11652103,178405438.0,68604413499.5,23381721200.0
2015-05-18,'600398,海澜之家,15.14,15.55,15.1,15.21,15.4,-0.26,-1.6883,0.673,10304722,156606094.0,68020354969.4,23182662669.8
2015-05-15,'600398,海澜之家,15.4,15.92,15.3,15.9,15.9,-0.5,-3.1447,0.4966,7603363,117633601.0,69188472029.6,23580779730.2
2015-05-14,'600398,海澜之家,15.9,16.18,15.78,16.13,16.12,-0.22,-1.3648,0.7173,10983922,174892074.0,71434850991.6,24346389461.7
2015-05-13,'600398,海澜之家,16.12,16.2,15.87,16.06,16.09,0.03,0.1865,0.8633,13218350,212418270.0,72423257734.9,24683257743.6
2015-05-12,'600398,海澜之家,16.09,16.2,15.8,15.85,15.83,0.26,1.6425,1.2443,19053510,305153264.0,72288474997.2,24637321159.7
2015-05-11,'600398,海澜之家,15.83,15.96,15.36,15.55,15.49,0.34,2.195,1.1306,17312155,270856361.0,71120357936.9,24239204099.3
2015-05-08,'600398,海澜之家,15.49,15.63,15.05,15.38,15.08,0.41,2.7188,0.7673,11749673,180906661.0,69592820242.8,23718589481.9
2015-05-07,'600398,海澜之家,15.08,15.8,14.98,15.5,15.5,-0.42,-2.7097,0.6928,10607858,162272326.0,67750789493.9,23090789502.0
2015-05-06,'600398,海澜之家,15.5,15.91,15.36,15.5,15.35,0.15,0.9772,1.2694,19437553,305145151.0,69637747822.0,23733901676.5
2015-05-05,'600398,海澜之家,15.35,15.69,15.09,15.65,15.64,-0.29,-1.8542,1.5613,23906658,367548541.0,68963834133.4,23504218757.0
2015-05-04,'600398,海澜之家,15.64,16.12,15.41,15.8,15.98,-0.34,-2.1277,1.2926,19792190,311654516.0,70266733931.4,23948272401.3
2015-04-30,'600398,XD海澜之,15.98,16.58,15.44,16.5,16.23,-0.25,-1.5404,2.8998,44402088,704169159.0,71794271625.5,24468887018.7
2015-04-29,'600398,海澜之家,16.61,16.66,16.22,16.33,16.27,0.34,2.0897,0.887,13582538,223945182.0,74624709117.6,25433555280.4
2015-04-28,'600398,海澜之家,16.27,16.89,16.1,16.47,16.46,-0.19,-1.1543,1.3771,21086240,349100451.0,73097171423.5,24912940663.0
2015-04-27,'600398,海澜之家,16.46,17.15,16.35,16.9,16.56,-0.1,-0.6039,1.2608,19305156,320418432.0,73950795429.0,25203872361.0
2015-04-24,'600398,海澜之家,16.56,16.83,16.0,16.18,16.24,0.32,1.9704,1.2352,18913821,313119757.0,74400071221.4,25356994307.3
2015-04-23,'600398,海澜之家,16.24,16.49,16.02,16.45,16.4,-0.16,-0.9756,1.1787,18048825,292966476.0,72962388685.8,24867004079.1
2015-04-22,'600398,海澜之家,16.4,16.84,16.04,16.04,16.04,0.36,2.2444,1.5133,23171582,379514837.0,73681229953.6,25111999193.2
2015-04-21,'600398,海澜之家,16.04,16.39,15.52,15.88,15.83,0.21,1.3266,2.1128,32351189,516464443.0,72063837101.0,24560760186.5
2015-04-20,'600398,海澜之家,15.83,16.3,14.55,14.92,14.9,0.93,6.2416,3.5583,54484628,848242305.0,71120357936.9,24239204099.3
2015-04-17,'600398,海澜之家,14.9,15.44,14.78,14.85,14.84,0.06,0.4043,1.5248,23348106,353435646.0,66942093067.6,22815169998.7
2015-04-16,'600398,海澜之家,14.84,14.99,14.08,14.33,14.61,0.23,1.5743,0.9862,15101150,223082276.0,66672527592.2,22723296830.9
2015-04-15,'600398,海澜之家,14.61,15.09,14.6,14.65,14.63,-0.02,-0.1367,1.3249,20286595,301350408.0,65639193269.6,22371116354.4
2015-04-14,'600398,海澜之家,14.63,14.94,14.57,14.86,14.86,-0.23,-1.5478,0.8214,12578120,185128224.0,65729048428.1,22401740743.7
2015-04-13,'600398,海澜之家,14.86,15.0,14.55,14.57,14.46,0.4,2.7663,1.5767,24142401,358028331.0,66762382750.6,22753921220.2
2015-04-10,'600398,海澜之家,14.46,14.53,14.1,14.29,14.42,0.04,0.2774,0.9761,14945526,214804854.0,64965279581.0,22141433435.0
2015-04-09,'600398,海澜之家,14.42,15.01,13.9,14.97,14.97,-0.55,-3.674,1.0495,16069893,232390738.0,64785569264.1,22080184656.5
2015-04-08,'600398,海澜之家,14.97,15.26,14.85,15.03,14.99,-0.02,-0.1334,0.9198,14083999,211729653.0,67256586122.3,22922355361.1
2015-04-07,'600398,海澜之家,14.99,15.3,14.78,14.91,14.98,0.01,0.0668,1.0718,16411634,246228946.0,67346441280.8,22952979750.4
2015-04-03,'600398,海澜之家,14.98,15.29,14.35,14.54,14.57,0.41,2.814,0.9061,13875018,203836264.0,67301513701.5,22937667555.7
2015-04-02,'600398,海澜之家,14.57,14.82,14.36,14.81,14.7,-0.13,-0.8844,0.7803,11947696,173626116.0,65459482952.7,22309867575.9
2015-04-01,'600398,海澜之家,14.7,14.91,14.3,14.48,14.58,0.12,0.823,1.2377,18951532,278548641.0,66043541482.8,22508926106.1
2015-03-31,'600398,海澜之家,14.58,14.94,13.99,14.0,13.95,0.63,4.5161,1.5616,23911705,347993854.0,65504410531.9,22325179770.5
2015-03-30,'600398,海澜之家,13.95,14.05,13.71,13.94,13.94,0.01,0.0717,0.7399,11330044,157234295.0,62673973039.8,21360511508.8
2015-03-27,'600398,海澜之家,13.94,14.17,13.92,14.17,14.18,-0.24,-1.6925,0.7386,11310020,158234132.0,62629045460.6,21345199314.2
2015-03-26,'600398,海澜之家,14.18,14.3,13.82,14.2,14.16,0.02,0.1412,1.0271,15727108,221134214.0,63707307362.3,21712691985.3
2015-03-25,'600398,海澜之家,14.16,14.42,13.55,13.6,13.71,0.45,3.2823,1.8236,27922725,391299573.0,63617452203.8,21682067596.1
2015-03-24,'600398,海澜之家,13.71,13.95,13.32,13.68,13.7,0.01,0.073,1.5056,23053768,313976039.0,61595711138.0,20993018837.7
2015-03-23,'600398,海澜之家,13.7,13.75,13.57,13.57,13.55,0.15,1.107,1.3342,20429662,278541771.0,61550783558.8,20977706643.1
2015-03-20,'600398,海澜之家,13.55,13.67,13.5,13.63,13.69,-0.14,-1.0226,0.6458,9888089,134153378.0,60876869870.2,20748023723.7
2015-03-19,'600398,海澜之家,13.69,13.83,13.51,13.8,13.83,-0.14,-1.0123,1.5082,23093821,314818041.0,61505855979.6,20962394448.5
2015-03-18,'600398,海澜之家,13.83,13.97,13.43,13.8,13.78,0.05,0.3628,1.282,19629587,268199034.0,62134842088.9,21176765173.3
2015-03-17,'600398,海澜之家,13.78,13.98,13.58,13.98,13.71,0.07,0.5106,1.2975,19867111,272401108.0,61910204192.7,21100204200.1
2015-03-16,'600398,海澜之家,13.71,13.77,13.1,13.1,13.05,0.66,5.0575,1.106,16935001,229226019.0,61595711138.0,20993018837.7
2015-03-13,'600398,海澜之家,13.05,13.22,12.8,12.8,12.97,0.08,0.6168,0.5836,8936461,116545241.0,58630490908.2,19982413992.2
2015-03-12,'600398,海澜之家,12.97,13.17,12.88,13.17,13.04,-0.07,-0.5368,1.0665,6896175,89373647.0,58271070274.3,8386454891.66
2015-03-11,'600398,海澜之家,13.04,13.35,12.93,13.21,13.17,-0.13,-0.9871,1.2944,8369496,109625511.0,58585563329.0,8431717177.12
2015-03-10,'600398,海澜之家,13.17,13.4,13.01,13.12,13.13,0.04,0.3046,1.2286,7943884,104757019.0,59169621859.1,8515775707.26
2015-03-09,'600398,海澜之家,13.13,13.18,12.77,13.0,13.12,0.01,0.0762,1.573,10171273,131228633.0,58989911542.1,8489911544.14
2015-03-06,'600398,海澜之家,13.12,13.5,13.0,13.5,13.55,-0.43,-3.1734,1.6167,10453869,137893464.0,58944983962.9,8483445503.36
2015-03-05,'600398,海澜之家,13.55,13.85,13.29,13.56,13.66,-0.11,-0.8053,1.3403,8666752,116910864.0,60876869870.2,8761485256.9
2015-03-04,'600398,海澜之家,13.66,13.83,13.22,13.7,13.56,0.1,0.7375,1.6162,10450146,141309542.0,61371073241.8,8832611705.48
2015-03-03,'600398,海澜之家,13.56,13.97,13.3,13.9,13.85,-0.29,-2.0939,2.3108,14941585,201904949.0,60921797449.4,8767951297.68
2015-03-02,'600398,海澜之家,13.85,14.2,13.4,13.4,13.3,0.55,4.1353,2.2949,14838910,204320068.0,62224697247.4,8955466480.3
2015-02-27,'600398,海澜之家,13.3,13.77,12.51,12.65,12.52,0.78,6.23,2.53,16358852,217992651.0,59753680389.2,8599834237.4
2015-02-26,'600398,海澜之家,12.52,12.54,12.02,12.08,12.13,0.39,3.2152,1.0463,6765492,83399338.0,56249329208.5,8095483056.56
2015-02-25,'600398,海澜之家,12.13,12.5,12.03,12.49,12.5,-0.37,-2.96,1.5192,9823358,121043881.0,54497153618.1,7843307466.14
2015-02-17,'600398,海澜之家,12.5,12.65,12.27,12.27,12.26,0.24,1.9576,1.3896,8985389,112298245.0,56159474050.0,8082550975.0
2015-02-16,'600398,海澜之家,12.26,12.45,12.2,12.28,12.14,0.12,0.9885,1.0245,6624301,81402969.0,55081212148.2,7927365996.28
2015-02-13,'600398,海澜之家,12.14,12.4,11.85,11.93,11.9,0.24,2.0168,1.8852,12189952,149267670.0,54542081197.4,7849773506.92
2015-02-12,'600398,海澜之家,11.9,12.0,11.8,11.99,11.88,0.02,0.1684,0.9659,6245512,74349110.0,53463819295.6,7694588528.2
2015-02-11,'600398,海澜之家,11.88,12.0,11.46,11.5,11.45,0.43,3.7555,1.7752,11478557,134798591.0,53373964137.1,7681656446.64
2015-02-10,'600398,海澜之家,11.45,11.56,11.36,11.44,11.36,0.09,0.7923,0.9768,6316245,72394426.0,51442078229.8,7403616693.1
2015-02-09,'600398,海澜之家,11.36,11.59,11.28,11.3,11.36,0.0,0.0,1.1504,7438428,85021527.0,51037730016.6,7345422326.08
2015-02-06,'600398,海澜之家,11.36,11.42,11.2,11.32,11.32,0.04,0.3534,0.9897,6399505,72526803.0,51037730016.6,7345422326.08
2015-02-05,'600398,海澜之家,11.32,11.55,11.27,11.45,11.41,-0.09,-0.7888,1.3934,9009957,102942446.0,50858019699.7,7319558162.96
2015-02-04,'600398,海澜之家,11.41,11.8,11.31,11.75,11.66,-0.25,-2.1441,1.6629,10752668,122711053.0,51262367912.8,7377752529.98
