2016-05-13,'600317,营口港,3.52,3.55,3.46,3.48,3.49,0.03,0.8596,0.1001,6476741,22761344.0,22784900170.6,22784900170.6
2016-05-12,'600317,营口港,3.49,3.5,3.43,3.49,3.54,-0.05,-1.4124,0.1061,6866477,23824814.0,22590710680.5,22590710680.5
2016-05-11,'600317,营口港,3.54,3.59,3.5,3.58,3.56,-0.02,-0.5618,0.1119,7241332,25585528.0,22914359830.6,22914359830.6
2016-05-10,'600317,营口港,3.56,3.6,3.48,3.53,3.54,0.02,0.565,0.1668,10799843,38175895.0,23043819490.7,23043819490.7
2016-05-09,'600317,营口港,3.54,3.67,3.46,3.53,3.53,0.01,0.2833,0.2845,18416375,65527760.0,22914359830.6,22914359830.6
2016-05-06,'600317,营口港,3.53,3.66,3.53,3.65,3.65,-0.12,-3.2877,0.1729,11193026,40025275.0,22849630000.6,22849630000.6
2016-05-05,'600317,营口港,3.65,3.68,3.61,3.66,3.66,-0.01,-0.2732,0.1244,8050114,29313667.0,23626387961.0,23626387961.0
2016-05-04,'600317,营口港,3.66,3.7,3.62,3.65,3.65,0.01,0.274,0.1473,9533350,34895069.0,23691117791.0,23691117791.0
2016-05-03,'600317,营口港,3.65,3.65,3.57,3.57,3.57,0.08,2.2409,0.1293,8368844,30350993.0,23626387961.0,23626387961.0
2016-04-29,'600317,营口港,3.57,3.6,3.55,3.56,3.57,0.0,0.0,0.0665,4307756,15409126.0,23108549320.7,23108549320.7
2016-04-28,'600317,营口港,3.57,3.63,3.53,3.62,3.63,-0.06,-1.6529,0.1208,7818700,27905196.0,23108549320.7,23108549320.7
2016-04-27,'600317,营口港,3.63,3.67,3.62,3.65,3.63,0.0,0.0,0.0967,6260108,22799050.0,23496928300.9,23496928300.9
2016-04-26,'600317,营口港,3.63,3.63,3.58,3.6,3.61,0.02,0.554,0.0995,6441027,23235009.0,23496928300.9,23496928300.9
2016-04-25,'600317,营口港,3.61,3.63,3.56,3.62,3.62,-0.01,-0.2762,0.0923,5972641,21425389.0,23367468640.8,23367468640.8
2016-04-22,'600317,营口港,3.62,3.62,3.55,3.57,3.6,0.02,0.5556,0.1085,7021717,25261610.0,23432198470.9,23432198470.9
2016-04-21,'600317,营口港,3.6,3.66,3.59,3.64,3.63,-0.03,-0.8264,0.1697,10984359,39807067.0,23302738810.8,23302738810.8
2016-04-20,'600317,营口港,3.63,3.86,3.53,3.84,3.84,-0.21,-5.4688,0.344,22264261,81695834.0,23496928300.9,23496928300.9
2016-04-19,'600317,营口港,3.84,3.88,3.82,3.84,3.83,0.01,0.2611,0.116,7509215,28893414.0,24856254731.5,24856254731.5
2016-04-18,'600317,营口港,3.83,3.9,3.81,3.9,3.9,-0.07,-1.7949,0.1617,10465077,40174064.0,24791524901.5,24791524901.5
2016-04-15,'600317,营口港,3.9,3.95,3.88,3.94,3.93,-0.03,-0.7634,0.1794,11612108,45329245.0,25244633711.7,25244633711.7
2016-04-14,'600317,营口港,3.93,3.97,3.89,3.94,3.93,0.0,0.0,0.2202,14255716,55749693.0,25438823201.8,25438823201.8
2016-04-13,'600317,营口港,3.93,4.0,3.85,3.86,3.86,0.07,1.8135,0.4868,31510307,124442926.0,25438823201.8,25438823201.8
2016-04-12,'600317,营口港,3.86,3.9,3.83,3.9,3.9,-0.04,-1.0256,0.2019,13069437,50338508.0,24985714391.6,24985714391.6
2016-04-11,'600317,营口港,3.9,3.93,3.88,3.89,3.85,0.05,1.2987,0.2577,16681457,65119538.0,25244633711.7,25244633711.7
2016-04-08,'600317,营口港,3.85,3.89,3.8,3.85,3.89,-0.04,-1.0283,0.1968,12740388,48966456.0,24920984561.5,24920984561.5
2016-04-07,'600317,营口港,3.89,3.96,3.87,3.94,3.94,-0.05,-1.269,0.2937,19012643,74172123.0,25179903881.7,25179903881.7
2016-04-06,'600317,营口港,3.94,3.99,3.91,3.99,4.02,-0.08,-1.99,0.3901,25253661,99702149.0,25503553031.8,25503553031.8
2016-04-05,'600317,营口港,4.02,4.04,3.9,4.01,4.01,0.01,0.2494,0.5937,38429686,152769799.0,26021391672.1,26021391672.1
2016-04-01,'600317,营口港,4.01,4.18,3.98,4.18,4.19,-0.18,-4.2959,0.8456,54733310,220828289.0,25956661842.0,25956661842.0
2016-03-31,'600317,营口港,4.19,4.19,3.76,3.81,3.81,0.38,9.9738,1.4634,94723992,384349220.0,27121798782.6,27121798782.6
2016-03-30,'600317,营口港,3.81,3.88,3.65,3.66,3.71,0.1,2.6954,0.6782,43898668,164659260.0,24662065241.4,24662065241.4
2016-03-29,'600317,营口港,3.71,3.8,3.59,3.61,3.6,0.11,3.0556,0.7692,49788135,185285909.0,24014766941.1,24014766941.1
2016-03-28,'600317,营口港,3.6,3.69,3.58,3.63,3.65,-0.05,-1.3699,0.4218,27305544,99246327.0,23302738810.8,23302738810.8
2016-03-25,'600317,营口港,3.65,3.67,3.55,3.55,3.49,0.16,4.5845,0.6943,44944640,163004891.0,23626387961.0,23626387961.0
2016-03-24,'600317,营口港,3.49,3.57,3.48,3.51,3.54,-0.05,-1.4124,0.2449,15849320,55885550.0,22590710680.5,22590710680.5
2016-03-23,'600317,营口港,3.54,3.56,3.5,3.52,3.54,0.0,0.0,0.1685,10906703,38411494.0,22914359830.6,22914359830.6
2016-03-22,'600317,营口港,3.54,3.58,3.51,3.58,3.59,-0.05,-1.3928,0.2434,15758193,55873237.0,22914359830.6,22914359830.6
2016-03-21,'600317,营口港,3.59,3.62,3.56,3.59,3.54,0.05,1.4124,0.4096,26513516,95196267.0,23238008980.8,23238008980.8
2016-03-18,'600317,营口港,3.54,3.54,3.45,3.45,3.46,0.08,2.3121,0.3668,23745218,83283855.0,22914359830.6,22914359830.6
2016-03-17,'600317,营口港,3.46,3.48,3.41,3.41,3.42,0.04,1.1696,0.1889,12228984,42123776.0,22396521190.4,22396521190.4
2016-03-16,'600317,营口港,3.42,3.49,3.41,3.47,3.5,-0.08,-2.2857,0.1844,11933826,41040593.0,22137601870.3,22137601870.3
2016-03-15,'600317,营口港,3.5,3.51,3.35,3.39,3.39,0.11,3.2448,0.3811,24671211,84906506.0,22655440510.5,22655440510.5
2016-03-14,'600317,营口港,3.39,3.43,3.33,3.33,3.31,0.08,2.4169,0.17,11006130,37365319.0,21943412380.2,21943412380.2
2016-03-11,'600317,营口港,3.31,3.34,3.28,3.29,3.33,-0.02,-0.6006,0.1104,7146222,23642851.0,21425573739.9,21425573739.9
2016-03-10,'600317,营口港,3.33,3.4,3.32,3.38,3.37,-0.04,-1.1869,0.1184,7661473,25733543.0,21555033400.0,21555033400.0
2016-03-09,'600317,营口港,3.37,3.42,3.35,3.42,3.49,-0.12,-3.4384,0.2057,13316569,45076200.0,21813952720.1,21813952720.1
2016-03-08,'600317,营口港,3.49,3.58,3.28,3.4,3.42,0.07,2.0468,0.3939,25494132,87825736.0,22590710680.5,22590710680.5
2016-03-07,'600317,营口港,3.42,3.45,3.35,3.36,3.38,0.04,1.1834,0.2113,13676852,46739528.0,22137601870.3,22137601870.3
2016-03-04,'600317,营口港,3.38,3.47,3.33,3.39,3.4,-0.02,-0.5882,0.2625,16988599,57879352.0,21878682550.1,21878682550.1
2016-03-03,'600317,营口港,3.4,3.46,3.34,3.39,3.4,0.0,0.0,0.2696,17448153,59585498.0,22008142210.2,22008142210.2
2016-03-02,'600317,营口港,3.4,3.42,3.22,3.25,3.24,0.16,4.9383,0.2602,16839853,56125516.0,22008142210.2,22008142210.2
2016-03-01,'600317,营口港,3.24,3.26,3.17,3.22,3.19,0.05,1.5674,0.1422,9201614,29581332.0,20972464929.7,20972464929.7
2016-02-29,'600317,营口港,3.19,3.35,3.14,3.28,3.34,-0.15,-4.491,0.1831,11854541,37906532.0,20648815779.6,20648815779.6
2016-02-26,'600317,营口港,3.34,3.36,3.23,3.3,3.27,0.07,2.1407,0.1895,12264279,40538344.0,21619763230.0,21619763230.0
2016-02-25,'600317,营口港,3.27,3.57,3.22,3.57,3.57,-0.3,-8.4034,0.2623,16978436,57842731.0,21166654419.8,21166654419.8
2016-02-24,'600317,营口港,3.57,3.59,3.51,3.53,3.54,0.03,0.8475,0.2024,13101587,46458629.0,23108549320.7,23108549320.7
2016-02-23,'600317,营口港,3.54,3.59,3.5,3.56,3.58,-0.04,-1.1173,0.1581,10236215,36204205.0,22914359830.6,22914359830.6
2016-02-22,'600317,营口港,3.58,3.6,3.52,3.54,3.5,0.08,2.2857,0.2267,14674078,52312839.0,23173279150.7,23173279150.7
2016-02-19,'600317,营口港,3.5,3.54,3.48,3.52,3.53,-0.03,-0.8499,0.1482,9590811,33558219.0,22655440510.5,22655440510.5
2016-02-18,'600317,营口港,3.53,3.57,3.51,3.54,3.54,-0.01,-0.2825,0.2283,14777912,52336350.0,22849630000.6,22849630000.6
2016-02-17,'600317,营口港,3.54,3.62,3.45,3.47,3.48,0.06,1.7241,0.3056,19779604,69714026.0,22914359830.6,22914359830.6
2016-02-16,'600317,营口港,3.48,3.5,3.37,3.37,3.37,0.11,3.2641,0.2212,14320798,49625166.0,22525980850.4,22525980850.4
2016-02-15,'600317,营口港,3.37,3.41,3.26,3.3,3.43,-0.06,-1.7493,0.1636,10591966,35329360.0,21813952720.1,21813952720.1
2016-02-05,'600317,营口港,3.43,3.59,3.36,3.38,3.38,0.05,1.4793,0.2611,16901471,58827886.0,22202331700.3,22202331700.3
2016-02-04,'600317,营口港,3.38,3.39,3.35,3.35,3.35,0.03,0.8955,0.1636,10589634,35752803.0,21878682550.1,21878682550.1
2016-02-03,'600317,营口港,3.35,3.36,3.29,3.31,3.37,-0.02,-0.5935,0.1244,8054082,26740936.0,21684493060.0,21684493060.0
2016-02-02,'600317,营口港,3.37,3.39,3.28,3.29,3.3,0.07,2.1212,0.1807,11694494,39241455.0,21813952720.1,21813952720.1
2016-02-01,'600317,营口港,3.3,3.34,3.23,3.34,3.35,-0.05,-1.4925,0.1143,7400181,24329856.0,21360843909.9,21360843909.9
2016-01-29,'600317,营口港,3.35,3.36,3.25,3.25,3.25,0.1,3.0769,0.1971,12761068,42177003.0,21684493060.0,21684493060.0
2016-01-28,'600317,营口港,3.25,3.37,3.23,3.34,3.35,-0.1,-2.9851,0.1695,10973689,36511671.0,21037194759.8,21037194759.8
2016-01-27,'600317,营口港,3.35,3.55,3.22,3.46,3.44,-0.09,-2.6163,0.2349,15206272,51045558.0,21684493060.0,21684493060.0
2016-01-26,'600317,营口港,3.44,3.77,3.41,3.77,3.79,-0.35,-9.2348,0.2054,13296125,47967717.0,22267061530.3,22267061530.3
2016-01-25,'600317,营口港,3.79,3.82,3.76,3.79,3.76,0.03,0.7979,0.0973,6300891,23894517.0,24532605581.4,24532605581.4
2016-01-22,'600317,营口港,3.76,3.82,3.71,3.77,3.74,0.02,0.5348,0.1205,7802479,29315079.0,24338416091.3,24338416091.3
2016-01-21,'600317,营口港,3.74,3.93,3.71,3.85,3.9,-0.16,-4.1026,0.2059,13328353,51157230.0,24208956431.2,24208956431.2
2016-01-20,'600317,营口港,3.9,3.98,3.86,3.92,3.94,-0.04,-1.0152,0.2655,17188661,67472458.0,25244633711.7,25244633711.7
2016-01-19,'600317,营口港,3.94,3.99,3.74,3.78,3.79,0.15,3.9578,0.2603,16852141,65149073.0,25503553031.8,25503553031.8
2016-01-18,'600317,营口港,3.79,3.82,3.69,3.77,3.77,0.02,0.5305,0.1798,11638937,43763153.0,24532605581.4,24532605581.4
2016-01-15,'600317,营口港,3.77,3.94,3.75,3.94,3.95,-0.18,-4.557,0.1984,12844387,49258835.0,24403145921.3,24403145921.3
2016-01-14,'600317,营口港,3.95,3.96,3.79,3.81,3.91,0.04,1.023,0.222,14370890,55589295.0,25568282861.8,25568282861.8
2016-01-13,'600317,营口港,3.91,4.1,3.9,4.08,4.07,-0.16,-3.9312,0.1951,12627217,50838796.0,25309363541.7,25309363541.7
2016-01-12,'600317,营口港,4.07,4.14,3.98,4.13,4.06,0.01,0.2463,0.17,11003479,44626726.0,26345040822.2,26345040822.2
2016-01-11,'600317,营口港,4.06,4.29,4.05,4.23,4.3,-0.24,-5.5814,0.2832,18332701,76438932.0,26280310992.2,26280310992.2
2016-01-08,'600317,营口港,4.3,4.39,4.14,4.26,4.19,0.11,2.6253,0.2784,18019279,77149167.0,27833826912.9,27833826912.9
2016-01-07,'600317,营口港,4.19,4.49,4.16,4.49,4.5,-0.31,-6.8889,0.059,3816300,16546597.0,27121798782.6,27121798782.6
2016-01-06,'600317,营口港,4.5,4.51,4.38,4.38,4.38,0.12,2.7397,0.2471,15995971,71058348.0,29128423513.5,29128423513.5
2016-01-05,'600317,营口港,4.38,4.5,4.11,4.3,4.42,-0.04,-0.905,0.3435,22237031,96340949.0,28351665553.1,28351665553.1
2016-01-04,'600317,营口港,4.42,4.68,4.4,4.62,4.75,-0.33,-6.9474,0.305,19741800,90617476.0,28610584873.3,28610584873.3
2015-12-31,'600317,营口港,4.75,4.97,4.74,4.86,4.69,0.06,1.2793,0.5868,37985240,184207141.0,30746669264.2,30746669264.2
2015-12-30,'600317,营口港,4.69,4.71,4.65,4.68,4.67,0.02,0.4283,0.1534,9932606,46503844.0,30358290284.1,30358290284.1
2015-12-29,'600317,营口港,4.67,4.68,4.61,4.63,4.63,0.04,0.8639,0.1381,8941925,41568694.0,30228830624.0,30228830624.0
2015-12-28,'600317,营口港,4.63,4.74,4.63,4.72,4.72,-0.09,-1.9068,0.2113,13677067,64058152.0,29969911303.9,29969911303.9
2015-12-25,'600317,营口港,4.72,4.72,4.67,4.69,4.69,0.03,0.6397,0.1662,10759563,50533587.0,30552479774.2,30552479774.2
2015-12-24,'600317,营口港,4.69,4.76,4.65,4.76,4.76,-0.07,-1.4706,0.2083,13483635,63234402.0,30358290284.1,30358290284.1
2015-12-23,'600317,营口港,4.76,4.8,4.75,4.8,4.82,-0.06,-1.2448,0.253,16376953,78224684.0,30811399094.3,30811399094.3
2015-12-22,'600317,营口港,4.82,4.86,4.76,4.86,4.88,-0.06,-1.2295,0.399,25827953,124054519.0,31199778074.5,31199778074.5
2015-12-21,'600317,营口港,4.88,4.95,4.75,4.76,4.69,0.19,4.0512,0.7584,49090939,239349649.0,31588157054.6,31588157054.6
2015-12-18,'600317,营口港,4.69,4.71,4.66,4.71,4.71,-0.02,-0.4246,0.216,13981412,65512736.0,30358290284.1,30358290284.1
2015-12-17,'600317,营口港,4.71,4.71,4.62,4.63,4.61,0.1,2.1692,0.3046,19714385,92092579.0,30487749944.1,30487749944.1
2015-12-16,'600317,营口港,4.61,4.7,4.6,4.67,4.68,-0.07,-1.4957,0.2277,14736194,68566203.0,29840451643.8,29840451643.8
2015-12-15,'600317,营口港,4.68,4.73,4.65,4.73,4.71,-0.03,-0.6369,0.1742,11274868,52849548.0,30293560454.0,30293560454.0
2015-12-14,'600317,营口港,4.71,4.76,4.53,4.58,4.59,0.12,2.6144,0.2483,16072604,74584799.0,30487749944.1,30487749944.1
2015-12-11,'600317,营口港,4.59,4.65,4.57,4.62,4.65,-0.06,-1.2903,0.182,11778216,54201647.0,29710991983.8,29710991983.8
2015-12-10,'600317,营口港,4.65,4.75,4.64,4.68,4.68,-0.03,-0.641,0.1819,11774383,55105744.0,30099370964.0,30099370964.0
2015-12-09,'600317,营口港,4.68,4.7,4.63,4.7,4.7,-0.02,-0.4255,0.1774,11481230,53513610.0,30293560454.0,30293560454.0
2015-12-08,'600317,营口港,4.7,4.82,4.67,4.82,4.81,-0.11,-2.2869,0.2062,13350228,63017222.0,30423020114.1,30423020114.1
2015-12-07,'600317,营口港,4.81,4.83,4.77,4.79,4.79,0.02,0.4175,0.1667,10791582,51813422.0,31135048244.4,31135048244.4
2015-12-04,'600317,营口港,4.79,4.86,4.76,4.85,4.88,-0.09,-1.8443,0.2588,16753279,80524600.0,31005588584.4,31005588584.4
2015-12-03,'600317,营口港,4.88,4.89,4.81,4.85,4.86,0.02,0.4115,0.27,17475309,85044335.0,31588157054.6,31588157054.6
2015-12-02,'600317,营口港,4.86,4.87,4.71,4.81,4.94,-0.08,-1.6194,0.455,29454652,141322308.0,31458697394.6,31458697394.6
2015-12-01,'600317,营口港,4.94,5.15,4.78,4.78,4.74,0.2,4.2194,0.7455,48257248,240811855.0,31976536034.8,31976536034.8
2015-11-30,'600317,营口港,4.74,4.78,4.5,4.69,4.68,0.06,1.2821,0.3848,24909958,116211937.0,30681939434.2,30681939434.2
2015-11-27,'600317,营口港,4.68,4.98,4.61,4.98,4.99,-0.31,-6.2124,0.5768,37335988,180484112.0,30293560454.0,30293560454.0
2015-11-26,'600317,营口港,4.99,5.05,4.98,5.04,5.04,-0.05,-0.9921,0.3606,23339359,116774762.0,32300185185.0,32300185185.0
2015-11-25,'600317,营口港,5.04,5.04,5.0,5.03,5.03,0.01,0.1988,0.3386,21916150,109895381.0,32623834335.1,32623834335.1
2015-11-24,'600317,营口港,5.03,5.07,4.97,5.06,5.07,-0.04,-0.789,0.3775,24434107,122496618.0,32559104505.1,32559104505.1
2015-11-23,'600317,营口港,5.07,5.13,5.05,5.1,5.13,-0.06,-1.1696,0.5045,32659009,165799555.0,32818023825.2,32818023825.2
2015-11-20,'600317,营口港,5.13,5.19,5.07,5.11,5.1,0.03,0.5882,0.7728,50022329,256915089.0,33206402805.4,33206402805.4
2015-11-19,'600317,营口港,5.1,5.13,5.03,5.03,5.09,0.01,0.1965,0.3945,25535028,129930210.0,33012213315.3,33012213315.3
2015-11-18,'600317,营口港,5.09,5.11,5.05,5.09,5.1,-0.01,-0.1961,0.4639,30024998,152305330.0,32947483485.3,32947483485.3
2015-11-17,'600317,营口港,5.1,5.19,5.08,5.12,5.09,0.01,0.1965,0.7622,49334562,253244019.0,33012213315.3,33012213315.3
2015-11-16,'600317,营口港,5.09,5.09,4.95,5.01,5.08,0.01,0.1969,0.3727,24126332,121318688.0,32947483485.3,32947483485.3
2015-11-13,'600317,营口港,5.08,5.17,5.08,5.11,5.11,-0.03,-0.5871,0.556,35991611,184128300.0,32882753655.2,32882753655.2
2015-11-12,'600317,营口港,5.11,5.19,5.07,5.18,5.19,-0.08,-1.5414,0.6052,39171631,200184214.0,33076943145.3,33076943145.3
2015-11-11,'600317,营口港,5.19,5.21,5.12,5.12,5.14,0.05,0.9728,0.6887,44581419,230821438.0,33594781785.6,33594781785.6
2015-11-10,'600317,营口港,5.14,5.18,5.09,5.13,5.18,-0.04,-0.7722,0.661,42786297,219476102.0,33271132635.4,33271132635.4
2015-11-09,'600317,营口港,5.18,5.24,5.08,5.11,5.16,0.02,0.3876,0.8862,57363162,296145730.0,33530051955.5,33530051955.5
2015-11-06,'600317,营口港,5.16,5.19,5.05,5.1,5.12,0.04,0.7813,0.7968,51579797,264751493.0,33400592295.5,33400592295.5
2015-11-05,'600317,营口港,5.12,5.21,5.06,5.11,5.08,0.04,0.7874,0.9432,61050741,313257452.0,33141672975.4,33141672975.4
2015-11-04,'600317,营口港,5.08,5.08,4.9,4.9,4.92,0.16,3.252,0.5241,33926055,170213810.0,32882753655.2,32882753655.2
2015-11-03,'600317,营口港,4.92,5.03,4.88,4.95,5.01,-0.09,-1.7964,0.4103,26560676,130993090.0,31847076374.8,31847076374.8
2015-11-02,'600317,营口港,5.01,5.17,5.0,5.1,5.08,-0.07,-1.378,0.6092,39435045,200691682.0,32429644845.0,32429644845.0
2015-10-30,'600317,营口港,5.08,5.13,5.01,5.12,5.15,-0.07,-1.3592,0.51,33010969,167422532.0,32882753655.2,32882753655.2
2015-10-29,'600317,营口港,5.15,5.19,5.03,5.12,5.09,0.06,1.1788,0.5938,38439303,197136919.0,33335862465.5,33335862465.5
2015-10-28,'600317,营口港,5.09,5.25,5.07,5.11,5.12,-0.03,-0.5859,0.8039,52039398,268912141.0,32947483485.3,32947483485.3
2015-10-27,'600317,营口港,5.12,5.17,4.95,5.17,5.22,-0.1,-1.9157,0.7379,47761209,242262903.0,33141672975.4,33141672975.4
2015-10-26,'600317,营口港,5.22,5.26,5.02,5.09,5.03,0.19,3.7773,1.221,79038205,406863907.0,33788971275.7,33788971275.7
2015-10-23,'600317,营口港,5.03,5.08,4.9,4.93,4.96,0.07,1.4113,0.566,36638329,183780751.0,32559104505.1,32559104505.1
2015-10-22,'600317,营口港,4.96,4.98,4.76,4.8,4.8,0.16,3.3333,0.5529,35787711,174947170.0,32105995694.9,32105995694.9
2015-10-21,'600317,营口港,4.8,5.18,4.75,5.15,5.21,-0.41,-7.8695,0.9282,60081108,301461874.0,31070318414.4,31070318414.4
2015-10-20,'600317,营口港,5.21,5.42,5.0,5.08,5.1,0.11,2.1569,1.0172,65846082,338941953.0,33724241445.6,33724241445.6
2015-10-19,'600317,营口港,5.1,5.26,5.05,5.12,5.09,0.01,0.1965,0.9331,60400471,311307264.0,33012213315.3,33012213315.3
2015-10-16,'600317,营口港,5.09,5.15,5.0,5.03,5.03,0.06,1.1928,0.8083,52318825,265071147.0,32947483485.3,32947483485.3
2015-10-15,'600317,营口港,5.03,5.04,4.89,4.91,4.93,0.1,2.0284,0.4769,30868221,154169733.0,32559104505.1,32559104505.1
2015-10-14,'600317,营口港,4.93,5.05,4.92,5.04,5.11,-0.18,-3.5225,0.6304,40804131,203338126.0,31911806204.8,31911806204.8
2015-10-13,'600317,营口港,5.11,5.22,4.88,4.92,4.96,0.15,3.0242,0.9715,62883270,318043389.0,33076943145.3,33076943145.3
2015-10-12,'600317,营口港,4.96,5.04,4.8,4.8,4.83,0.13,2.6915,0.8374,54207515,267386475.0,32105995694.9,32105995694.9
2015-10-09,'600317,营口港,4.83,4.92,4.7,4.77,4.83,0.0,0.0,1.0555,34755425,167055257.0,31264507904.5,15903812860.7
2015-10-08,'600317,营口港,4.83,4.95,4.69,4.74,4.61,0.22,4.7722,1.0311,33951878,163003284.0,31264507904.5,15903812860.7
2015-09-30,'600317,营口港,4.61,4.67,4.54,4.59,4.58,0.03,0.655,0.3625,11935564,55081798.0,29840451643.8,15179415587.6
2015-09-29,'600317,营口港,4.58,4.68,4.56,4.63,4.74,-0.16,-3.3755,0.4558,15009404,69133406.0,29646262153.7,15080634141.2
2015-09-28,'600317,营口港,4.74,4.82,4.64,4.74,4.66,0.08,1.7167,0.4919,16197737,76781354.0,30681939434.2,15607468521.7
2015-09-25,'600317,营口港,4.66,4.8,4.6,4.78,4.85,-0.19,-3.9175,0.79,26012060,121977116.0,30164100794.0,15344051331.5
2015-09-24,'600317,营口港,4.85,5.06,4.72,4.72,4.69,0.16,3.4115,1.1497,37857329,185093326.0,31393967564.5,15969667158.3
2015-09-23,'600317,营口港,4.69,4.83,4.68,4.74,4.84,-0.15,-3.0992,0.6501,21405046,101643534.0,30358290284.1,15442832777.8
2015-09-22,'600317,营口港,4.84,4.92,4.77,4.81,4.82,0.02,0.4149,0.8933,29413976,142493234.0,31329237734.5,15936740009.5
2015-09-21,'600317,营口港,4.82,4.85,4.63,4.67,4.76,0.06,1.2605,0.8574,28230439,134782492.0,31199778074.5,15870885712.0
2015-09-18,'600317,营口港,4.76,4.9,4.54,4.69,4.61,0.15,3.2538,0.9105,29979459,142097308.0,30811399094.3,15673322819.3
2015-09-17,'600317,营口港,4.61,4.85,4.6,4.76,4.79,-0.18,-3.7578,0.9149,30124904,142138258.0,29840451643.8,15179415587.6
2015-09-16,'600317,营口港,4.79,4.85,4.43,4.49,4.43,0.36,8.1264,0.8054,26519452,122529710.0,31005588584.4,15772104265.6
2015-09-15,'600317,营口港,4.43,4.8,4.4,4.68,4.89,-0.46,-9.407,0.6945,22867868,104841572.0,28675314703.3,14586726909.5
2015-09-14,'600317,营口港,4.89,5.04,4.5,4.99,4.99,-0.1,-2.004,1.3564,44661715,213480293.0,31652886884.7,16101375753.4
2015-09-11,'600317,营口港,4.99,5.08,4.9,5.03,5.02,-0.03,-0.5976,0.7299,24033130,119900193.0,32300185185.0,16430647241.2
2015-09-10,'600317,营口港,5.02,5.13,5.0,5.03,5.13,-0.11,-2.1442,0.8863,29182621,147040293.0,32494374675.1,16529428687.6
2015-09-09,'600317,营口港,5.13,5.18,4.99,5.02,5.04,0.09,1.7857,1.538,50641607,258538039.0,33206402805.4,16891627324.1
2015-09-08,'600317,营口港,5.04,5.05,4.84,4.95,4.89,0.15,3.0675,0.9751,32106988,159795417.0,32623834335.1,16595282985.1
2015-09-07,'600317,营口港,4.89,5.15,4.84,4.84,4.84,0.05,1.0331,1.1818,38913933,193408118.0,31652886884.7,16101375753.4
2015-09-02,'600317,营口港,4.84,5.37,4.83,4.91,5.37,-0.53,-9.8696,1.8087,59555389,301806953.0,31329237734.5,15936740009.5
2015-09-01,'600317,营口港,5.37,5.47,4.81,5.04,5.34,0.03,0.5618,4.8553,159869845,814849049.0,34759918726.1,17681878894.9
2015-08-31,'600317,营口港,5.34,5.34,4.63,4.8,4.85,0.49,10.1031,4.8609,160054902,833232977.0,34565729236.0,17583097448.5
2015-08-28,'600317,营口港,4.85,4.87,4.5,4.53,4.48,0.37,8.2589,1.5012,49429965,229552626.0,31393967564.5,15969667158.3
2015-08-27,'600317,营口港,4.48,4.49,4.2,4.42,4.33,0.15,3.4642,1.0717,35286633,155133039.0,28998963853.4,14751362653.4
2015-08-26,'600317,营口港,4.33,4.53,4.1,4.53,4.35,-0.02,-0.4598,1.5424,50785468,222934293.0,28028016403.0,14257455421.7
2015-08-25,'600317,营口港,4.35,4.62,4.35,4.55,4.83,-0.48,-9.9379,1.2579,41418267,184074711.0,28157476063.0,14323309719.3
2015-08-24,'600317,营口港,4.83,5.2,4.82,5.15,5.35,-0.52,-9.7196,1.9399,63876923,313508799.0,31264507904.5,15903812860.7
2015-08-21,'600317,营口港,5.35,5.69,5.31,5.58,5.65,-0.3,-5.3097,1.4023,46173106,254592694.0,34630459066.1,17616024597.3
2015-08-20,'600317,营口港,5.65,5.8,5.48,5.65,5.7,-0.05,-0.8772,1.5139,49848280,280807860.0,36572353966.9,18603839060.7
2015-08-19,'600317,营口港,5.7,5.75,5.29,5.43,5.57,0.13,2.3339,1.7992,59242561,327089540.0,36896003117.1,18768474804.6
2015-08-18,'600317,营口港,5.57,6.16,5.57,6.16,6.19,-0.62,-10.0162,3.0798,101407518,595778429.0,36054515326.7,18340421870.5
2015-08-17,'600317,营口港,6.19,6.29,5.9,5.93,5.93,0.26,4.3845,3.9965,131593779,810437990.0,40067764788.6,20381905094.8
2015-08-14,'600317,营口港,5.93,5.95,5.8,5.86,5.84,0.09,1.5411,1.9404,63892401,375734192.0,38384789207.8,19525799226.5
2015-08-13,'600317,营口港,5.84,5.85,5.68,5.68,5.77,0.07,1.2132,1.2843,42287616,244259706.0,37802220737.5,19229454887.5
2015-08-12,'600317,营口港,5.77,5.97,5.75,5.9,5.95,-0.18,-3.0252,1.5311,50413890,295247056.0,37349111927.3,18998964846.1
2015-08-11,'600317,营口港,5.95,6.05,5.87,5.96,6.06,-0.11,-1.8152,2.7972,92105223,548163601.0,38514248867.8,19591653524.1
2015-08-10,'600317,营口港,6.06,6.29,5.71,5.74,5.74,0.32,5.5749,3.7822,124537555,749264161.0,39226276998.2,19953852160.7
2015-08-07,'600317,营口港,5.74,5.8,5.66,5.72,5.67,0.07,1.2346,1.8801,61907292,354685795.0,37154922437.2,18900183399.7
2015-08-06,'600317,营口港,5.67,5.83,5.4,5.5,5.59,0.08,1.4311,1.7453,57468237,328317671.0,36701813627.0,18669693358.3
2015-08-05,'600317,营口港,5.59,5.82,5.55,5.75,5.83,-0.24,-4.1166,1.6645,54808219,311170884.0,36183974986.8,18406276168.0
2015-08-04,'600317,营口港,5.83,5.88,5.55,5.75,5.76,0.07,1.2153,2.6465,87140820,502060304.0,37737490907.5,19196527738.7
2015-08-03,'600317,营口港,5.76,5.78,5.3,5.31,5.41,0.35,6.4695,2.4425,80423619,443615699.0,37284382097.3,18966037697.3
2015-07-31,'600317,营口港,5.41,5.43,5.28,5.29,5.39,0.02,0.3711,1.4016,46150996,246198991.0,35018838046.2,17813587490.0
2015-07-30,'600317,营口港,5.39,5.82,5.3,5.5,5.5,-0.11,-2.0,2.3879,78628290,436649300.0,34889378386.2,17747733192.4
2015-07-29,'600317,营口港,5.5,5.54,5.22,5.28,5.27,0.23,4.3643,1.6779,55247356,295924101.0,35601406516.5,18109931829.0
2015-07-28,'600317,营口港,5.27,5.35,4.74,5.0,5.15,0.12,2.3301,2.7099,89230847,451046519.0,34112620425.8,17352607407.1
2015-07-27,'600317,营口港,5.15,5.69,5.15,5.6,5.72,-0.57,-9.965,2.6154,86117529,470511330.0,33335862465.5,16957481621.7
2015-07-24,'600317,营口港,5.72,5.96,5.65,5.69,5.7,0.02,0.3509,3.5408,116587014,674962686.0,37025462777.2,18834329102.2
2015-07-23,'600317,营口港,5.7,5.74,5.5,5.59,5.58,0.12,2.1505,2.4363,80219298,453601969.0,36896003117.1,18768474804.6
2015-07-22,'600317,营口港,5.58,5.69,5.45,5.61,5.68,-0.1,-1.7606,2.03,66843167,373464184.0,36119245156.7,18373349019.2
2015-07-21,'600317,营口港,5.68,5.75,5.48,5.58,5.66,0.02,0.3534,2.3427,77136942,433565973.0,36766543457.0,18702620507.0
2015-07-20,'600317,营口港,5.66,5.86,5.52,5.7,5.66,0.0,0.0,2.2744,74888878,426192412.0,36637083797.0,18636766209.5
2015-07-17,'600317,营口港,5.66,5.76,5.4,5.41,5.4,0.26,4.8148,2.1392,70436646,392858353.0,36637083797.0,18636766209.5
2015-07-16,'600317,营口港,5.4,5.6,5.09,5.37,5.37,0.03,0.5587,2.0562,67705632,364209142.0,34954108216.2,17780660341.2
2015-07-15,'600317,XD营口港,5.37,5.8,5.37,5.8,5.97,-0.6,-10.0503,2.4958,82179060,453268414.0,34759918726.1,17681878894.9
2015-07-14,'600317,营口港,5.98,6.39,5.87,6.2,6.44,-0.46,-7.1429,4.7543,156544357,963201334.0,38708438357.9,19690434970.4
2015-07-13,'600317,营口港,6.44,6.46,5.85,6.0,5.89,0.55,9.3379,6.5326,215100218,1326952918.0,41686010539.3,21205083814.3
2015-07-10,'600317,营口港,5.89,5.89,5.4,5.47,5.35,0.54,10.0935,4.5969,151363344,877889469.0,38125869887.7,19394090631.4
2015-07-09,'600317,营口港,5.35,5.35,4.86,4.86,4.86,0.49,10.0823,3.4971,115149831,595481875.0,34630459066.1,17616024597.3
2015-07-08,'600317,营口港,4.86,5.13,4.86,4.86,5.4,-0.54,-10.0,2.7125,89315288,441583346.0,31458697394.6,16002594307.1
2015-07-07,'600317,营口港,5.4,5.45,4.7,5.0,5.22,0.18,3.4483,4.4589,146820062,749438933.0,34954108216.2,17780660341.2
2015-07-06,'600317,营口港,5.22,5.57,4.79,5.56,5.06,0.16,3.1621,3.3179,109247634,568545226.0,33788971275.7,17187971663.2
2015-07-03,'600317,营口港,5.06,5.68,5.05,5.52,5.61,-0.55,-9.8039,2.7328,89983268,475251875.0,32753293995.2,16661137282.7
2015-07-02,'600317,营口港,5.61,6.15,5.49,6.01,6.01,-0.4,-6.6556,2.546,83832435,490304739.0,36313434646.8,18472130465.6
2015-07-01,'600317,营口港,6.01,6.47,5.98,6.27,6.3,-0.29,-4.6032,3.0667,100976629,632181165.0,38902627848.0,19789216416.8
2015-06-30,'600317,营口港,6.3,6.32,5.38,5.9,5.9,0.4,6.7797,3.6846,121323007,718125247.0,40779792918.9,20744103731.4
2015-06-29,'600317,营口港,5.9,6.57,5.63,6.47,6.24,-0.34,-5.4487,3.8966,128303786,781644959.0,38190599717.7,19427017780.2
2015-06-26,'600317,营口港,6.24,6.82,6.24,6.8,6.93,-0.69,-9.9567,3.7074,122073919,791169110.0,40391413938.7,20546540838.7
2015-06-25,'600317,营口港,6.93,7.27,6.69,7.2,7.25,-0.32,-4.4138,3.6698,120835099,858615233.0,44857772210.8,22818514104.5
2015-06-24,'600317,营口港,7.25,7.26,6.96,6.96,6.93,0.32,4.6176,4.1027,135090391,964154543.0,46929126771.8,23872182865.5
2015-06-23,'600317,营口港,6.93,7.05,6.18,6.87,6.87,0.06,0.8734,3.7888,124752882,828930166.0,44857772210.8,22818514104.5
2015-06-19,'600317,营口港,6.87,7.5,6.84,7.4,7.6,-0.73,-9.6053,3.8498,126762253,909696095.0,44469393230.6,22620951211.9
2015-06-18,'600317,营口港,7.6,7.95,7.37,7.5,7.49,0.11,1.4686,6.7725,222998658,1726452377.0,49194670822.8,25024633072.8
2015-06-17,'600317,营口港,7.49,7.52,6.95,7.1,7.18,0.31,4.3175,4.0808,134367484,977432153.0,48482642692.5,24662434436.2
2015-06-16,'600317,营口港,7.18,7.6,7.1,7.6,7.64,-0.46,-6.0209,4.1573,136888862,1004388674.0,46476017961.5,23641692824.0
2015-06-15,'600317,营口港,7.64,7.84,7.39,7.58,7.58,0.06,0.7916,7.9251,260949797,1995551040.0,49453590142.9,25156341667.9
2015-06-12,'600317,营口港,7.58,7.86,7.18,7.18,7.18,0.4,5.571,10.0573,331158993,2513410252.0,49065211162.7,24958778775.2
2015-06-11,'600317,营口港,7.18,7.26,7.1,7.22,7.19,-0.01,-0.1391,3.013,99210962,709628451.0,46476017961.5,23641692824.0
2015-06-10,'600317,营口港,7.19,7.34,6.98,7.14,7.2,-0.01,-0.1389,3.3911,111660690,802012087.0,46540747791.6,23674619972.8
2015-06-09,'600317,营口港,7.2,7.37,7.13,7.37,7.4,-0.2,-2.7027,3.6881,121437221,877143332.0,46605477621.6,23707547121.6
2015-06-08,'600317,营口港,7.4,7.45,7.0,7.2,7.2,0.2,2.7778,6.5704,216346020,1567873662.0,47900074222.2,24366090097.2
2015-06-05,'600317,营口港,7.2,7.35,7.08,7.13,7.11,0.09,1.2658,5.0993,167904767,1210436029.0,46605477621.6,23707547121.6
2015-06-04,'600317,营口港,7.11,7.22,6.55,7.22,7.23,-0.12,-1.6598,4.2107,138647639,968342172.0,46022909151.3,23411202782.6
2015-06-03,'600317,营口港,7.23,7.49,7.05,7.47,7.46,-0.23,-3.0831,5.4115,178186646,1284311110.0,46799667111.7,23806328567.9
2015-06-02,'600317,营口港,7.46,7.68,7.2,7.3,7.1,0.36,5.0704,10.7974,355527437,2649743555.0,48288453202.4,24563652989.9
2015-06-01,'600317,营口港,7.1,7.1,6.43,6.49,6.45,0.65,10.0775,6.3112,207811305,1417690097.0,45958179321.3,23378275633.8
2015-05-29,'600317,营口港,6.45,6.51,5.88,6.35,6.39,0.06,0.939,4.3905,144567543,911977938.0,41750740369.3,21238010963.1
2015-05-28,'600317,营口港,6.39,7.09,6.36,7.06,7.05,-0.66,-9.3617,6.651,218997015,1489538897.0,41362361389.2,21040448070.4
2015-05-27,'600317,营口港,7.05,7.27,6.84,6.86,6.86,0.19,2.7697,7.4324,244728600,1731842929.0,45634530171.2,23213639889.9
2015-05-26,'600317,营口港,6.86,6.97,6.58,6.9,6.85,0.01,0.146,7.2883,239982648,1633704261.0,44404663400.6,22588024063.1
2015-05-25,'600317,营口港,6.85,7.0,6.47,6.47,6.47,0.38,5.8733,7.5484,248547234,1685852588.0,44339933570.6,22555096914.3
2015-05-22,'600317,营口港,6.47,6.49,6.31,6.47,6.47,0.0,0.0,4.9356,162515900,1041039135.0,41880200029.4,21303865260.7
2015-05-21,'600317,营口港,6.47,6.5,6.03,6.07,6.08,0.39,6.4145,5.4603,179791728,1136527361.0,41880200029.4,21303865260.7
2015-05-20,'600317,营口港,6.08,6.2,6.01,6.13,6.1,-0.02,-0.3279,3.7656,123990567,758427673.0,39355736658.2,20019706458.2
2015-05-19,'600317,营口港,6.1,6.15,5.86,5.94,5.83,0.27,4.6312,2.9909,98480486,595575241.0,39485196318.3,20085560755.8
2015-05-18,'600317,营口港,5.83,5.97,5.74,5.8,5.82,0.01,0.1718,1.5623,51443528,301725694.0,37737490907.5,19196527738.7
