2016-02-05,'600363,联创光电,13.95,14.46,13.91,14.3,14.34,-0.39,-2.7197,2.7266,12091644,170827379.0,6186500662.5,6186500662.5
2016-02-04,'600363,联创光电,14.34,14.89,14.11,14.45,13.84,0.5,3.6127,4.1879,18572580,266587340.0,6359456595.0,6359456595.0
2016-02-03,'600363,联创光电,13.84,13.89,13.37,13.6,13.85,-0.01,-0.0722,3.2218,14288038,193939896.0,6137718220.0,6137718220.0
2016-02-02,'600363,联创光电,13.85,13.88,13.18,13.26,13.19,0.66,5.0038,3.4962,15504875,212086766.0,6142152987.5,6142152987.5
2016-02-01,'600363,联创光电,13.19,13.5,12.88,13.28,13.31,-0.12,-0.9016,2.5011,11091895,146353842.0,5849458332.5,5849458332.5
2016-01-29,'600363,联创光电,13.31,13.54,12.56,12.56,12.6,0.71,5.6349,3.2676,14491243,189846997.0,5902675542.5,5902675542.5
2016-01-28,'600363,联创光电,12.6,13.33,12.52,13.15,13.4,-0.8,-5.9701,2.6127,11586793,149835396.0,5587807050.0,5587807050.0
2016-01-27,'600363,联创光电,13.4,13.59,12.08,13.2,12.93,0.47,3.635,3.659,16226636,208191043.0,5942588450.0,5942588450.0
2016-01-26,'600363,联创光电,12.93,13.99,12.88,13.89,14.11,-1.18,-8.3629,3.2138,14252350,191736760.0,5734154377.5,5734154377.5
2016-01-25,'600363,联创光电,14.11,14.27,13.83,13.99,13.67,0.44,3.2187,3.1581,14005509,197312390.0,6257456942.5,6257456942.5
2016-01-22,'600363,联创光电,13.67,13.76,13.08,13.57,13.22,0.45,3.4039,3.4548,15321321,206706760.0,6062327172.5,6062327172.5
2016-01-21,'600363,联创光电,13.22,14.59,13.06,14.19,14.51,-1.29,-8.8904,4.8284,21412944,299419032.0,5862762635.0,5862762635.0
2016-01-20,'600363,联创光电,14.51,14.98,14.1,14.21,14.38,0.13,0.904,4.625,20510980,299512968.0,6434847642.5,6434847642.5
2016-01-19,'600363,联创光电,14.38,14.47,13.41,13.58,13.59,0.79,5.8131,3.9568,17547441,245790687.0,6377195665.0,6377195665.0
2016-01-18,'600363,联创光电,13.59,13.94,12.61,12.81,13.28,0.31,2.3343,3.7186,16491319,222858630.0,6026849032.5,6026849032.5
2016-01-15,'600363,联创光电,13.28,14.21,12.98,14.01,14.21,-0.93,-6.5447,3.5138,15583012,212508346.0,5889371240.0,5889371240.0
2016-01-14,'600363,联创光电,14.21,14.6,12.44,12.5,13.27,0.94,7.0836,4.1029,18195266,243046400.0,6301804617.5,6301804617.5
2016-01-13,'600363,联创光电,13.27,15.12,13.27,14.9,14.74,-1.47,-9.9729,3.3339,14785163,211135429.0,5884936472.5,5884936472.5
2016-01-12,'600363,联创光电,14.74,15.5,14.3,15.33,15.27,-0.53,-3.4709,3.6561,16213777,240418278.0,6536847295.0,6536847295.0
2016-01-11,'600363,联创光电,15.27,16.7,15.27,16.7,16.97,-1.7,-10.0177,4.9532,21966391,344846792.0,6771889972.5,6771889972.5
2016-01-08,'600363,联创光电,16.97,18.16,16.01,17.84,17.32,-0.35,-2.0208,3.6937,16380543,283884129.0,7525800447.5,7525800447.5
2016-01-07,'600363,联创光电,17.32,18.96,17.31,18.8,19.23,-1.91,-9.9324,0.9543,4232111,75676706.0,7681017310.0,7681017310.0
2016-01-06,'600363,联创光电,19.23,19.3,18.35,18.8,18.37,0.86,4.6815,3.6284,16091022,302647738.0,8528057902.5,8528057902.5
2016-01-05,'600363,联创光电,18.37,19.0,17.15,17.3,18.51,-0.14,-0.7563,4.4422,19699975,359317364.0,8146667897.5,8146667897.5
2016-01-04,'600363,联创光电,18.51,20.85,18.48,20.43,20.45,-1.94,-9.4866,3.3394,14809382,290937082.0,8208754642.5,8208754642.5
2015-12-31,'600363,联创光电,20.45,21.09,20.15,20.8,20.63,-0.18,-0.8725,4.7427,21032638,434253714.0,9069099537.5,9069099537.5
2015-12-30,'600363,联创光电,20.63,20.75,20.05,20.2,20.09,0.54,2.6879,5.2811,23420497,479265341.0,9148925352.5,9148925352.5
2015-12-29,'600363,联创光电,20.09,20.19,19.71,19.89,19.73,0.36,1.8246,3.525,15632720,311892020.0,8909447907.5,8909447907.5
2015-12-28,'600363,联创光电,19.73,20.76,19.66,20.48,20.32,-0.59,-2.9035,5.3228,23605356,479762832.0,8749796277.5,8749796277.5
2015-12-25,'600363,联创光电,20.32,20.79,20.17,20.3,20.28,0.04,0.1972,3.5061,15548642,318522149.0,9011447560.0,9011447560.0
2015-12-24,'600363,联创光电,20.28,20.45,19.8,20.25,20.5,-0.22,-1.0732,4.5173,20033315,403562147.0,8993708490.0,8993708490.0
2015-12-23,'600363,联创光电,20.5,20.83,19.92,20.68,20.62,-0.12,-0.582,7.39,32772865,668496921.0,9091273375.0,9091273375.0
2015-12-22,'600363,联创光电,20.62,22.3,20.52,22.14,22.68,-2.06,-9.0829,16.0666,71251539,1505758084.0,9144490585.0,9144490585.0
2015-12-21,'600363,联创光电,22.68,23.28,21.15,21.4,21.16,1.52,7.1834,13.3114,59032814,1340171470.0,10058052690.0,10058052690.0
2015-12-18,'600363,联创光电,21.16,21.45,20.68,21.27,21.27,-0.11,-0.5172,4.4362,19673574,413879494.0,9383968030.0,9383968030.0
2015-12-17,'600363,联创光电,21.27,21.59,20.13,20.28,20.12,1.15,5.7157,8.0463,35683386,742276631.0,9432750472.5,9432750472.5
2015-12-16,'600363,联创光电,20.12,20.41,19.52,19.52,19.55,0.57,2.9156,3.9649,17583371,353220695.0,8922752210.0,8922752210.0
2015-12-15,'600363,联创光电,19.55,20.04,19.3,19.5,19.38,0.17,0.8772,2.7677,12273995,241675801.0,8669970462.5,8669970462.5
2015-12-14,'600363,联创光电,19.38,19.47,18.76,18.76,18.72,0.66,3.5256,2.1611,9584054,184433735.0,8594579415.0,8594579415.0
2015-12-11,'600363,联创光电,18.72,19.3,18.7,18.95,19.04,-0.32,-1.6807,1.8878,8371805,158741489.0,8301884760.0,8301884760.0
2015-12-10,'600363,联创光电,19.04,19.79,18.98,19.15,19.49,-0.45,-2.3089,2.7262,12089848,232588412.0,8443797320.0,8443797320.0
2015-12-09,'600363,联创光电,19.49,20.68,19.45,20.23,20.19,-0.7,-3.4671,3.4676,15377838,307483933.0,8643361857.5,8643361857.5
2015-12-08,'600363,联创光电,20.19,20.59,19.75,20.04,20.07,0.12,0.5979,4.3139,19131055,387856834.0,8953795582.5,8953795582.5
2015-12-07,'600363,联创光电,20.07,20.43,19.68,19.8,19.95,0.12,0.6015,3.0752,13637874,273470314.0,8900578372.5,8900578372.5
2015-12-04,'600363,联创光电,19.95,20.46,19.7,19.7,19.97,-0.02,-0.1002,4.6939,20816148,418280163.0,8847361162.5,8847361162.5
2015-12-03,'600363,联创光电,19.97,20.13,18.74,18.78,18.53,1.44,7.7712,4.9177,21808732,426387958.0,8856230697.5,8856230697.5
2015-12-02,'600363,联创光电,18.53,19.06,17.6,18.7,18.74,-0.21,-1.1206,2.3112,10249416,189523552.0,8217624177.5,8217624177.5
2015-12-01,'600363,联创光电,18.74,19.48,18.25,18.59,18.73,0.01,0.0534,3.1971,14178518,268613596.0,8310754295.0,8310754295.0
2015-11-30,'600363,联创光电,18.73,19.03,17.75,18.07,18.07,0.66,3.6525,5.1579,22874084,423139174.0,8306319527.5,8306319527.5
2015-11-27,'600363,联创光电,18.07,20.13,17.94,19.94,19.93,-1.86,-9.3327,5.3149,22471790,429850782.0,8013624872.5,7640117972.5
2015-11-26,'600363,联创光电,19.93,21.0,19.8,20.79,20.52,-0.59,-2.8752,4.1418,17511987,353553628.0,8838491627.5,8426538527.5
2015-11-25,'600363,联创光电,20.52,21.2,20.21,20.36,20.3,0.22,1.0837,5.4205,22918129,472055842.0,9100142910.0,8675994510.0
2015-11-24,'600363,联创光电,20.3,20.55,19.7,20.34,20.28,0.02,0.0986,3.6411,15394628,308994376.0,9002578025.0,8582977025.0
2015-11-23,'600363,联创光电,20.28,20.93,20.02,20.35,20.79,-0.51,-2.4531,6.0036,25383686,519055405.0,8993708490.0,8574520890.0
2015-11-20,'600363,联创光电,20.79,22.15,20.35,22.06,20.97,-0.18,-0.8584,10.9293,46209966,982471223.0,9219881632.5,8790152332.5
2015-11-19,'600363,联创光电,20.97,20.97,19.1,19.1,19.06,1.91,10.021,8.2528,34893414,705163504.0,9299707447.5,8866257547.5
2015-11-18,'600363,联创光电,19.06,20.17,18.98,19.54,19.68,-0.62,-3.1504,4.3124,18233324,357612415.0,8452666855.0,8058696655.0
2015-11-17,'600363,联创光电,19.68,21.1,19.5,20.21,20.39,-0.71,-3.4821,8.7412,36958290,744375934.0,8727622440.0,8320836840.0
2015-11-16,'600363,联创光电,20.39,20.5,18.3,18.51,18.84,1.55,8.2272,7.957,33642799,665525429.0,9042490932.5,8621029632.5
2015-11-13,'600363,联创光电,18.84,19.44,17.21,18.0,18.16,0.68,3.7445,10.062,42542928,785765875.0,8355101970.0,7965679170.0
2015-11-12,'600363,联创光电,18.16,18.42,17.45,18.3,18.21,-0.05,-0.2746,5.2356,22136371,396532336.0,8053537780.0,7678170580.0
2015-11-11,'600363,联创光电,18.21,18.46,17.69,18.18,18.25,-0.04,-0.2192,5.5338,23397110,422717999.0,8075711617.5,7699310917.5
2015-11-10,'600363,联创光电,18.25,19.48,17.9,18.45,18.47,-0.22,-1.1911,8.0217,33916279,623572196.0,8093450687.5,7716223187.5
2015-11-09,'600363,联创光电,18.47,18.61,17.82,18.23,18.61,-0.14,-0.7523,5.489,23207791,423893874.0,8191015572.5,7809240672.5
2015-11-06,'600363,联创光电,18.61,18.76,17.21,17.33,17.32,1.29,7.448,7.6843,32489789,593316255.0,8253102317.5,7868433617.5
2015-11-05,'600363,联创光电,17.32,17.39,16.69,16.99,17.06,0.26,1.524,7.3545,31095267,530951736.0,7681017310.0,7323012910.0
2015-11-04,'600363,联创光电,17.06,17.1,16.17,16.4,16.19,0.87,5.3737,7.396,31270841,521518896.0,7565713355.0,7213083155.0
2015-11-03,'600363,联创光电,16.19,16.6,15.94,16.39,16.39,-0.2,-1.2203,4.4917,18991236,308842330.0,7179888582.5,6845241282.5
2015-11-02,'600363,联创光电,16.39,16.95,15.47,15.78,16.16,0.23,1.4233,6.6009,27908859,458321387.0,7268583932.5,6929802632.5
2015-10-30,'600363,联创光电,16.16,16.73,15.05,15.28,15.36,0.8,5.2083,8.0085,33860474,543125544.0,7166584280.0,6832557080.0
2015-10-29,'600363,联创光电,15.36,15.78,15.1,15.1,15.02,0.34,2.2636,4.8276,20411551,315834247.0,6811802880.0,6494311680.0
2015-10-28,'600363,联创光电,15.02,15.69,14.92,15.5,15.66,-0.64,-4.0868,3.4473,14575230,223417498.0,6661020785.0,6350557385.0
2015-10-27,'600363,联创光电,15.66,16.07,14.39,15.02,15.36,0.3,1.9531,5.2813,22329529,337068633.0,6944845905.0,6621153705.0
2015-10-26,'600363,联创光电,15.36,15.86,15.0,15.7,15.49,-0.13,-0.8393,4.0732,17221675,264904477.0,6811802880.0,6494311680.0
2015-10-23,'600363,联创光电,15.49,15.65,15.15,15.29,15.16,0.33,2.1768,3.7907,16027299,246189539.0,6869454857.5,6549276557.5
2015-10-22,'600363,联创光电,15.16,15.2,14.43,14.43,14.55,0.61,4.1924,4.0581,17157894,254688167.0,6723107530.0,6409750330.0
2015-10-21,'600363,联创光电,14.55,15.96,14.22,15.88,15.8,-1.25,-7.9114,6.4392,27225186,407782245.0,6452586712.5,6151838212.5
2015-10-20,'600363,联创光电,15.8,15.89,15.52,15.6,15.74,0.06,0.3812,4.3607,18437428,289838871.0,7006932650.0,6680346650.0
2015-10-19,'600363,联创光电,15.74,16.01,15.3,15.5,15.36,0.38,2.474,5.96,25199360,394360555.0,6980324045.0,6654978245.0
2015-10-16,'600363,联创光电,15.36,15.55,14.86,15.22,15.21,0.15,0.9862,5.7734,24410179,371168339.0,6811802880.0,6494311680.0
2015-10-15,'600363,联创光电,15.21,15.27,14.22,14.35,14.42,0.79,5.4785,6.1796,26127887,388160352.0,6745281367.5,6430890667.5
2015-10-14,'600363,联创光电,14.42,15.58,14.35,14.45,14.45,-0.03,-0.2076,8.8014,37213068,550766216.0,6394934735.0,6096873335.0
2015-10-13,'600363,联创光电,14.45,14.67,13.91,14.0,14.1,0.35,2.4823,5.5263,23365780,335824823.0,6408239037.5,6109557537.5
2015-10-12,'600363,联创光电,14.1,14.35,13.56,13.62,13.56,0.54,3.9823,7.2695,30735961,431912848.0,6253022175.0,5961575175.0
2015-10-09,'600363,联创光电,13.56,13.76,13.17,13.33,13.54,0.02,0.1477,6.6626,28170039,378935883.0,6013544730.0,5733259530.0
2015-10-08,'600363,联创光电,13.54,13.54,12.71,12.9,12.31,1.23,9.9919,8.2538,34897525,463341003.0,6004675195.0,5724803395.0
2015-09-30,'600363,联创光电,12.31,12.44,12.08,12.22,12.14,0.17,1.4003,2.6122,11044501,135596297.0,5459198792.5,5204751092.5
2015-09-29,'600363,联创光电,12.14,12.33,11.87,12.22,12.4,-0.26,-2.0968,2.673,11301494,136912576.0,5383807745.0,5132873945.0
2015-09-28,'600363,联创光电,12.4,12.43,12.01,12.01,12.07,0.33,2.7341,2.5383,10732200,131558165.0,5499111700.0,5242803700.0
2015-09-25,'600363,联创光电,12.07,12.58,11.96,12.5,12.66,-0.59,-4.6603,3.9753,16807802,206132347.0,5352764372.5,5103277472.5
2015-09-24,'600363,联创光电,12.66,12.76,12.26,12.3,12.13,0.53,4.3693,6.1655,26068040,327113091.0,5614415655.0,5352733455.0
2015-09-23,'600363,联创光电,12.13,12.42,11.99,12.1,12.39,-0.26,-2.0985,4.5249,19131658,233274833.0,5379372977.5,5128645877.5
2015-09-22,'600363,联创光电,12.39,12.86,12.13,12.45,12.5,-0.11,-0.88,6.7923,28718153,358624470.0,5494676932.5,5238575632.5
2015-09-21,'600363,联创光电,12.5,12.54,11.6,11.6,11.84,0.66,5.5743,5.919,25025830,304135090.0,5543459375.0,5285084375.0
2015-09-18,'600363,联创光电,11.84,11.98,11.48,11.75,11.44,0.4,3.4965,4.0431,17094292,200689959.0,5250764720.0,5006031920.0
2015-09-17,'600363,联创光电,11.44,12.35,11.22,11.4,11.45,-0.01,-0.0873,7.9533,33626943,399464691.0,5073374020.0,4836909220.0
2015-09-16,'600363,联创光电,11.45,11.45,10.41,10.61,10.41,1.04,9.9904,5.158,21808571,237878391.0,5077808787.5,4841137287.5
2015-09-15,'600363,联创光电,10.41,11.19,10.4,10.99,11.56,-1.15,-9.9481,5.2692,22278641,239471182.0,4616592967.5,4401418267.5
2015-09-14,'600363,联创光电,11.56,13.0,11.56,13.0,12.84,-1.28,-9.9688,5.0946,21540333,261963018.0,5126591230.0,4887646030.0
2015-09-11,'600363,联创光电,12.84,13.18,12.53,12.53,12.61,0.23,1.8239,5.7415,24275414,311748937.0,5694241470.0,5428838670.0
2015-09-10,'600363,联创光电,12.61,13.07,12.3,12.39,12.75,-0.14,-1.098,6.8285,28871506,368485103.0,5592241817.5,5331593117.5
2015-09-09,'600363,联创光电,12.75,13.2,12.38,12.53,12.4,0.35,2.8226,7.7441,32742733,416366123.0,5654328562.5,5390786062.5
2015-09-08,'600363,联创光电,12.4,12.5,11.21,11.4,11.5,0.9,7.8261,4.958,20962762,247814941.0,5499111700.0,5242803700.0
2015-09-07,'600363,联创光电,11.5,11.9,11.36,11.53,11.01,0.49,4.4505,5.0517,21358989,248770282.0,5099982625.0,4862277625.0
2015-09-02,'600363,联创光电,11.01,12.35,10.8,10.82,11.78,-0.77,-6.5365,5.132,21698411,249732325.0,4882679017.5,4655102317.5
2015-09-01,'600363,联创光电,11.78,13.0,11.72,13.0,13.02,-1.24,-9.5238,6.4753,27378182,329421690.0,5224156115.0,4980663515.0
2015-08-31,'600363,联创光电,13.02,13.98,12.88,13.98,14.14,-1.12,-7.9208,7.4079,31321069,422435681.0,5774067285.0,5504943885.0
2015-08-28,'600363,联创光电,14.14,14.14,12.88,13.05,12.85,1.29,10.0389,8.7641,37055037,500063668.0,6270761245.0,5978487445.0
2015-08-27,'600363,联创光电,12.85,12.85,11.78,12.2,11.68,1.17,10.0171,8.1392,34413236,424299743.0,5698676237.5,5433066737.5
2015-08-26,'600363,联创光电,11.68,12.48,11.1,11.6,11.38,0.3,2.6362,8.6529,36584890,433661092.0,5179808440.0,4938382840.0
2015-08-25,'600363,联创光电,11.38,12.35,11.38,11.6,12.64,-1.26,-9.9684,8.1643,34519190,403239815.0,5046765415.0,4811540815.0
2015-08-24,'600363,联创光电,12.64,13.45,12.64,13.4,14.04,-1.4,-9.9715,3.8005,16068609,206104280.0,5605546120.0,5344277320.0
2015-08-21,'600363,联创光电,14.04,15.27,13.88,14.65,15.01,-0.97,-6.4624,5.8297,24648246,358466589.0,6226413570.0,5936206770.0
2015-08-20,'600363,联创光电,15.01,16.24,15.0,15.8,16.25,-1.24,-7.6308,5.1169,21634522,338782943.0,6656586017.5,6346329317.5
2015-08-19,'600363,联创光电,16.25,16.46,14.41,15.21,16.01,0.24,1.4991,7.8448,33168385,510458987.0,7206497187.5,6870609687.5
2015-08-18,'600363,联创光电,16.01,17.98,16.01,17.83,17.79,-1.78,-10.0056,9.3699,39616763,668413581.0,7100062767.5,6769136067.5
2015-08-17,'600363,联创光电,17.79,17.99,16.85,17.04,17.16,0.63,3.6713,8.9138,37687993,661293871.0,7889451382.5,7521732082.5
2015-08-14,'600363,联创光电,17.16,17.82,17.04,17.63,17.51,-0.35,-1.9989,7.9531,33626277,583797655.0,7610061030.0,7255363830.0
2015-08-13,'600363,联创光电,17.51,17.6,16.5,16.78,16.67,0.84,5.039,8.2723,34975931,595287489.0,7765277892.5,7403346192.5
2015-08-12,'600363,联创光电,16.67,17.32,16.46,16.5,17.17,-0.5,-2.9121,7.4967,31696736,538911681.0,7392757422.5,7048188522.5
2015-08-11,'600363,联创光电,17.17,17.7,16.8,17.3,17.28,-0.11,-0.6366,11.3796,48113824,831182502.0,7614495797.5,7259591897.5
2015-08-10,'600363,联创光电,17.28,17.57,16.4,16.53,16.17,1.11,6.8646,10.1134,42760309,725970278.0,7663278240.0,7306100640.0
2015-08-07,'600363,联创光电,16.17,16.28,15.51,15.59,15.25,0.92,6.0328,8.4661,35795034,569817777.0,7171019047.5,6836785147.5
2015-08-06,'600363,联创光电,15.25,15.8,14.88,15.04,15.73,-0.48,-3.0515,5.8295,24647335,378646601.0,6763020437.5,6447802937.5
2015-08-05,'600363,联创光电,15.73,16.63,15.37,16.29,15.91,-0.18,-1.1314,12.0974,51148646,822312164.0,6975889277.5,6650750177.5
2015-08-04,'600363,联创光电,15.91,15.91,14.21,14.21,14.46,1.45,10.0277,9.1664,38756313,594480468.0,7055715092.5,6726855392.5
2015-08-03,'600363,联创光电,14.46,15.6,14.46,15.6,16.07,-1.61,-10.0187,7.5755,32029903,476045236.0,6412673805.0,6113785605.0
2015-07-31,'600363,联创光电,16.07,17.56,16.03,17.07,17.81,-1.74,-9.7698,11.3079,47810498,802372509.0,7126671372.5,6794504472.5
2015-07-30,'600363,联创光电,17.81,19.51,17.51,18.0,18.19,-0.38,-2.0891,18.7213,79154808,1469377432.0,7898320917.5,7530188217.5
2015-07-29,'600363,联创光电,18.19,18.19,15.28,16.67,16.54,1.65,9.9758,16.7356,70759215,1180596931.0,8066842082.5,7690854782.5
2015-07-28,'600363,联创光电,16.54,17.5,14.78,15.37,16.41,0.13,0.7922,14.5533,61532387,984464942.0,7335105445.0,6993223645.0
2015-07-27,'600363,联创光电,16.41,18.74,16.4,17.85,18.22,-1.81,-9.9341,18.0893,76482683,1367402603.0,7277453467.5,6938258767.5
2015-07-24,'600363,联创光电,18.22,19.17,16.8,17.1,17.55,0.67,3.8177,22.1551,93673303,1686107747.0,8080146385.0,7703538985.0
2015-07-23,'600363,联创光电,17.55,17.55,15.93,16.59,15.95,1.6,10.0313,26.9146,113796814,1897014941.0,7783016962.5,7420258462.5
2015-07-22,'600363,联创光电,15.95,15.95,15.37,15.49,14.5,1.45,10.0,16.0971,68059527,1075943051.0,7073454162.5,6743767662.5
2015-07-21,'600363,联创光电,14.5,14.5,14.2,14.5,13.18,1.32,10.0152,12.2984,51998406,752921517.0,6430412875.0,6130697875.0
2015-07-20,'600363,联创光电,13.18,13.18,13.18,13.18,11.98,1.2,10.0167,0.2249,950865,12532401.0,5845023565.0,5572592965.0
2015-07-17,'600363,联创光电,11.98,11.98,11.98,11.98,10.89,1.09,10.0092,0.5365,2268181,27172808.0,5312851465.0,5065224865.0
2015-07-16,'600363,联创光电,10.89,10.89,10.89,10.89,9.9,0.99,10.0,0.1793,758198,8256776.0,4829461807.5,4604365507.5
2015-07-15,'600363,联创光电,0.0,0.0,0.0,0.0,9.9,None,None,0.0,0,0.0,4390419825.0,4185786825.0
2015-07-14,'600363,联创光电,0.0,0.0,0.0,0.0,9.9,None,None,0.0,0,0.0,4390419825.0,4185786825.0
2015-07-13,'600363,联创光电,0.0,0.0,0.0,0.0,9.9,None,None,0.0,0,0.0,4390419825.0,4185786825.0
2015-07-10,'600363,联创光电,0.0,0.0,0.0,0.0,9.9,None,None,0.0,0,0.0,4390419825.0,4185786825.0
2015-07-09,'600363,联创光电,0.0,0.0,0.0,0.0,9.9,None,None,0.0,0,0.0,4390419825.0,4185786825.0
2015-07-08,'600363,联创光电,9.9,10.61,9.9,9.9,11.0,-1.1,-10.0,7.0123,29648659,295263788.0,4390419825.0,4185786825.0
2015-07-07,'600363,联创光电,11.0,11.73,11.0,11.59,12.22,-1.22,-9.9836,3.7949,16045241,180617398.0,4878244250.0,4650874250.0
2015-07-06,'600363,联创光电,12.22,14.5,11.86,14.5,13.18,-0.96,-7.2838,9.7926,41403655,539667029.0,5419285885.0,5166698485.0
2015-07-03,'600363,联创光电,13.18,14.87,12.68,12.89,14.09,-0.91,-6.4585,9.0664,38333322,513634862.0,5845023565.0,5572592965.0
2015-07-02,'600363,联创光电,14.09,15.95,14.09,15.7,15.65,-1.56,-9.9681,6.7461,28522802,420513408.0,6248587407.5,5957347107.5
2015-07-01,'600363,联创光电,15.65,18.1,15.65,17.32,17.39,-1.74,-10.0058,7.0247,29701019,507037102.0,6940411137.5,6616925637.5
2015-06-30,'600363,XD联创光,17.39,17.66,15.12,16.5,16.8,0.59,3.5119,8.0305,33953459,547749435.0,7712060682.5,7352609382.5
2015-06-29,'600363,联创光电,16.84,19.2,16.84,19.2,18.71,-1.87,-9.9947,6.0499,25579189,441761383.0,7468148470.0,7120065670.0
2015-06-26,'600363,联创光电,18.71,19.95,18.71,19.95,20.79,-2.08,-10.0048,5.2819,22332268,423928769.0,8297449992.5,7910714292.5
2015-06-25,'600363,联创光电,20.79,22.7,20.51,22.39,22.39,-1.6,-7.146,5.0988,21558276,466121778.0,9219881632.5,8790152332.5
2015-06-24,'600363,联创光电,22.39,22.88,21.8,22.11,21.89,0.5,2.2841,4.0619,17173925,383418817.0,9929444432.5,9466643132.5
2015-06-23,'600363,联创光电,21.89,22.37,19.88,21.78,21.8,0.09,0.4128,4.9026,20728528,444668824.0,9707706057.5,9255239757.5
2015-06-19,'600363,联创光电,21.8,23.88,21.8,23.77,24.22,-2.42,-9.9917,5.5711,23555005,528548661.0,9667793150.0,9217187150.0
2015-06-18,'600363,联创光电,24.22,25.88,23.58,24.9,25.42,-1.2,-4.7207,4.8597,20547200,512543925.0,10741006885.0,10240379485.0
2015-06-17,'600363,联创光电,25.42,25.75,22.87,25.33,25.41,0.01,0.0394,8.4434,35699202,858500384.0,11273178985.0,10747747585.0
2015-06-16,'600363,联创光电,25.41,27.85,25.35,27.08,28.13,-2.72,-9.6694,5.8336,24664727,655154135.0,11268744217.5,10743519517.5
2015-06-15,'600363,联创光电,28.13,29.86,27.81,28.87,28.51,-0.38,-1.3329,7.8881,33351355,955642643.0,12475000977.5,11893553877.5
2015-06-12,'600363,联创光电,28.51,29.5,28.0,29.05,29.03,-0.52,-1.7913,7.3903,31246822,890113434.0,12643522142.5,12054220442.5
2015-06-11,'600363,联创光电,29.03,29.8,27.5,27.5,27.39,1.64,5.9876,10.3037,43564706,1251549398.0,12874130052.5,12274079952.5
2015-06-10,'600363,联创光电,27.39,27.7,25.29,25.6,25.4,1.99,7.8346,9.8494,41643974,1120860891.0,12146828182.5,11580676882.5
2015-06-09,'600363,联创光电,25.4,26.18,24.95,25.12,25.03,0.37,1.4782,4.3673,18465349,473773698.0,11264309450.0,10739291450.0
2015-06-08,'600363,联创光电,25.03,26.2,24.58,26.16,26.13,-1.1,-4.2097,5.7001,24100410,605172115.0,11100223052.5,10582852952.5
2015-06-05,'600363,联创光电,26.13,27.7,25.71,27.02,26.46,-0.33,-1.2472,5.6458,23870772,631347440.0,11588047477.5,11047940377.5
2015-06-04,'600363,联创光电,26.46,27.8,24.94,27.8,27.71,-1.25,-4.511,5.9436,25130085,661316839.0,11734394805.0,11187466605.0
2015-06-03,'600363,联创光电,27.71,28.65,26.36,28.6,28.7,-0.99,-3.4495,8.9597,37882138,1024979830.0,12288740742.5,11715975042.5
2015-06-02,'600363,联创光电,28.7,29.57,28.3,28.56,28.59,0.11,0.3847,6.0719,25672424,743277488.0,12727782725.0,12134553725.0
2015-06-01,'600363,联创光电,28.59,29.0,27.46,27.46,27.44,1.15,4.191,7.2125,30495107,869003723.0,12679000282.5,12088044982.5
2015-05-29,'600363,联创光电,27.44,27.56,25.06,26.31,26.5,0.94,3.5472,7.0606,29852733,797925160.0,12169002020.0,11601817220.0
2015-05-28,'600363,联创光电,26.5,29.8,25.8,28.35,27.99,-1.49,-5.3233,11.4264,48311770,1318021954.0,11752133875.0,11204378875.0
2015-05-27,'600363,联创光电,27.99,28.35,25.6,25.7,25.77,2.22,8.6147,8.6194,36443443,1002305571.0,12412914232.5,11834360932.5
2015-05-26,'600363,联创光电,25.77,25.8,24.12,25.03,24.75,1.02,4.1212,7.9232,33499864,838017108.0,11428395847.5,10895729947.5
2015-05-25,'600363,联创光电,24.75,25.21,22.92,23.58,23.57,1.18,5.0064,9.7466,41209363,994950999.0,10976049562.5,10464467062.5
2015-05-22,'600363,联创光电,23.57,23.57,21.72,21.72,21.43,2.14,9.986,9.9768,42182426,965628329.0,10452746997.5,9965555097.5
2015-05-21,'600363,联创光电,21.43,21.7,19.9,20.0,20.62,0.81,3.9282,7.6841,32489052,678226696.0,9503706752.5,9060748652.5
2015-05-20,'600363,联创光电,20.62,22.8,20.4,21.97,20.98,-0.36,-1.7159,10.703,45253181,978391639.0,9144490585.0,8718275185.0
2015-05-19,'600363,联创光电,20.98,20.98,19.9,19.98,19.07,1.91,10.0157,3.3704,14250472,295207898.0,9304142215.0,8870485615.0
2015-05-18,'600363,联创光电,19.07,19.57,18.69,19.56,19.06,0.01,0.0525,5.7306,24229464,463464882.0,8457101622.5,8062924722.5
2015-05-15,'600363,联创光电,19.06,19.6,17.61,17.61,17.87,1.19,6.6592,9.5036,40182026,749518763.0,8452666855.0,8058696655.0
2015-05-14,'600363,联创光电,17.87,18.11,17.62,17.7,17.79,0.08,0.4497,4.2369,17913753,320430801.0,7924929522.5,7555556622.5
2015-05-13,'600363,联创光电,17.79,18.29,17.4,17.73,17.75,0.04,0.2254,5.2138,22044255,394069633.0,7889451382.5,7521732082.5
2015-05-12,'600363,联创光电,17.75,17.79,17.22,17.65,17.64,0.11,0.6236,4.9156,20783549,364498740.0,7871712312.5,7504819812.5
2015-05-11,'600363,联创光电,17.64,17.7,16.83,17.08,16.83,0.81,4.8128,5.6156,23743052,411342505.0,7822929870.0,7458311070.0
2015-05-08,'600363,联创光电,16.83,16.84,16.17,16.17,15.95,0.88,5.5172,4.5476,19227358,318157983.0,7463713702.5,7115837602.5
2015-05-07,'600363,联创光电,15.95,16.22,15.82,16.02,16.01,-0.06,-0.3748,2.4827,10497001,167960322.0,7073454162.5,6743767662.5
2015-05-06,'600363,联创光电,16.01,16.73,15.81,16.37,16.35,-0.34,-2.0795,3.4004,14376986,235175934.0,7100062767.5,6769136067.5
2015-05-05,'600363,联创光电,16.35,17.05,16.18,16.94,16.89,-0.54,-3.1972,4.7962,20278811,339158025.0,7250844862.5,6912890362.5
2015-05-04,'600363,联创光电,16.89,17.29,16.73,17.02,16.98,-0.09,-0.53,3.8361,16219194,275701591.0,7490322307.5,7141206007.5
2015-04-30,'600363,联创光电,16.98,17.44,16.8,16.93,16.92,0.06,0.3546,4.1863,17699833,302797722.0,7530235215.0,7179258615.0
2015-04-29,'600363,联创光电,16.92,16.98,16.21,16.6,16.51,0.41,2.4833,6.4867,27426275,454721541.0,7503626610.0,7153890210.0
2015-04-28,'600363,联创光电,16.51,18.13,16.39,18.13,17.98,-1.47,-8.1758,11.2206,47441630,798447476.0,7321801142.5,6980539442.5
2015-04-27,'600363,联创光电,17.98,18.49,17.88,18.3,18.03,-0.05,-0.2773,4.701,19876259,360145167.0,7973711965.0,7602065365.0
2015-04-24,'600363,联创光电,18.03,18.49,17.97,18.18,18.56,-0.53,-2.8556,5.3929,22801399,413087804.0,7995885802.5,7623205702.5
2015-04-23,'600363,联创光电,18.56,19.31,18.3,19.3,19.31,-0.75,-3.884,8.6268,36474505,682045888.0,8230928480.0,7847293280.0
2015-04-22,'600363,联创光电,19.31,20.2,18.4,20.0,19.78,-0.47,-2.3761,11.5894,49000906,939862359.0,8563536042.5,8164398342.5
2015-04-21,'600363,联创光电,19.78,19.78,19.78,19.78,17.98,1.8,10.0111,2.5873,10939154,216376466.0,8771970115.0,8363117515.0
2015-04-20,'600363,联创光电,0.0,0.0,0.0,0.0,17.98,None,None,0.0,0,0.0,7973711965.0,7602065365.0
2015-04-17,'600363,联创光电,0.0,0.0,0.0,0.0,17.98,None,None,0.0,0,0.0,7973711965.0,7602065365.0
2015-04-16,'600363,联创光电,0.0,0.0,0.0,0.0,17.98,None,None,0.0,0,0.0,7973711965.0,7602065365.0
2015-04-15,'600363,联创光电,0.0,0.0,0.0,0.0,17.98,None,None,0.0,0,0.0,7973711965.0,7602065365.0
2015-04-14,'600363,联创光电,0.0,0.0,0.0,0.0,17.98,None,None,0.0,0,0.0,7973711965.0,7602065365.0
2015-04-13,'600363,联创光电,0.0,0.0,0.0,0.0,17.98,None,None,0.0,0,0.0,7973711965.0,7602065365.0
2015-04-10,'600363,联创光电,0.0,0.0,0.0,0.0,17.98,None,None,0.0,0,0.0,7973711965.0,7602065365.0
2015-04-09,'600363,联创光电,0.0,0.0,0.0,0.0,17.98,None,None,0.0,0,0.0,7973711965.0,7602065365.0
2015-04-08,'600363,联创光电,0.0,0.0,0.0,0.0,17.98,None,None,0.0,0,0.0,7973711965.0,7602065365.0
2015-04-07,'600363,联创光电,0.0,0.0,0.0,0.0,17.98,None,None,0.0,0,0.0,7973711965.0,7602065365.0
2015-04-03,'600363,联创光电,17.98,18.23,17.01,17.5,17.62,0.36,2.0431,6.3834,26989437,475299164.0,7973711965.0,7602065365.0
2015-04-02,'600363,联创光电,17.62,17.76,16.06,16.28,16.23,1.39,8.5644,5.7677,24386138,409615162.0,7814060335.0,7449854935.0
2015-04-01,'600363,联创光电,16.23,16.54,15.44,15.58,15.42,0.81,5.2529,5.9692,25238125,405970546.0,7197627652.5,6862153552.5
2015-03-31,'600363,联创光电,15.42,15.68,14.91,15.1,15.1,0.32,2.1192,4.838,20455543,313435926.0,6838411485.0,6519680085.0
2015-03-30,'600363,联创光电,15.1,15.35,14.98,15.13,15.13,-0.03,-0.1983,3.9804,16829492,254779205.0,6696498925.0,6384381925.0
2015-03-27,'600363,联创光电,15.13,15.2,14.83,14.83,14.82,0.31,2.0918,3.4124,14427687,217077857.0,6709803227.5,6397066127.5
2015-03-26,'600363,联创光电,14.82,15.2,14.15,14.32,14.48,0.34,2.3481,5.4543,23061066,339486788.0,6572325435.0,6265996035.0
2015-03-25,'600363,联创光电,14.48,14.65,14.14,14.36,14.48,0.0,0.0,3.6723,15526919,222438732.0,6421543340.0,6122241740.0
2015-03-24,'600363,联创光电,14.48,14.79,13.91,14.63,14.62,-0.14,-0.9576,5.1407,21735386,311892227.0,6421543340.0,6122241740.0
2015-03-23,'600363,联创光电,14.62,14.75,13.99,14.0,13.99,0.63,4.5032,5.9587,25193856,363154105.0,6483630085.0,6181434685.0
2015-03-20,'600363,联创光电,13.99,14.35,13.76,13.86,13.79,0.2,1.4503,4.757,20112774,282687639.0,6204239732.5,5915066432.5
2015-03-19,'600363,联创光电,13.79,13.8,13.5,13.58,13.69,0.1,0.7305,3.3217,14044399,191142018.0,6115544382.5,5830505082.5
2015-03-18,'600363,联创光电,13.69,13.73,13.35,13.52,13.48,0.21,1.5579,3.8231,16164193,219023469.0,6071196707.5,5788224407.5
2015-03-17,'600363,联创光电,13.48,13.87,13.23,13.6,13.58,-0.1,-0.7364,5.2006,21988396,296498308.0,5978066590.0,5699434990.0
2015-03-16,'600363,联创光电,13.58,13.77,13.03,13.16,12.96,0.62,4.784,4.3592,18430880,247667271.0,6022414265.0,5741715665.0
2015-03-13,'600363,联创光电,12.96,13.25,12.55,12.56,12.53,0.43,3.4318,2.802,11847072,153367980.0,5747458680.0,5479575480.0
2015-03-12,'600363,联创光电,12.53,13.0,12.51,12.9,12.9,-0.37,-2.8682,3.0808,13025822,164743793.0,5556763677.5,5297768577.5
2015-03-11,'600363,联创光电,12.9,13.26,12.7,12.73,12.75,0.15,1.1765,3.0677,12970331,168126801.0,5720850075.0,5454207075.0
2015-03-10,'600363,联创光电,12.75,12.96,12.47,12.52,12.49,0.26,2.0817,3.0759,13004974,166560388.0,5654328562.5,5390786062.5
2015-03-09,'600363,联创光电,12.49,12.68,12.23,12.38,12.4,0.09,0.7258,2.8357,11989582,150095893.0,5539024607.5,5280856307.5
2015-03-06,'600363,联创光电,12.4,12.83,12.27,12.65,12.64,-0.24,-1.8987,4.9198,20801422,258735294.0,5499111700.0,5242803700.0
2015-03-05,'600363,联创光电,12.64,12.98,12.3,12.47,12.54,0.1,0.7974,6.0113,25415975,323354564.0,5605546120.0,5344277320.0
2015-03-04,'600363,联创光电,12.54,12.56,11.72,11.84,11.83,0.71,6.0017,5.9746,25260972,306725329.0,5561198445.0,5301996645.0
2015-03-03,'600363,联创光电,11.83,12.15,11.81,11.88,11.99,-0.16,-1.3344,5.4143,22892233,274282756.0,5246329952.5,5001803852.5
2015-03-02,'600363,联创光电,11.99,12.0,11.32,11.4,11.3,0.69,6.1062,7.4978,31701362,371359135.0,5317286232.5,5069452932.5
2015-02-27,'600363,联创光电,11.3,11.41,11.22,11.28,11.3,0.0,0.0,3.4062,14401828,163338258.0,5011287275.0,4777716275.0
2015-02-26,'600363,联创光电,11.3,11.39,11.1,11.15,11.17,0.13,1.1638,3.6583,15467342,174009650.0,5011287275.0,4777716275.0
2015-02-25,'600363,联创光电,11.17,11.34,11.03,11.2,11.16,0.01,0.0896,3.4366,14530167,162544606.0,4953635297.5,4722751397.5
2015-02-17,'600363,联创光电,11.16,11.22,11.03,11.2,11.14,0.02,0.1795,2.7013,11421093,127157109.0,4949200530.0,4718523330.0
2015-02-16,'600363,联创光电,11.14,11.28,10.79,10.81,10.77,0.37,3.4355,5.2251,22091997,243944693.0,4940330995.0,4710067195.0
2015-02-13,'600363,联创光电,10.77,10.83,10.59,10.59,10.54,0.23,2.1822,3.7064,15671052,168628481.0,4776244597.5,4553628697.5
2015-02-12,'600363,联创光电,10.54,10.64,10.42,10.47,10.46,0.08,0.7648,2.3696,10018636,105506056.0,4674244945.0,4456383145.0
2015-02-11,'600363,联创光电,10.46,10.51,10.2,10.25,10.16,0.3,2.9528,2.4089,10185127,106018042.0,4638766805.0,4422558605.0
2015-02-10,'600363,联创光电,10.16,10.16,10.01,10.01,10.01,0.15,1.4985,1.3605,5752364,58131948.0,4505723780.0,4295716580.0
2015-02-09,'600363,联创光电,10.01,10.17,9.93,10.01,10.04,-0.03,-0.2988,1.4382,6081012,61123829.0,4439202267.5,4232295567.5
2015-02-06,'600363,联创光电,10.04,10.49,10.0,10.42,10.46,-0.42,-4.0153,3.2202,13615042,139376472.0,4452506570.0,4244979770.0
2015-02-05,'600363,联创光电,10.46,10.68,10.41,10.59,10.45,0.01,0.0957,2.841,12011995,126723966.0,4638766805.0,4422558605.0
2016-02-15,'600363,联创光电,13.95,14.05,13.13,13.38,13.95,0.0,0.0,2.2812,10116494,137612600.0,6186500662.5,6186500662.5

