2016-05-13,'600449,宁夏建材,8.62,8.77,8.56,8.58,8.64,-0.02,-0.2315,0.7206,3445719,29854481.0,4121920582.04,4121920582.04
2016-05-12,'600449,宁夏建材,8.64,8.67,8.35,8.62,8.74,-0.1,-1.1442,1.0495,5018348,42879311.0,4131484202.88,4131484202.88
2016-05-11,'600449,宁夏建材,8.74,8.88,8.69,8.88,8.81,-0.07,-0.7946,1.0156,4856407,42633633.0,4179302307.08,4179302307.08
2016-05-10,'600449,宁夏建材,8.81,8.88,8.71,8.74,8.79,0.02,0.2275,0.8985,4296239,37778500.0,4212774980.02,4212774980.02
2016-05-09,'600449,宁夏建材,8.79,9.19,8.69,9.08,9.19,-0.4,-4.3526,1.805,8631204,76594480.0,4203211359.18,4203211359.18
2016-05-06,'600449,宁夏建材,9.19,9.77,9.18,9.76,9.72,-0.53,-5.4527,2.8949,13843073,130275774.0,4394483775.98,4394483775.98
2016-05-05,'600449,宁夏建材,9.72,9.74,9.47,9.5,9.5,0.22,2.3158,2.2203,10616827,102283727.0,4647919728.24,4647919728.24
2016-05-04,'600449,宁夏建材,9.5,9.67,9.45,9.48,9.53,-0.03,-0.3148,1.7906,8562319,81789867.0,4542719899.0,4542719899.0
2016-05-03,'600449,宁夏建材,9.53,9.54,9.25,9.3,9.31,0.22,2.3631,1.8802,8990591,84698744.0,4557065330.26,4557065330.26
2016-04-29,'600449,宁夏建材,9.31,9.35,9.22,9.22,9.34,-0.03,-0.3212,0.9856,4713028,43835477.0,4451865501.02,4451865501.02
2016-04-28,'600449,宁夏建材,9.34,9.53,9.16,9.51,9.55,-0.21,-2.199,1.9066,9117202,85060655.0,4466210932.28,4466210932.28
2016-04-27,'600449,宁夏建材,9.55,9.72,9.51,9.68,9.66,-0.11,-1.1387,1.4418,6894568,66314238.0,4566628951.1,4566628951.1
2016-04-26,'600449,宁夏建材,9.66,9.67,9.43,9.46,9.48,0.18,1.8987,1.1358,5431035,51875809.0,4619228865.72,4619228865.72
2016-04-25,'600449,宁夏建材,9.48,9.58,9.35,9.58,9.58,-0.1,-1.0438,1.0819,5173664,48870743.0,4533156278.16,4533156278.16
2016-04-22,'600449,宁夏建材,9.58,9.65,9.4,9.4,9.47,0.11,1.1616,1.2655,6051160,57648338.0,4580974382.36,4580974382.36
2016-04-21,'600449,宁夏建材,9.47,9.71,9.42,9.55,9.56,-0.09,-0.9414,1.9224,9192404,87986168.0,4528374467.74,4528374467.74
2016-04-20,'600449,宁夏建材,9.56,10.14,9.34,10.08,10.13,-0.57,-5.6269,2.757,13183450,128027579.0,4571410761.52,4571410761.52
2016-04-19,'600449,宁夏建材,10.13,10.18,9.86,10.18,10.08,0.05,0.496,2.3816,11388241,114166198.0,4843973955.46,4843973955.46
2016-04-18,'600449,宁夏建材,10.08,10.48,10.01,10.48,10.57,-0.49,-4.6358,3.0114,14399843,146195664.0,4820064903.36,4820064903.36
2016-04-15,'600449,宁夏建材,10.57,10.63,10.2,10.36,10.41,0.16,1.537,2.6162,12510198,130148473.0,5054373613.94,5054373613.94
2016-04-14,'600449,宁夏建材,10.41,10.44,10.23,10.4,10.24,0.17,1.6602,2.2869,10935626,113144834.0,4977864647.22,4977864647.22
2016-04-13,'600449,宁夏建材,10.24,10.37,10.08,10.08,10.02,0.22,2.1956,3.4832,16655778,171106966.0,4896573870.08,4896573870.08
2016-04-12,'600449,宁夏建材,10.02,10.09,9.78,9.86,9.88,0.14,1.417,2.3044,11019195,109630809.0,4791374040.84,4791374040.84
2016-04-11,'600449,宁夏建材,9.88,10.05,9.75,9.75,9.67,0.21,2.1717,2.4211,11577112,115090012.0,4724428694.96,4724428694.96
2016-04-08,'600449,宁夏建材,9.67,9.88,9.56,9.65,9.78,-0.11,-1.1247,1.893,9052148,87776657.0,4624010676.14,4624010676.14
2016-04-07,'600449,宁夏建材,9.78,10.06,9.71,9.86,9.88,-0.1,-1.0121,1.996,9544309,94315526.0,4676610590.76,4676610590.76
2016-04-06,'600449,宁夏建材,9.88,10.18,9.8,9.9,9.99,-0.11,-1.1011,3.2728,15649726,156271744.0,4724428694.96,4724428694.96
2016-04-05,'600449,宁夏建材,9.99,10.09,9.71,9.85,9.87,0.12,1.2158,4.2324,20238586,200302600.0,4777028609.58,4777028609.58
2016-04-01,'600449,宁夏建材,9.87,9.9,9.45,9.57,9.59,0.28,2.9197,4.0718,19470713,188681296.0,4719646884.54,4719646884.54
2016-03-31,'600449,宁夏建材,9.59,9.74,9.4,9.41,9.35,0.24,2.5668,4.6779,22368747,214591703.0,4585756192.78,4585756192.78
2016-03-30,'600449,宁夏建材,9.35,9.37,9.06,9.1,9.03,0.32,3.5437,2.3095,11043709,102080023.0,4470992742.7,4470992742.7
2016-03-29,'600449,宁夏建材,9.03,9.32,8.94,9.31,9.35,-0.32,-3.4225,3.1186,14912491,135502354.0,4317974809.26,4317974809.26
2016-03-28,'600449,宁夏建材,9.35,9.62,9.27,9.4,9.39,-0.04,-0.426,2.538,12136276,114891672.0,4470992742.7,4470992742.7
2016-03-25,'600449,宁夏建材,9.39,9.4,9.2,9.27,9.23,0.16,1.7335,1.9211,9186332,85390560.0,4490119984.38,4490119984.38
2016-03-24,'600449,宁夏建材,9.23,9.44,9.2,9.43,9.55,-0.32,-3.3508,2.7846,13315313,124323457.0,4413611017.66,4413611017.66
2016-03-23,'600449,宁夏建材,9.55,9.6,9.35,9.43,9.43,0.12,1.2725,2.4782,11850290,112375248.0,4566628951.1,4566628951.1
2016-03-22,'600449,宁夏建材,9.43,9.67,9.42,9.67,9.68,-0.25,-2.5826,2.4813,11865134,113073265.0,4509247226.06,4509247226.06
2016-03-21,'600449,宁夏建材,9.68,9.77,9.48,9.57,9.49,0.19,2.0021,3.7106,17743571,170461332.0,4628792486.56,4628792486.56
2016-03-18,'600449,宁夏建材,9.49,9.54,9.23,9.28,9.26,0.23,2.4838,2.7782,13284713,125241276.0,4537938088.58,4537938088.58
2016-03-17,'600449,宁夏建材,9.26,9.27,9.0,9.0,9.01,0.25,2.7747,1.9981,9554593,87628067.0,4427956448.92,4427956448.92
2016-03-16,'600449,宁夏建材,9.01,9.29,8.94,9.15,9.17,-0.16,-1.7448,1.6277,7783420,70776601.0,4308411188.42,4308411188.42
2016-03-15,'600449,宁夏建材,9.17,9.22,9.06,9.18,9.18,-0.01,-0.1089,1.5141,7240048,66171330.0,4384920155.14,4384920155.14
2016-03-14,'600449,宁夏建材,9.18,9.34,8.89,8.97,8.82,0.36,4.0816,2.2135,10584391,97147110.0,4389701965.56,4389701965.56
2016-03-11,'600449,宁夏建材,8.82,8.89,8.63,8.74,8.86,-0.04,-0.4515,1.4781,7067955,61991576.0,4217556790.44,4217556790.44
2016-03-10,'600449,宁夏建材,8.86,9.15,8.8,9.1,9.04,-0.18,-1.9912,1.5052,7197355,64845269.0,4236684032.12,4236684032.12
2016-03-09,'600449,宁夏建材,9.04,9.32,8.99,9.26,9.52,-0.48,-5.042,2.1371,10219290,93329806.0,4322756619.68,4322756619.68
2016-03-08,'600449,宁夏建材,9.52,9.56,9.01,9.5,9.58,-0.06,-0.6263,2.9918,14306009,133229256.0,4552283519.84,4552283519.84
2016-03-07,'600449,宁夏建材,9.58,9.59,9.23,9.39,9.24,0.34,3.6797,3.3884,16202727,152831621.0,4580974382.36,4580974382.36
2016-03-04,'600449,宁夏建材,9.24,9.77,8.98,9.6,9.53,-0.29,-3.043,4.2111,20136748,187799898.0,4418392828.08,4418392828.08
2016-03-03,'600449,宁夏建材,9.53,9.93,9.48,9.61,9.72,-0.19,-1.9547,4.3203,20659011,200047257.0,4557065330.26,4557065330.26
2016-03-02,'600449,宁夏建材,9.72,9.72,8.76,8.8,8.84,0.88,9.9548,5.4724,26167898,248006926.0,4647919728.24,4647919728.24
2016-03-01,'600449,宁夏建材,8.84,8.87,8.46,8.5,8.45,0.39,4.6154,2.2144,10589030,91758986.0,4227120411.28,4227120411.28
2016-02-29,'600449,宁夏建材,8.45,9.02,8.33,9.02,9.07,-0.62,-6.8357,2.5183,12041934,103433819.0,4040629804.9,4040629804.9
2016-02-26,'600449,宁夏建材,9.07,9.13,8.63,8.96,8.9,0.17,1.9101,2.8304,13534630,120658828.0,4337102050.94,4337102050.94
2016-02-25,'600449,宁夏建材,8.9,9.79,8.9,9.77,9.89,-0.99,-10.0101,3.8804,18555557,172516518.0,4255811273.8,4255811273.8
2016-02-24,'600449,宁夏建材,9.89,10.26,9.47,9.52,9.51,0.38,3.9958,4.4114,21094565,208200507.0,4729210505.38,4729210505.38
2016-02-23,'600449,宁夏建材,9.51,9.71,9.34,9.53,9.56,-0.05,-0.523,3.0274,14476293,137726211.0,4547501709.42,4547501709.42
2016-02-22,'600449,宁夏建材,9.56,9.74,9.14,9.2,9.09,0.47,5.1705,5.4392,26009422,246182624.0,4571410761.52,4571410761.52
2016-02-19,'600449,宁夏建材,9.09,9.15,8.93,9.03,9.1,-0.01,-0.1099,2.5443,12166493,109912865.0,4346665671.78,4346665671.78
2016-02-18,'600449,宁夏建材,9.1,9.38,9.0,9.15,9.18,-0.08,-0.8715,4.1089,19647978,179602044.0,4351447482.2,4351447482.2
2016-02-17,'600449,宁夏建材,9.18,9.23,8.73,8.73,8.84,0.34,3.8462,4.8434,23160214,208238028.0,4389701965.56,4389701965.56
2016-02-16,'600449,宁夏建材,8.84,8.87,8.42,8.44,8.36,0.48,5.7416,3.4461,16478809,142677934.0,4227120411.28,4227120411.28
2016-02-15,'600449,宁夏建材,8.36,8.48,8.2,8.22,8.58,-0.22,-2.5641,2.1981,10510841,87775261.0,3997593511.12,3997593511.12
2016-02-05,'600449,宁夏建材,8.58,8.88,8.55,8.79,8.83,-0.25,-2.8313,2.246,10739819,93364841.0,4102793340.36,4102793340.36
2016-02-04,'600449,宁夏建材,8.83,8.85,8.59,8.6,8.64,0.19,2.1991,3.3513,16025354,140209389.0,4222338600.86,4222338600.86
2016-02-03,'600449,宁夏建材,8.64,8.86,8.3,8.5,8.61,0.03,0.3484,3.5007,16739757,144535818.0,4131484202.88,4131484202.88
2016-02-02,'600449,宁夏建材,8.61,8.67,8.29,8.29,8.38,0.23,2.7446,2.69,12863281,110158939.0,4117138771.62,4117138771.62
2016-02-01,'600449,宁夏建材,8.38,8.92,8.16,8.67,8.68,-0.3,-3.4562,4.1556,19871464,170107615.0,4007157131.96,4007157131.96
2016-01-29,'600449,宁夏建材,8.68,9.09,8.12,8.6,8.81,-0.13,-1.4756,5.6259,26901834,232333128.0,4150611444.56,4150611444.56
2016-01-28,'600449,宁夏建材,8.81,9.57,8.81,9.51,9.79,-0.98,-10.0102,5.6321,26931717,246289716.0,4212774980.02,4212774980.02
2016-01-27,'600449,宁夏建材,9.79,10.14,9.22,9.91,10.24,-0.45,-4.3945,8.8281,42214415,402400599.0,4681392401.18,4681392401.18
2016-01-26,'600449,宁夏建材,10.24,10.47,9.8,10.01,9.52,0.72,7.563,12.6938,60699541,626800160.0,4896573870.08,4896573870.08
2016-01-25,'600449,宁夏建材,9.52,9.52,8.68,8.76,8.65,0.87,10.0578,2.9406,14061371,130068132.0,4552283519.84,4552283519.84
2016-01-22,'600449,宁夏建材,8.65,8.69,8.4,8.61,8.52,0.13,1.5258,1.1867,5674690,48663204.0,4136266013.3,4136266013.3
2016-01-21,'600449,宁夏建材,8.52,8.85,8.49,8.6,8.76,-0.24,-2.7397,1.2132,5801209,50405138.0,4074102477.84,4074102477.84
2016-01-20,'600449,宁夏建材,8.76,9.02,8.6,8.92,8.92,-0.16,-1.7937,1.8322,8761420,77272211.0,4188865927.92,4188865927.92
2016-01-19,'600449,宁夏建材,8.92,8.95,8.52,8.64,8.6,0.32,3.7209,1.4955,7151311,62980432.0,4265374894.64,4265374894.64
2016-01-18,'600449,宁夏建材,8.6,8.81,8.31,8.47,8.56,0.04,0.4673,1.3303,6361113,54988549.0,4112356961.2,4112356961.2
2016-01-15,'600449,宁夏建材,8.56,9.25,8.4,9.21,9.32,-0.76,-8.1545,1.4983,7164616,63254773.0,4093229719.52,4093229719.52
2016-01-14,'600449,宁夏建材,9.32,9.33,8.71,8.81,9.12,0.2,2.193,1.6716,7993321,71875130.0,4456647311.44,4456647311.44
2016-01-13,'600449,宁夏建材,9.12,9.55,9.11,9.4,9.32,-0.2,-2.1459,1.2039,5756588,54018021.0,4361011103.04,4361011103.04
2016-01-12,'600449,宁夏建材,9.32,9.44,9.08,9.39,9.24,0.08,0.8658,1.1854,5668546,52709524.0,4456647311.44,4456647311.44
2016-01-11,'600449,宁夏建材,9.24,10.25,9.2,9.52,9.82,-0.58,-5.9063,3.3857,16189681,158837088.0,4418392828.08,4418392828.08
2016-01-08,'600449,宁夏建材,9.82,9.96,8.9,9.6,9.2,0.62,6.7391,2.6698,12766311,122590117.0,4695737832.44,4695737832.44
2016-01-07,'600449,宁夏建材,9.2,10.22,9.2,10.22,10.22,-1.02,-9.9804,0.5514,2636800,25245614.0,4399265586.4,4399265586.4
2016-01-06,'600449,宁夏建材,10.22,10.25,9.82,9.9,9.76,0.46,4.7131,2.238,10701529,108095346.0,4887010249.24,4887010249.24
2016-01-05,'600449,宁夏建材,9.76,10.05,9.46,9.55,10.09,-0.33,-3.2706,2.4521,11725574,114897848.0,4667046969.92,4667046969.92
2016-01-04,'600449,宁夏建材,10.09,11.26,10.08,11.18,11.2,-1.11,-9.9107,2.0567,9834955,103841548.0,4824846713.78,4824846713.78
2015-12-31,'600449,宁夏建材,11.2,11.52,11.16,11.47,11.47,-0.27,-2.354,2.283,10917018,123563944.0,5355627670.4,5355627670.4
2015-12-30,'600449,宁夏建材,11.47,11.6,11.31,11.4,11.4,0.07,0.614,2.3885,11421301,130914687.0,5484736551.74,5484736551.74
2015-12-29,'600449,宁夏建材,11.4,11.41,11.23,11.39,11.29,0.11,0.9743,1.0816,5171896,58572721.0,5451263878.8,5451263878.8
2015-12-28,'600449,宁夏建材,11.29,11.78,11.27,11.51,11.51,-0.22,-1.9114,2.6127,12493438,144741108.0,5398663964.18,5398663964.18
2015-12-25,'600449,宁夏建材,11.51,11.55,11.38,11.4,11.38,0.13,1.1424,1.3529,6469246,74074805.0,5503863793.42,5503863793.42
2015-12-24,'600449,宁夏建材,11.38,11.75,11.28,11.65,11.68,-0.3,-2.5685,2.1851,10448746,119275525.0,5441700257.96,5441700257.96
2015-12-23,'600449,宁夏建材,11.68,11.92,11.65,11.84,11.86,-0.18,-1.5177,2.3347,11164241,131793468.0,5585154570.56,5585154570.56
2015-12-22,'600449,宁夏建材,11.86,11.94,11.55,11.67,11.65,0.21,1.8026,2.9955,14324021,169506684.0,5671227158.12,5671227158.12
2015-12-21,'600449,宁夏建材,11.65,11.68,11.34,11.65,11.63,0.02,0.172,2.6866,12846645,147936155.0,5570809139.3,5570809139.3
2015-12-18,'600449,宁夏建材,11.63,12.01,11.56,11.82,11.82,-0.19,-1.6074,2.3914,11435118,134699000.0,5561245518.46,5561245518.46
2015-12-17,'600449,宁夏建材,11.82,11.86,11.6,11.65,11.58,0.24,2.0725,2.4779,11848815,139477690.0,5652099916.44,5652099916.44
2015-12-16,'600449,宁夏建材,11.58,11.78,11.54,11.66,11.73,-0.15,-1.2788,2.8153,13461995,156881088.0,5537336466.36,5537336466.36
2015-12-15,'600449,宁夏建材,11.73,11.87,11.44,11.6,11.63,0.1,0.8598,3.2921,15742105,182976610.0,5609063622.66,5609063622.66
2015-12-14,'600449,宁夏建材,11.63,11.66,11.12,11.2,11.33,0.3,2.6478,2.4415,11674753,133862449.0,5561245518.46,5561245518.46
2015-12-11,'600449,宁夏建材,11.33,11.35,11.08,11.24,11.24,0.09,0.8007,1.4248,6812973,76246262.0,5417791205.86,5417791205.86
2015-12-10,'600449,宁夏建材,11.24,11.76,11.15,11.66,11.75,-0.51,-4.3404,2.9931,14312373,163001796.0,5374754912.08,5374754912.08
2015-12-09,'600449,宁夏建材,11.75,12.09,11.59,11.62,11.67,0.08,0.6855,2.2112,10573739,125190915.0,5618627243.5,5618627243.5
2015-12-08,'600449,宁夏建材,11.67,12.03,11.66,12.0,12.14,-0.47,-3.8715,2.836,13561214,159898592.0,5580372760.14,5580372760.14
2015-12-07,'600449,宁夏建材,12.14,12.4,11.98,12.39,12.42,-0.28,-2.2544,3.4857,16668036,202424219.0,5805117849.88,5805117849.88
2015-12-04,'600449,宁夏建材,12.42,12.94,12.2,12.92,13.0,-0.58,-4.4615,4.3526,20813077,261674983.0,5939008541.64,5939008541.64
2015-12-03,'600449,宁夏建材,13.0,13.41,12.78,12.85,12.98,0.02,0.1541,4.2835,20482823,266568989.0,6216353546.0,6216353546.0
2015-12-02,'600449,宁夏建材,12.98,13.68,12.5,12.57,12.44,0.54,4.3408,7.6341,36504969,483421954.0,6206789925.16,6206789925.16
2015-12-01,'600449,宁夏建材,12.44,12.86,11.93,12.0,12.18,0.26,2.1346,3.3091,15823563,195106820.0,5948572162.48,5948572162.48
2015-11-30,'600449,宁夏建材,12.18,12.43,11.0,12.25,12.1,0.08,0.6612,3.767,18013096,215553746.0,5824245091.56,5824245091.56
2015-11-27,'600449,宁夏建材,12.1,13.64,12.1,13.43,13.44,-1.34,-9.9702,4.1443,19817458,252908909.0,5785990608.2,5785990608.2
2015-11-26,'600449,宁夏建材,13.44,13.76,12.95,12.98,12.95,0.49,3.7838,5.1329,24544702,328783076.0,6426753204.48,6426753204.48
2015-11-25,'600449,宁夏建材,12.95,13.46,12.69,12.75,12.95,0.0,0.0,4.2931,20528685,265980992.0,6192444493.9,6192444493.9
2015-11-24,'600449,宁夏建材,12.95,13.36,12.32,12.38,12.54,0.41,3.2695,6.2955,30103664,388861689.0,6192444493.9,6192444493.9
2015-11-23,'600449,宁夏建材,12.54,12.91,11.92,12.4,12.07,0.47,3.894,6.5713,31422663,387890976.0,5996390266.68,5996390266.68
2015-11-20,'600449,宁夏建材,12.07,12.31,11.71,12.13,12.11,-0.04,-0.3303,5.4745,26177974,314963247.0,5771645176.94,5771645176.94
2015-11-19,'600449,宁夏建材,12.11,12.23,11.58,11.96,12.09,0.02,0.1654,5.2737,25217725,298391012.0,5790772418.62,5790772418.62
2015-11-18,'600449,宁夏建材,12.09,12.9,11.86,12.15,12.3,-0.21,-1.7073,5.7181,27342820,340893741.0,5781208797.78,5781208797.78
2015-11-17,'600449,宁夏建材,12.3,12.76,11.99,12.15,11.97,0.33,2.7569,7.0909,33907268,417781352.0,5881626816.6,5881626816.6
2015-11-16,'600449,宁夏建材,11.97,12.09,11.6,11.9,12.11,-0.14,-1.1561,4.573,21867325,258734494.0,5723827072.74,5723827072.74
2015-11-13,'600449,宁夏建材,12.11,12.89,11.88,11.89,12.18,-0.07,-0.5747,7.8493,37534071,466060906.0,5790772418.62,5790772418.62
2015-11-12,'600449,宁夏建材,12.18,12.55,11.9,12.4,12.68,-0.5,-3.9432,7.6989,36814907,450044857.0,5824245091.56,5824245091.56
2015-11-11,'600449,宁夏建材,12.68,12.68,11.7,11.9,11.53,1.15,9.974,12.2502,58578190,728913241.0,6063335612.56,6063335612.56
2015-11-10,'600449,宁夏建材,11.53,12.28,11.32,11.79,11.25,0.28,2.4889,12.9646,61994089,731489731.0,5513427414.26,5513427414.26
2015-11-09,'600449,宁夏建材,11.25,11.25,10.17,10.23,10.23,1.02,9.9707,9.6827,46300737,506095051.0,5379536722.5,5379536722.5
2015-11-06,'600449,宁夏建材,10.23,10.38,10.07,10.15,10.21,0.02,0.1959,5.1998,24864286,253986272.0,4891792059.66,4891792059.66
2015-11-05,'600449,宁夏建材,10.21,10.43,9.85,9.9,9.81,0.4,4.0775,6.3981,30594406,309487687.0,4882228438.82,4882228438.82
2015-11-04,'600449,宁夏建材,9.81,9.86,9.32,9.32,9.29,0.52,5.5974,3.2249,15420924,148462703.0,4690956022.02,4690956022.02
2015-11-03,'600449,宁夏建材,9.29,9.43,9.19,9.37,9.3,-0.01,-0.1075,1.4714,7035821,65436445.0,4442301880.18,4442301880.18
2015-11-02,'600449,宁夏建材,9.3,9.63,9.27,9.42,9.63,-0.33,-3.4268,2.2965,10981522,103758984.0,4447083690.6,4447083690.6
2015-10-30,'600449,宁夏建材,9.63,9.82,9.53,9.82,9.86,-0.23,-2.3327,2.7358,13082200,126273649.0,4604883434.46,4604883434.46
2015-10-29,'600449,宁夏建材,9.86,9.95,9.62,9.69,9.61,0.25,2.6015,3.6912,17650455,173569118.0,4714865074.12,4714865074.12
2015-10-28,'600449,宁夏建材,9.61,9.85,9.57,9.7,9.78,-0.17,-1.7382,3.1089,14866040,144620841.0,4595319813.62,4595319813.62
2015-10-27,'600449,宁夏建材,9.78,9.92,9.08,9.9,9.97,-0.19,-1.9057,3.6715,17556456,169012225.0,4676610590.76,4676610590.76
2015-10-26,'600449,宁夏建材,9.97,10.07,9.78,9.88,9.78,0.19,1.9427,4.1682,19931664,197496852.0,4767464988.74,4767464988.74
2015-10-23,'600449,宁夏建材,9.78,9.85,9.53,9.76,9.67,0.11,1.1375,4.6819,22388033,217090316.0,4676610590.76,4676610590.76
2015-10-22,'600449,宁夏建材,9.67,9.78,9.22,9.43,9.54,0.13,1.3627,6.2104,29696995,283254860.0,4624010676.14,4624010676.14
2015-10-21,'600449,宁夏建材,9.54,10.56,9.54,10.51,10.6,-1.06,-10.0,6.3055,30151886,302278610.0,4561847140.68,4561847140.68
2015-10-20,'600449,宁夏建材,10.6,10.63,10.07,10.32,10.36,0.24,2.3166,6.4085,30644464,316576602.0,5068719045.2,5068719045.2
2015-10-19,'600449,宁夏建材,10.36,10.69,10.14,10.53,10.75,-0.39,-3.6279,7.5755,36224411,376665123.0,4953955595.12,4953955595.12
2015-10-16,'600449,宁夏建材,10.75,10.89,9.88,9.91,9.9,0.85,8.5859,10.9829,52518171,540937128.0,5140446201.5,5140446201.5
2015-10-15,'600449,宁夏建材,9.9,9.95,9.55,9.69,9.63,0.27,2.8037,5.6208,26877454,263479475.0,4733992315.8,4733992315.8
2015-10-14,'600449,宁夏建材,9.63,9.88,9.53,9.72,9.78,-0.15,-1.5337,4.5368,21694264,210697708.0,4604883434.46,4604883434.46
2015-10-13,'600449,宁夏建材,9.78,9.88,9.39,9.53,9.63,0.15,1.5576,5.6558,27044932,260834216.0,4676610590.76,4676610590.76
2015-10-12,'600449,宁夏建材,9.63,9.8,9.08,9.13,9.09,0.54,5.9406,6.0761,29054716,275199279.0,4604883434.46,4604883434.46
2015-10-09,'600449,宁夏建材,9.09,9.18,8.86,8.92,8.94,0.15,1.6779,3.6846,17618950,158582426.0,4346665671.78,4346665671.78
2015-10-08,'600449,宁夏建材,8.94,9.07,8.8,8.9,8.61,0.33,3.8328,3.4527,16510152,147574706.0,4274938515.48,4274938515.48
2015-09-30,'600449,宁夏建材,8.61,8.97,8.56,8.86,8.84,-0.23,-2.6018,3.1686,15151416,131599707.0,4117138771.62,4117138771.62
2015-09-29,'600449,宁夏建材,8.84,9.32,8.65,9.19,9.43,-0.59,-6.2566,4.1549,19868167,178466513.0,4227120411.28,4227120411.28
2015-09-28,'600449,宁夏建材,9.43,9.45,8.86,9.3,9.24,0.19,2.0563,3.9187,18738467,172480498.0,4509247226.06,4509247226.06
2015-09-25,'600449,宁夏建材,9.24,9.87,9.05,9.6,9.64,-0.4,-4.1494,5.0382,24091539,229703132.0,4418392828.08,4418392828.08
2015-09-24,'600449,宁夏建材,9.64,9.87,9.35,9.6,9.8,-0.16,-1.6327,6.9449,33209415,319893940.0,4609665244.88,4609665244.88
2015-09-23,'600449,宁夏建材,9.8,10.18,8.98,9.12,9.3,0.5,5.3763,15.0505,71968608,701078294.0,4686174211.6,4686174211.6
2015-09-22,'600449,宁夏建材,9.3,9.4,8.68,8.74,8.82,0.48,5.4422,7.4105,35435823,321940972.0,4447083690.6,4447083690.6
2015-09-21,'600449,宁夏建材,8.82,8.83,7.94,7.99,8.09,0.73,9.0235,6.4187,30693011,260251232.0,4217556790.44,4217556790.44
2015-09-18,'600449,宁夏建材,8.09,8.25,7.84,8.13,8.12,-0.03,-0.3695,3.6288,17352194,139451287.0,3868484629.78,3868484629.78
2015-09-17,'600449,宁夏建材,8.12,8.67,8.1,8.3,8.41,-0.29,-3.4483,6.1691,29499581,248087259.0,3882830061.04,3882830061.04
2015-09-16,'600449,宁夏建材,8.41,8.49,7.69,7.71,7.72,0.69,8.9378,4.2078,20120681,161376337.0,4021502563.22,4021502563.22
2015-09-15,'600449,宁夏建材,7.72,8.5,7.72,8.3,8.58,-0.86,-10.0233,4.4322,21194168,169710055.0,3691557644.24,3691557644.24
2015-09-14,'600449,宁夏建材,8.58,9.98,8.58,9.75,9.53,-0.95,-9.9685,5.7682,27582610,255050785.0,4102793340.36,4102793340.36
2015-09-11,'600449,宁夏建材,9.53,9.65,9.24,9.42,9.45,0.08,0.8466,3.8506,18412692,174428380.0,4557065330.26,4557065330.26
2015-09-10,'600449,宁夏建材,9.45,9.8,9.4,9.51,9.79,-0.34,-3.4729,4.0274,19258488,184213227.0,4518810846.9,4518810846.9
2015-09-09,'600449,宁夏建材,9.79,9.95,9.33,9.5,9.51,0.28,2.9443,6.5899,31511853,305385069.0,4681392401.18,4681392401.18
2015-09-08,'600449,宁夏建材,9.51,9.6,8.81,8.94,9.06,0.45,4.9669,4.9993,23905556,220593208.0,4547501709.42,4547501709.42
2015-09-07,'600449,宁夏建材,9.06,9.4,8.55,8.9,8.69,0.37,4.2578,5.935,28380080,255494838.0,4332320240.52,4332320240.52
2015-09-02,'600449,宁夏建材,8.69,10.07,8.61,8.66,9.55,-0.86,-9.0052,6.819,32607276,296842599.0,4155393254.98,4155393254.98
2015-09-01,'600449,宁夏建材,9.55,10.56,9.55,10.56,10.61,-1.06,-9.9906,5.0374,24088032,236886098.0,4566628951.1,4566628951.1
2015-08-31,'600449,宁夏建材,10.61,11.43,10.45,11.09,11.3,-0.69,-6.1062,9.0198,43131155,469047715.0,5073500855.62,5073500855.62
2015-08-28,'600449,宁夏建材,11.3,11.34,10.01,10.01,10.31,0.99,9.6023,12.0855,57790371,618658004.0,5403445774.6,5403445774.6
2015-08-27,'600449,宁夏建材,10.31,10.49,8.71,10.0,9.68,0.63,6.5083,10.406,49759340,477628774.0,4930046543.02,4930046543.02
2015-08-26,'600449,宁夏建材,9.68,10.84,9.68,10.0,10.75,-1.07,-9.9535,11.2407,53751043,540535739.0,4628792486.56,4628792486.56
2015-08-25,'600449,宁夏建材,10.75,10.98,10.75,10.75,11.94,-1.19,-9.9665,5.3393,25531599,275071829.0,5140446201.5,5140446201.5
2015-08-24,'600449,宁夏建材,11.94,12.64,11.94,12.25,13.27,-1.33,-10.0226,4.6431,22202221,270029729.0,5709481641.48,5709481641.48
2015-08-21,'600449,宁夏建材,13.27,14.38,13.27,14.01,14.74,-1.47,-9.9729,14.7743,70647906,953254532.0,6345462427.34,6345462427.34
2015-08-20,'600449,宁夏建材,14.74,15.58,14.45,15.58,14.16,0.58,4.096,23.6888,113275532,1743363467.0,7048388559.08,7048388559.08
2015-08-19,'600449,宁夏建材,14.16,14.16,12.35,12.35,12.87,1.29,10.0233,8.1536,38989103,530921800.0,6771043554.72,6771043554.72
2015-08-18,'600449,宁夏建材,12.87,15.72,12.86,15.5,14.29,-1.42,-9.937,16.7046,79878139,1154836644.0,6154190010.54,6154190010.54
2015-08-17,'600449,宁夏建材,14.29,14.29,12.76,12.81,12.99,1.3,10.0077,4.5164,21596711,299730218.0,6833207090.18,6833207090.18
2015-08-14,'600449,宁夏建材,12.99,13.08,12.0,12.1,11.97,1.02,8.5213,6.8715,32858416,408063154.0,6211571735.58,6211571735.58
2015-08-13,'600449,宁夏建材,11.97,12.15,11.33,11.54,11.86,0.11,0.9275,5.3151,25416013,300002993.0,5723827072.74,5723827072.74
2015-08-12,'600449,宁夏建材,11.86,12.08,11.08,11.34,11.28,0.58,5.1418,6.9087,33036171,381379422.0,5671227158.12,5671227158.12
2015-08-11,'600449,宁夏建材,11.28,11.46,10.9,11.0,11.14,0.14,1.2567,5.777,27624546,308137228.0,5393882153.76,5393882153.76
2015-08-10,'600449,宁夏建材,11.14,11.24,10.56,10.56,10.35,0.79,7.6329,6.2047,29669513,325775033.0,5326936807.88,5326936807.88
2015-08-07,'600449,宁夏建材,10.35,10.59,10.21,10.5,10.03,0.32,3.1904,3.8445,18383714,190856271.0,4949173784.7,4949173784.7
2015-08-06,'600449,宁夏建材,10.03,10.32,9.9,10.0,10.26,-0.23,-2.2417,3.0563,14614520,147481294.0,4796155851.26,4796155851.26
2015-08-05,'600449,宁夏建材,10.26,10.68,9.84,9.84,10.03,0.23,2.2931,6.6192,31651998,327478863.0,4906137490.92,4906137490.92
2015-08-04,'600449,宁夏建材,10.03,10.1,9.32,9.38,9.39,0.64,6.8158,4.1965,20066918,194431802.0,4796155851.26,4796155851.26
2015-08-03,'600449,宁夏建材,9.39,9.7,9.03,9.3,9.23,0.16,1.7335,3.1861,15235402,142308889.0,4490119984.38,4490119984.38
2015-07-31,'600449,宁夏建材,9.23,9.49,9.09,9.11,9.3,-0.07,-0.7527,2.2585,10799843,99755911.0,4413611017.66,4413611017.66
2015-07-30,'600449,宁夏建材,9.3,9.85,9.21,9.4,9.51,-0.21,-2.2082,3.6324,17369518,166991681.0,4447083690.6,4447083690.6
2015-07-29,'600449,宁夏建材,9.51,9.55,8.78,9.15,9.01,0.5,5.5494,3.0398,14535675,132872436.0,4547501709.42,4547501709.42
2015-07-28,'600449,宁夏建材,9.01,9.45,8.55,8.8,9.49,-0.48,-5.058,4.7671,22795311,204026291.0,4308411188.42,4308411188.42
2015-07-27,'600449,宁夏建材,9.49,10.46,9.49,10.0,10.54,-1.05,-9.962,4.7477,22702447,228710361.0,4537938088.58,4537938088.58
2015-07-24,'600449,宁夏建材,10.54,11.32,10.39,10.6,10.7,-0.16,-1.4953,6.4865,31017169,335691577.0,5040028182.68,5040028182.68
2015-07-23,'600449,宁夏建材,10.7,10.8,10.21,10.38,10.38,0.32,3.0829,5.2379,25046590,263382968.0,5116537149.4,5116537149.4
2015-07-22,'600449,宁夏建材,10.38,10.49,9.79,9.99,10.01,0.37,3.6963,5.233,25023325,253857267.0,4963519215.96,4963519215.96
2015-07-21,'600449,宁夏建材,10.01,10.18,9.69,9.73,9.97,0.04,0.4012,3.7326,17848423,178060346.0,4786592230.42,4786592230.42
2015-07-20,'600449,宁夏建材,9.97,10.12,9.68,9.77,9.8,0.17,1.7347,4.2833,20481914,202837838.0,4767464988.74,4767464988.74
2015-07-17,'600449,宁夏建材,9.8,9.95,9.2,9.34,9.2,0.6,6.5217,3.6791,17592765,168886407.0,4686174211.6,4686174211.6
2015-07-16,'600449,宁夏建材,9.2,9.48,8.58,8.65,9.0,0.2,2.2222,3.2256,15424371,140093485.0,4399265586.4,4399265586.4
2015-07-15,'600449,宁夏建材,9.0,9.93,9.0,9.63,10.0,-1.0,-10.0,5.7728,27604631,256868401.0,4303629378.0,4303629378.0
2015-07-14,'600449,宁夏建材,10.0,10.7,9.61,10.06,10.07,-0.07,-0.6951,7.801,37302837,380008802.0,4781810420.0,4781810420.0
2015-07-13,'600449,宁夏建材,10.07,10.07,9.38,9.6,9.15,0.92,10.0546,6.218,29733250,291824696.0,4815283092.94,4815283092.94
2015-07-10,'600449,宁夏建材,9.15,9.15,8.43,8.68,8.32,0.83,9.976,4.0862,19539598,176317446.0,4375356534.3,4375356534.3
2015-07-09,'600449,宁夏建材,8.32,8.32,7.51,7.51,7.56,0.76,10.0529,4.3784,20936568,167883866.0,3978466269.44,3978466269.44
2015-07-08,'600449,宁夏建材,7.56,8.06,7.56,7.56,8.4,-0.84,-10.0,5.8326,27890195,212156984.0,3615048677.52,3615048677.52
2015-07-07,'600449,宁夏建材,8.4,9.29,8.4,8.95,9.33,-0.93,-9.9678,4.2422,20285605,174166275.0,4016720752.8,4016720752.8
2015-07-06,'600449,宁夏建材,9.33,10.73,8.85,10.6,9.83,-0.5,-5.0865,5.1047,24409562,238634924.0,4461429121.86,4461429121.86
2015-07-03,'600449,宁夏建材,9.83,11.3,9.83,10.67,10.92,-1.09,-9.9817,4.0771,19495820,197928902.0,4700519642.86,4700519642.86
2015-07-02,'600449,宁夏建材,10.92,12.48,10.87,11.88,11.89,-0.97,-8.1581,3.4493,16493844,190519395.0,5221736978.64,5221736978.64
2015-07-01,'600449,宁夏建材,11.89,13.17,11.82,12.7,12.91,-1.02,-7.9009,3.0628,14645825,187101644.0,5685572589.38,5685572589.38
2015-06-30,'600449,宁夏建材,12.91,12.98,11.0,12.0,12.03,0.88,7.315,3.7322,17846591,215416413.0,6173317252.22,6173317252.22
2015-06-29,'600449,宁夏建材,12.03,13.78,11.99,13.78,13.32,-1.29,-9.6847,4.3384,20745629,264220504.0,5752517935.26,5752517935.26
2015-06-26,'600449,宁夏建材,13.32,14.49,13.32,14.38,14.8,-1.48,-10.0,3.8201,18267107,253103053.0,6369371479.44,6369371479.44
2015-06-25,'600449,宁夏建材,14.8,15.99,14.7,15.92,15.91,-1.11,-6.9767,3.8189,18261460,283335874.0,7077079421.6,7077079421.6
2015-06-24,'600449,宁夏建材,15.91,15.99,15.22,15.53,15.44,0.47,3.044,3.8375,18350409,287832424.0,7607860378.22,7607860378.22
2015-06-23,'600449,宁夏建材,15.44,15.5,13.6,15.02,15.01,0.43,2.8648,3.2633,15604255,233291058.0,7383115288.48,7383115288.48
2015-06-19,'600449,宁夏建材,15.01,16.34,15.01,16.0,16.68,-1.67,-10.012,3.9863,19061603,300308945.0,7177497440.42,7177497440.42
2015-06-18,'600449,宁夏建材,16.68,17.99,16.64,17.35,17.32,-0.64,-3.6952,6.4999,31081386,543001531.0,7976059780.56,7976059780.56
2015-06-17,'600449,宁夏建材,17.32,17.6,15.52,16.5,16.0,1.32,8.25,6.5574,31356479,523235405.0,8282095647.44,8282095647.44
2015-06-16,'600449,宁夏建材,16.0,16.9,15.9,16.84,17.1,-1.1,-6.4327,4.2651,20395086,335125156.0,7650896672.0,7650896672.0
2015-06-15,'600449,宁夏建材,17.1,17.49,16.8,16.99,17.03,0.07,0.411,5.5957,26757594,459060616.0,8176895818.2,8176895818.2
2015-06-12,'600449,宁夏建材,17.03,17.47,16.58,17.09,16.94,0.09,0.5313,6.1749,29527399,501739776.0,8143423145.26,8143423145.26
2015-06-11,'600449,宁夏建材,16.94,17.79,16.81,17.4,16.9,0.04,0.2367,9.7875,46801987,803481137.0,8100386851.48,8100386851.48
2015-06-10,'600449,宁夏建材,16.9,16.9,15.05,15.16,15.36,1.54,10.026,7.743,37025654,595073064.0,8081259609.8,8081259609.8
2015-06-09,'600449,宁夏建材,15.36,15.65,15.03,15.57,15.65,-0.29,-1.853,4.214,20150632,308916972.0,7344860805.12,7344860805.12
2015-06-08,'600449,宁夏建材,15.65,15.99,15.33,15.75,15.75,-0.1,-0.6349,5.5954,26756293,418242993.0,7483533307.3,7483533307.3
2015-06-05,'600449,XD宁夏建,15.75,15.88,15.13,15.37,15.12,0.63,4.1667,7.0863,33885252,526912835.0,7531351411.5,7531351411.5
2015-06-04,'600449,宁夏建材,15.3,15.6,14.3,15.5,15.38,-0.08,-0.5202,4.6492,22231764,333970027.0,7316169942.6,7316169942.6
2015-06-03,'600449,宁夏建材,15.38,15.6,14.85,15.11,15.08,0.3,1.9894,6.3234,30237072,462554496.0,7354424425.96,7354424425.96
2015-06-02,'600449,宁夏建材,15.08,15.1,14.66,14.81,14.86,0.22,1.4805,5.4448,26035866,387538565.0,7210970113.36,7210970113.36
2015-06-01,'600449,宁夏建材,14.86,15.0,13.98,13.98,13.92,0.94,6.7529,4.6231,22106722,320194315.0,7105770284.12,7105770284.12
2015-05-29,'600449,宁夏建材,13.92,14.38,13.5,14.12,14.15,-0.23,-1.6254,4.3577,20837714,291343826.0,6656280104.64,6656280104.64
2015-05-28,'600449,宁夏建材,14.15,15.44,14.03,14.95,15.19,-1.04,-6.8466,7.6924,36783392,547535815.0,6766261744.3,6766261744.3
2015-05-27,'600449,宁夏建材,15.19,15.21,14.47,14.8,14.85,0.34,2.2896,8.3586,39969412,595491769.0,7263570027.98,7263570027.98
2015-05-26,'600449,宁夏建材,14.85,14.99,14.44,14.66,14.69,0.16,1.0892,7.4997,35861995,526723415.0,7100988473.7,7100988473.7
2015-05-25,'600449,宁夏建材,14.69,14.85,14.21,14.31,14.28,0.41,2.8711,6.4225,30711180,446535849.0,7024479506.98,7024479506.98
2015-05-22,'600449,宁夏建材,14.28,14.31,13.81,13.81,13.77,0.51,3.7037,5.124,24502078,345108178.0,6828425279.76,6828425279.76
2015-05-21,'600449,宁夏建材,13.77,13.78,13.4,13.49,13.46,0.31,2.3031,3.1149,14894868,202137680.0,6584552948.34,6584552948.34
2015-05-20,'600449,宁夏建材,13.46,13.63,13.36,13.45,13.43,0.03,0.2234,2.9442,14078809,190406569.0,6436316825.32,6436316825.32
2015-05-19,'600449,宁夏建材,13.43,13.44,13.0,13.0,12.98,0.45,3.4669,2.4746,11832980,157001765.0,6421971394.06,6421971394.06
2015-05-18,'600449,宁夏建材,12.98,13.2,12.92,12.95,13.01,-0.03,-0.2306,1.9248,9204072,120359469.0,6206789925.16,6206789925.16
