2016-02-05,'600432,吉恩镍业,8.49,9.45,8.33,9.2,8.59,-0.1,-1.1641,8.4995,68941550,614416409.0,13615616046.8,6886421891.58
2016-02-04,'600432,吉恩镍业,8.59,8.59,7.84,7.99,7.81,0.78,9.9872,5.9506,48266563,399968796.0,13775988438.4,6967534045.78
2016-02-03,'600432,吉恩镍业,7.81,7.81,6.97,7.0,7.1,0.71,10.0,7.1848,58277245,441673564.0,12525083784.0,6334859243.02
2016-02-02,'600432,吉恩镍业,7.1,7.19,6.73,6.77,6.83,0.27,3.9531,4.7231,38310407,267982232.0,11386439803.6,5758962948.2
2016-02-01,'600432,吉恩镍业,6.83,7.46,6.82,7.2,7.58,-0.75,-9.8945,5.2266,42394430,297479885.0,10953434346.3,5539960131.86
2016-01-29,'600432,吉恩镍业,7.58,7.7,7.21,7.32,7.3,0.28,3.8356,2.0698,16788844,125693527.0,12156227283.3,6148301288.36
2016-01-28,'600432,吉恩镍业,7.3,8.03,7.3,7.93,8.11,-0.81,-9.9877,2.5692,20839223,159446480.0,11707184586.8,5921187256.6
2016-01-27,'600432,吉恩镍业,8.11,8.3,7.66,8.03,8.21,-0.1,-1.218,1.8458,14971886,119299001.0,13006200958.8,6578195705.62
2016-01-26,'600432,吉恩镍业,8.21,9.02,8.21,9.01,9.12,-0.91,-9.9781,1.8322,14861734,128284626.0,13166573350.4,6659307859.82
2016-01-25,'600432,吉恩镍业,9.12,9.26,8.97,9.12,9.06,0.06,0.6623,1.5808,12821878,116980630.0,14625962113.9,7397428463.04
2016-01-22,'600432,吉恩镍业,9.06,9.15,8.71,8.96,8.79,0.27,3.0717,1.5513,12583319,112624196.0,14529738679.0,7348761170.52
2016-01-21,'600432,吉恩镍业,8.79,9.69,8.74,9.45,9.64,-0.85,-8.8174,2.3869,19360955,180228362.0,14096733221.6,7129758354.18
2016-01-20,'600432,吉恩镍业,9.64,10.0,9.6,9.8,9.95,-0.31,-3.1156,2.225,18047813,176376417.0,15459898550.2,7819211664.88
2016-01-19,'600432,吉恩镍业,9.95,10.02,9.5,9.57,9.6,0.35,3.6458,2.105,17073953,167053429.0,15957052964.2,8070659342.9
2016-01-18,'600432,吉恩镍业,9.6,9.79,9.19,9.28,9.6,0.0,0.0,1.6532,13409181,127776874.0,15395749593.6,7786766803.2
2016-01-15,'600432,吉恩镍业,9.6,10.29,9.5,10.08,10.04,-0.44,-4.3825,1.9277,15636023,155751157.0,15395749593.6,7786766803.2
2016-01-14,'600432,吉恩镍业,10.04,10.08,9.3,9.44,9.82,0.22,2.2403,2.191,17771501,172207740.0,16101388116.6,8143660281.68
2016-01-13,'600432,吉恩镍业,9.82,10.75,9.8,10.62,10.63,-0.81,-7.6199,2.3097,18734264,192850495.0,15748568855.1,7965213542.44
2016-01-12,'600432,吉恩镍业,10.63,10.99,9.8,10.85,10.88,-0.25,-2.2978,2.164,17552273,185673385.0,17047585227.1,8622221991.46
2016-01-11,'600432,吉恩镍业,10.88,11.3,10.3,10.5,10.81,0.07,0.6475,3.1425,25489209,275072722.0,17448516206.1,8825002376.96
2016-01-08,'600432,吉恩镍业,10.81,11.08,9.73,10.77,10.52,0.29,2.7567,2.6151,21211375,227286933.0,17336255532.0,8768223869.02
2016-01-07,'600432,吉恩镍业,10.52,11.42,10.52,11.4,11.69,-1.17,-10.0086,0.8216,6664250,71933682.0,16871175596.3,8532998621.84
2016-01-06,'600432,吉恩镍业,11.69,11.77,11.12,11.31,11.18,0.51,4.5617,2.7804,22552231,259236720.0,18747532578.0,9482010825.98
2016-01-05,'600432,吉恩镍业,11.18,11.6,10.63,11.0,11.6,-0.42,-3.6207,2.9023,23540897,261808741.0,17929633380.9,9068338839.56
2016-01-04,'600432,吉恩镍业,11.6,13.1,11.6,12.87,12.89,-1.29,-10.0078,1.5975,12957644,158946502.0,18603197425.6,9409009887.2
2015-12-31,'600432,吉恩镍业,12.89,13.28,12.88,13.25,13.25,-0.36,-2.717,1.6506,13388434,174840784.0,20672001277.2,10455356676.4
2015-12-30,'600432,吉恩镍业,13.25,13.46,13.08,13.37,13.26,-0.01,-0.0754,2.0059,16270093,215790940.0,21249341887.0,10747360431.5
2015-12-29,'600432,吉恩镍业,13.26,13.28,12.85,13.05,13.08,0.18,1.3761,1.9186,15562072,204116286.0,21265379126.2,10755471646.9
2015-12-28,'600432,吉恩镍业,13.08,13.54,13.06,13.25,13.23,-0.15,-1.1338,2.6835,21766134,289534552.0,20976708821.3,10609469769.4
2015-12-25,'600432,吉恩镍业,13.23,13.46,13.15,13.38,13.37,-0.14,-1.0471,2.0711,16798835,223220059.0,21217267408.7,10731138000.7
2015-12-24,'600432,吉恩镍业,13.37,13.64,12.96,13.42,13.42,-0.05,-0.3726,2.6161,21219370,282896620.0,21441788756.9,10844695016.5
2015-12-23,'600432,吉恩镍业,13.42,14.17,13.35,14.09,14.25,-0.83,-5.8246,4.4647,36214310,500022320.0,21521974952.7,10885251093.6
2015-12-22,'600432,吉恩镍业,14.25,14.44,13.77,13.8,13.89,0.36,2.5918,6.2026,50310291,712159709.0,22853065803.0,11558481973.5
2015-12-21,'600432,吉恩镍业,13.89,14.28,13.57,13.67,13.79,0.1,0.7252,6.1137,49589886,688498657.0,22275725193.2,11266478218.4
2015-12-18,'600432,吉恩镍业,13.79,14.28,13.62,13.9,14.32,-0.53,-3.7011,7.5335,61105967,850057784.0,22115352801.6,11185366064.2
2015-12-17,'600432,吉恩镍业,14.32,14.97,13.22,13.5,13.73,0.59,4.2972,13.5109,109589830,1516474355.0,22965326477.1,11615260481.4
2015-12-16,'600432,吉恩镍业,13.73,13.74,12.75,13.74,12.49,1.24,9.9279,13.9645,113269090,1515614395.0,22019129366.7,11136698771.7
2015-12-15,'600432,吉恩镍业,12.49,12.49,12.49,12.49,11.35,1.14,10.0441,0.3641,2953353,36887379.0,20030511710.8,10130908059.6
2015-12-14,'600432,吉恩镍业,11.35,11.35,11.35,11.35,10.32,1.03,9.9806,0.1393,1130219,12827986.0,18202266446.6,9206229501.7
2015-12-11,'600432,吉恩镍业,10.32,10.32,10.32,10.32,9.38,0.94,10.0213,0.0664,538251,5554750.0,16550430813.1,8370774313.44
2015-12-10,'600432,吉恩镍业,0.0,0.0,0.0,0.0,9.38,None,None,0.0,0,0.0,15042930332.1,7608320063.96
2015-12-09,'600432,吉恩镍业,0.0,0.0,0.0,0.0,9.38,None,None,0.0,0,0.0,15042930332.1,7608320063.96
2015-12-08,'600432,吉恩镍业,0.0,0.0,0.0,0.0,9.38,None,None,0.0,0,0.0,15042930332.1,7608320063.96
2015-12-07,'600432,吉恩镍业,0.0,0.0,0.0,0.0,9.38,None,None,0.0,0,0.0,15042930332.1,7608320063.96
2015-12-04,'600432,吉恩镍业,0.0,0.0,0.0,0.0,9.38,None,None,0.0,0,0.0,15042930332.1,7608320063.96
2015-12-03,'600432,吉恩镍业,0.0,0.0,0.0,0.0,9.38,None,None,0.0,0,0.0,15042930332.1,7608320063.96
2015-12-02,'600432,吉恩镍业,0.0,0.0,0.0,0.0,9.38,None,None,0.0,0,0.0,15042930332.1,7608320063.96
2015-12-01,'600432,吉恩镍业,0.0,0.0,0.0,0.0,9.38,None,None,0.0,0,0.0,15042930332.1,7608320063.96
2015-11-30,'600432,吉恩镍业,0.0,0.0,0.0,0.0,9.38,None,None,0.0,0,0.0,15042930332.1,7608320063.96
2015-11-27,'600432,吉恩镍业,0.0,0.0,0.0,0.0,9.38,None,None,0.0,0,0.0,15042930332.1,7608320063.96
2015-11-26,'600432,吉恩镍业,0.0,0.0,0.0,0.0,9.38,None,None,0.0,0,0.0,15042930332.1,7608320063.96
2015-11-25,'600432,吉恩镍业,0.0,0.0,0.0,0.0,9.38,None,None,0.0,0,0.0,15042930332.1,7608320063.96
2015-11-24,'600432,吉恩镍业,0.0,0.0,0.0,0.0,9.38,None,None,0.0,0,0.0,15042930332.1,7608320063.96
2015-11-23,'600432,吉恩镍业,0.0,0.0,0.0,0.0,9.38,None,None,0.0,0,0.0,15042930332.1,7608320063.96
2015-11-20,'600432,吉恩镍业,0.0,0.0,0.0,0.0,9.38,None,None,0.0,0,0.0,15042930332.1,7608320063.96
2015-11-19,'600432,吉恩镍业,0.0,0.0,0.0,0.0,9.38,None,None,0.0,0,0.0,15042930332.1,7608320063.96
2015-11-18,'600432,吉恩镍业,0.0,0.0,0.0,0.0,9.38,None,None,0.0,0,0.0,15042930332.1,7608320063.96
2015-11-17,'600432,吉恩镍业,0.0,0.0,0.0,0.0,9.38,None,None,0.0,0,0.0,15042930332.1,7608320063.96
2015-11-16,'600432,吉恩镍业,0.0,0.0,0.0,0.0,9.38,None,None,0.0,0,0.0,15042930332.1,7608320063.96
2015-11-13,'600432,吉恩镍业,0.0,0.0,0.0,0.0,9.38,None,None,0.0,0,0.0,15042930332.1,7608320063.96
2015-11-12,'600432,吉恩镍业,0.0,0.0,0.0,0.0,9.38,None,None,0.0,0,0.0,15042930332.1,7608320063.96
2015-11-11,'600432,吉恩镍业,0.0,0.0,0.0,0.0,9.38,None,None,0.0,0,0.0,15042930332.1,7608320063.96
2015-11-10,'600432,吉恩镍业,0.0,0.0,0.0,0.0,9.38,None,None,0.0,0,0.0,15042930332.1,7608320063.96
2015-11-09,'600432,吉恩镍业,0.0,0.0,0.0,0.0,9.38,None,None,0.0,0,0.0,15042930332.1,7608320063.96
2015-11-06,'600432,吉恩镍业,0.0,0.0,0.0,0.0,9.38,None,None,0.0,0,0.0,15042930332.1,7608320063.96
2015-11-05,'600432,吉恩镍业,0.0,0.0,0.0,0.0,9.38,None,None,0.0,0,0.0,15042930332.1,7608320063.96
2015-11-04,'600432,吉恩镍业,0.0,0.0,0.0,0.0,9.38,None,None,0.0,0,0.0,15042930332.1,7608320063.96
2015-11-03,'600432,吉恩镍业,0.0,0.0,0.0,0.0,9.38,None,None,0.0,0,0.0,15042930332.1,7608320063.96
2015-11-02,'600432,吉恩镍业,0.0,0.0,0.0,0.0,9.38,None,None,0.0,0,0.0,15042930332.1,7608320063.96
2015-10-30,'600432,吉恩镍业,0.0,0.0,0.0,0.0,9.38,None,None,0.0,0,0.0,15042930332.1,7608320063.96
2015-10-29,'600432,吉恩镍业,0.0,0.0,0.0,0.0,9.38,None,None,0.0,0,0.0,15042930332.1,7608320063.96
2015-10-28,'600432,吉恩镍业,0.0,0.0,0.0,0.0,9.38,None,None,0.0,0,0.0,15042930332.1,7608320063.96
2015-10-27,'600432,吉恩镍业,0.0,0.0,0.0,0.0,9.38,None,None,0.0,0,0.0,15042930332.1,7608320063.96
2015-10-26,'600432,吉恩镍业,0.0,0.0,0.0,0.0,9.38,None,None,0.0,0,0.0,15042930332.1,7608320063.96
2015-10-23,'600432,吉恩镍业,0.0,0.0,0.0,0.0,9.38,None,None,0.0,0,0.0,15042930332.1,7608320063.96
2015-10-22,'600432,吉恩镍业,0.0,0.0,0.0,0.0,9.38,None,None,0.0,0,0.0,15042930332.1,7608320063.96
2015-10-21,'600432,吉恩镍业,0.0,0.0,0.0,0.0,9.38,None,None,0.0,0,0.0,15042930332.1,7608320063.96
2015-10-20,'600432,吉恩镍业,0.0,0.0,0.0,0.0,9.38,None,None,0.0,0,0.0,15042930332.1,7608320063.96
2015-10-19,'600432,吉恩镍业,0.0,0.0,0.0,0.0,9.38,None,None,0.0,0,0.0,15042930332.1,7608320063.96
2015-10-16,'600432,吉恩镍业,0.0,0.0,0.0,0.0,9.38,None,None,0.0,0,0.0,15042930332.1,7608320063.96
2015-10-15,'600432,吉恩镍业,0.0,0.0,0.0,0.0,9.38,None,None,0.0,0,0.0,15042930332.1,7608320063.96
2015-10-14,'600432,吉恩镍业,0.0,0.0,0.0,0.0,9.38,None,None,0.0,0,0.0,15042930332.1,7608320063.96
2015-10-13,'600432,吉恩镍业,0.0,0.0,0.0,0.0,9.38,None,None,0.0,0,0.0,15042930332.1,7608320063.96
2015-10-12,'600432,吉恩镍业,0.0,0.0,0.0,0.0,9.38,None,None,0.0,0,0.0,15042930332.1,7608320063.96
2015-10-09,'600432,吉恩镍业,0.0,0.0,0.0,0.0,9.38,None,None,0.0,0,0.0,15042930332.1,7608320063.96
2015-10-08,'600432,吉恩镍业,0.0,0.0,0.0,0.0,9.38,None,None,0.0,0,0.0,15042930332.1,7608320063.96
2015-09-30,'600432,吉恩镍业,0.0,0.0,0.0,0.0,9.38,None,None,0.0,0,0.0,15042930332.1,7608320063.96
2015-09-29,'600432,吉恩镍业,0.0,0.0,0.0,0.0,9.38,None,None,0.0,0,0.0,15042930332.1,7608320063.96
2015-09-28,'600432,吉恩镍业,0.0,0.0,0.0,0.0,9.38,None,None,0.0,0,0.0,15042930332.1,7608320063.96
2015-09-25,'600432,吉恩镍业,0.0,0.0,0.0,0.0,9.38,None,None,0.0,0,0.0,15042930332.1,7608320063.96
2015-09-24,'600432,吉恩镍业,0.0,0.0,0.0,0.0,9.38,None,None,0.0,0,0.0,15042930332.1,7608320063.96
2015-09-23,'600432,吉恩镍业,0.0,0.0,0.0,0.0,9.38,None,None,0.0,0,0.0,15042930332.1,7608320063.96
2015-09-22,'600432,吉恩镍业,0.0,0.0,0.0,0.0,9.38,None,None,0.0,0,0.0,15042930332.1,7608320063.96
2015-09-21,'600432,吉恩镍业,0.0,0.0,0.0,0.0,9.38,None,None,0.0,0,0.0,15042930332.1,7608320063.96
2015-09-18,'600432,吉恩镍业,0.0,0.0,0.0,0.0,9.38,None,None,0.0,0,0.0,15042930332.1,7608320063.96
2015-09-17,'600432,吉恩镍业,0.0,0.0,0.0,0.0,9.38,None,None,0.0,0,0.0,15042930332.1,7608320063.96
2015-09-16,'600432,吉恩镍业,0.0,0.0,0.0,0.0,9.38,None,None,0.0,0,0.0,15042930332.1,7608320063.96
2015-09-15,'600432,吉恩镍业,0.0,0.0,0.0,0.0,9.38,None,None,0.0,0,0.0,15042930332.1,7608320063.96
2015-09-14,'600432,吉恩镍业,0.0,0.0,0.0,0.0,9.38,None,None,0.0,0,0.0,15042930332.1,7608320063.96
2015-09-11,'600432,吉恩镍业,0.0,0.0,0.0,0.0,9.38,None,None,0.0,0,0.0,15042930332.1,7608320063.96
2015-09-10,'600432,吉恩镍业,0.0,0.0,0.0,0.0,9.38,None,None,0.0,0,0.0,15042930332.1,7608320063.96
2015-09-09,'600432,吉恩镍业,0.0,0.0,0.0,0.0,9.38,None,None,0.0,0,0.0,15042930332.1,7608320063.96
2015-09-08,'600432,吉恩镍业,0.0,0.0,0.0,0.0,9.38,None,None,0.0,0,0.0,15042930332.1,7608320063.96
2015-09-07,'600432,吉恩镍业,0.0,0.0,0.0,0.0,9.38,None,None,0.0,0,0.0,15042930332.1,7608320063.96
2015-09-02,'600432,吉恩镍业,0.0,0.0,0.0,0.0,9.38,None,None,0.0,0,0.0,15042930332.1,7608320063.96
2015-09-01,'600432,吉恩镍业,0.0,0.0,0.0,0.0,9.38,None,None,0.0,0,0.0,15042930332.1,7608320063.96
2015-08-31,'600432,吉恩镍业,0.0,0.0,0.0,0.0,9.38,None,None,0.0,0,0.0,15042930332.1,7608320063.96
2015-08-28,'600432,吉恩镍业,0.0,0.0,0.0,0.0,9.38,None,None,0.0,0,0.0,15042930332.1,7608320063.96
2015-08-27,'600432,吉恩镍业,0.0,0.0,0.0,0.0,9.38,None,None,0.0,0,0.0,15042930332.1,7608320063.96
2015-08-26,'600432,吉恩镍业,0.0,0.0,0.0,0.0,9.38,None,None,0.0,0,0.0,15042930332.1,7608320063.96
2015-08-25,'600432,吉恩镍业,9.38,9.6,9.38,9.38,10.42,-1.04,-9.9808,2.3509,19068921,179196649.0,15042930332.1,7608320063.96
2015-08-24,'600432,吉恩镍业,10.42,11.01,10.42,11.01,11.58,-1.16,-10.0173,2.0729,16814028,177458596.0,16710803204.7,8451886467.64
2015-08-21,'600432,吉恩镍业,11.58,12.38,11.49,12.35,12.48,-0.9,-7.2115,2.7409,22231747,265310227.0,18571122947.3,9392787456.36
2015-08-20,'600432,吉恩镍业,12.48,13.18,12.21,12.42,12.54,-0.06,-0.4785,3.8203,30987378,394449157.0,20014474471.7,10122796844.2
2015-08-19,'600432,吉恩镍业,12.54,12.66,11.4,11.8,12.52,0.02,0.1597,3.5413,28723854,346211342.0,20110697906.6,10171464136.7
2015-08-18,'600432,吉恩镍业,12.52,14.0,12.52,14.0,13.91,-1.39,-9.9928,5.1333,41637436,551522448.0,20078623428.3,10155241705.8
2015-08-17,'600432,吉恩镍业,13.91,13.93,13.11,13.28,13.28,0.63,4.744,4.3373,35180447,478815029.0,22307799671.6,11282700649.2
2015-08-14,'600432,吉恩镍业,13.28,13.71,13.2,13.58,13.58,-0.3,-2.2091,4.1195,33414239,451180929.0,21297453604.5,10771694077.8
2015-08-13,'600432,吉恩镍业,13.58,13.6,12.88,12.96,13.05,0.53,4.0613,4.0729,33036250,436915684.0,21778570779.3,11015030540.4
2015-08-12,'600432,吉恩镍业,13.05,13.45,12.92,13.2,13.55,-0.5,-3.69,4.3249,35080183,462454042.0,20928597103.8,10585136123.1
2015-08-11,'600432,吉恩镍业,13.55,13.94,13.09,13.25,13.17,0.38,2.8853,5.5729,45203127,610364497.0,21730459061.8,10990696894.1
2015-08-10,'600432,吉恩镍业,13.17,13.25,12.46,12.46,12.43,0.74,5.9533,4.5515,36918013,475711205.0,21121043973.7,10682470708.1
2015-08-07,'600432,吉恩镍业,12.43,12.58,12.08,12.18,12.05,0.38,3.1535,3.5487,28784181,355104312.0,19934288275.9,10082240767.1
2015-08-06,'600432,吉恩镍业,12.05,12.18,11.51,11.7,11.93,0.12,1.0059,2.2157,17972187,214986762.0,19324873187.8,9774014581.1
2015-08-05,'600432,吉恩镍业,11.93,12.36,11.8,12.2,12.23,-0.3,-2.453,3.0682,24886853,300839239.0,19132426317.9,9676679996.06
2015-08-04,'600432,吉恩镍业,12.23,12.25,11.39,11.5,11.39,0.84,7.3749,3.3422,27109096,320628506.0,19613543492.7,9920016458.66
2015-08-03,'600432,吉恩镍业,11.39,11.69,10.94,11.69,11.81,-0.42,-3.5563,2.5199,20439455,231510685.0,18266415403.2,9238674363.38
2015-07-31,'600432,吉恩镍业,11.81,12.23,11.55,11.85,12.21,-0.4,-3.276,2.724,22095014,263320418.0,18939979448.0,9579345411.02
2015-07-30,'600432,吉恩镍业,12.21,12.86,12.05,12.47,12.6,-0.39,-3.0952,4.5136,36610844,459367039.0,19581469014.4,9903794027.82
2015-07-29,'600432,吉恩镍业,12.6,12.65,11.41,12.15,11.94,0.66,5.5276,4.3944,35643539,428413011.0,20206921341.6,10220131429.2
2015-07-28,'600432,吉恩镍业,11.94,12.77,11.67,11.96,12.97,-1.03,-7.9414,6.1097,49556861,592265158.0,19148463557.0,9684791211.48
2015-07-27,'600432,吉恩镍业,12.97,14.23,12.97,14.19,14.41,-1.44,-9.9931,5.6035,45451499,625388436.0,20800299190.5,10520246399.7
2015-07-24,'600432,吉恩镍业,14.41,15.2,14.0,14.16,14.15,0.26,1.8375,8.6435,70109491,1018576500.0,23109661629.6,11688261420.2
2015-07-23,'600432,吉恩镍业,14.15,14.28,13.21,13.39,13.45,0.7,5.2045,5.6327,45688310,628302058.0,22692693411.4,11477369819.3
2015-07-22,'600432,吉恩镍业,13.45,13.85,13.08,13.63,13.61,-0.16,-1.1756,4.8643,39455326,530115771.0,21570086670.2,10909584739.9
2015-07-21,'600432,吉恩镍业,13.61,13.64,12.63,12.85,13.08,0.53,4.052,5.0346,40836439,540384856.0,21826682496.8,11039364186.6
2015-07-20,'600432,吉恩镍业,13.08,13.48,12.62,12.87,12.97,0.11,0.8481,4.9976,40536857,528177041.0,20976708821.3,10609469769.4
2015-07-17,'600432,吉恩镍业,12.97,13.14,11.95,12.12,12.12,0.85,7.0132,4.2196,34226026,432432257.0,20800299190.5,10520246399.7
2015-07-16,'600432,吉恩镍业,12.12,12.49,10.95,11.2,11.9,0.22,1.8487,3.6285,29431904,349377176.0,19437133861.9,9830793089.04
2015-07-15,'600432,吉恩镍业,11.9,13.73,11.9,13.7,13.22,-1.32,-9.9849,7.257,58862859,756540411.0,19084314600.4,9652346349.8
2015-07-14,'600432,吉恩镍业,13.22,13.22,13.22,13.22,12.02,1.2,9.9834,0.3305,2680770,35439779.0,21201230169.5,10723026785.2
2015-07-13,'600432,吉恩镍业,12.02,12.02,12.02,12.02,10.93,1.09,9.9726,0.2986,2421915,29111418.0,19276761470.3,9749680934.84
2015-07-10,'600432,吉恩镍业,0.0,0.0,0.0,0.0,10.93,None,None,0.0,0,0.0,17528702401.9,8865558454.06
2015-07-09,'600432,吉恩镍业,0.0,0.0,0.0,0.0,10.93,None,None,0.0,0,0.0,17528702401.9,8865558454.06
2015-07-08,'600432,吉恩镍业,0.0,0.0,0.0,0.0,10.93,None,None,0.0,0,0.0,17528702401.9,8865558454.06
2015-07-07,'600432,吉恩镍业,0.0,0.0,0.0,0.0,10.93,None,None,0.0,0,0.0,17528702401.9,8865558454.06
2015-07-06,'600432,吉恩镍业,10.93,13.17,10.93,13.17,12.14,-1.21,-9.9671,5.1878,42079646,494845770.0,17528702401.9,8865558454.06
2015-07-03,'600432,吉恩镍业,12.14,13.49,12.14,12.88,13.49,-1.35,-10.0074,3.832,31082330,388822560.0,19469208340.2,9847015519.88
2015-07-02,'600432,吉恩镍业,13.49,15.47,13.49,14.75,14.99,-1.5,-10.0067,3.8347,31103854,443419292.0,21634235626.8,10942029601.6
2015-07-01,'600432,吉恩镍业,14.99,16.87,14.99,16.03,16.66,-1.67,-10.024,3.5251,28592752,462138271.0,24039821500.8,12158711914.6
2015-06-30,'600432,吉恩镍业,16.66,16.72,14.13,15.66,15.7,0.96,6.1146,4.0493,32844615,506945226.0,26718040440.6,13513284889.7
2015-06-29,'600432,吉恩镍业,15.7,17.78,15.64,17.73,17.38,-1.68,-9.6663,3.9437,31988261,533342202.0,25178465481.2,12734608209.4
2015-06-26,'600432,吉恩镍业,17.38,18.83,17.38,18.83,19.31,-1.93,-9.9948,3.4755,28190566,508345306.0,27872721660.1,14097292400.0
2015-06-25,'600432,吉恩镍业,19.31,20.88,18.87,20.7,20.85,-1.54,-7.3861,3.4997,28386468,570885666.0,30967908818.0,15662756976.0
2015-06-24,'600432,吉恩镍业,20.85,21.05,20.12,20.33,20.17,0.68,3.3713,3.8705,31394054,645147827.0,33437643648.6,16911884150.7
2015-06-23,'600432,吉恩镍业,20.17,20.29,18.6,19.49,19.77,0.4,2.0233,3.0084,24401591,480433982.0,32347111385.7,16360321502.1
2015-06-19,'600432,吉恩镍业,19.77,21.81,19.75,21.4,21.81,-2.04,-9.3535,2.8407,23041458,480172574.0,31705621819.3,16035872885.3
2015-06-18,'600432,吉恩镍业,21.81,23.09,21.64,22.85,23.04,-1.23,-5.3385,2.9364,23817512,537192145.0,34977218608.0,17690560831.0
2015-06-17,'600432,吉恩镍业,23.04,23.2,21.52,21.8,21.79,1.25,5.7366,3.7672,30556293,684105422.0,36949799024.6,18688240327.7
2015-06-16,'600432,吉恩镍业,21.79,22.73,21.44,22.73,22.9,-1.11,-4.8472,3.8843,31506144,694945715.0,34945144129.6,17674338400.2
2015-06-15,'600432,吉恩镍业,22.9,23.78,22.71,23.78,23.66,-0.76,-3.2122,4.1773,33883185,785414690.0,36725277676.4,18574683311.8
2015-06-12,'600432,吉恩镍业,23.66,24.68,23.5,24.25,24.01,-0.35,-1.4577,5.3389,43305177,1043641737.0,37944107852.6,19191135683.7
2015-06-11,'600432,吉恩镍业,24.01,24.35,23.1,23.5,23.72,0.29,1.2226,5.1871,42073773,1000867562.0,38505411223.2,19475028223.4
2015-06-10,'600432,吉恩镍业,23.72,24.71,22.86,23.05,23.78,-0.06,-0.2523,6.3766,51721712,1239551608.0,38040331287.5,19239802976.2
2015-06-09,'600432,吉恩镍业,23.78,24.29,22.4,23.02,23.14,0.64,2.7658,7.6412,61979520,1450903788.0,38136554722.5,19288470268.8
2015-06-08,'600432,吉恩镍业,23.14,25.3,22.51,23.7,23.51,-0.37,-1.5738,11.9988,97325099,2302020120.0,37110171416.2,18769352481.9
2015-06-05,'600432,吉恩镍业,23.51,23.51,22.39,22.5,21.37,2.14,10.014,6.2335,50561430,1176803095.0,37703549265.2,19069467452.4
2015-06-04,'600432,吉恩镍业,21.37,21.37,18.5,19.44,19.43,1.94,9.9846,6.9163,56099978,1137353456.0,34271580084.9,17333667352.5
2015-06-03,'600432,吉恩镍业,19.43,20.17,19.13,20.02,19.98,-0.55,-2.7528,4.4489,36086093,708408147.0,31160355687.9,15760091561.1
2015-06-02,'600432,吉恩镍业,19.98,20.1,19.11,19.67,19.5,0.48,2.4615,4.0712,33022329,652045989.0,32042403841.7,16206208409.2
2015-06-01,'600432,吉恩镍业,19.5,19.67,18.19,18.29,18.28,1.22,6.674,3.6859,29897486,566855268.0,31272616362.0,15816870069.0
2015-05-29,'600432,吉恩镍业,18.28,19.11,17.63,18.8,18.79,-0.51,-2.7142,3.7094,30087973,553660566.0,29316073184.5,14827301787.8
2015-05-28,'600432,吉恩镍业,18.79,21.2,18.69,20.65,20.77,-1.98,-9.533,5.4465,44178083,894734505.0,30133972381.6,15240973774.2
2015-05-27,'600432,吉恩镍业,20.77,20.95,19.71,20.03,20.33,0.44,2.1643,5.2872,42885763,870350297.0,33309345735.3,16846994427.3
2015-05-26,'600432,吉恩镍业,20.33,20.64,19.58,20.08,19.96,0.37,1.8537,4.7804,38775026,779844422.0,32603707212.3,16490100948.9
2015-05-25,'600432,吉恩镍业,19.96,20.0,19.2,19.28,19.39,0.57,2.9397,4.9718,40327641,796213730.0,32010329363.4,16189985978.3
2015-05-22,'600432,吉恩镍业,19.39,19.49,18.53,18.67,18.52,0.87,4.6976,4.8972,39722149,758823723.0,31096206731.2,15727646699.4
2015-05-21,'600432,吉恩镍业,18.52,18.54,18.15,18.52,18.53,-0.01,-0.054,3.0977,25126208,460994791.0,29700966924.3,15021970957.8
2015-05-20,'600432,吉恩镍业,18.53,18.87,18.36,18.41,18.67,-0.14,-0.7499,3.3297,27007810,502400759.0,29717004163.5,15030082173.3
2015-05-19,'600432,吉恩镍业,18.67,18.71,18.05,18.11,18.18,0.49,2.6953,2.4429,19815200,365829626.0,29941525511.7,15143639189.1
2015-05-18,'600432,吉恩镍业,18.18,18.5,18.05,18.4,18.7,-0.52,-2.7807,2.7307,22149668,403788378.0,29155700792.9,14746189633.6
2015-05-15,'600432,吉恩镍业,18.7,19.75,18.65,19.45,19.44,-0.74,-3.8066,3.6636,29716458,569986737.0,29989637229.2,15167972835.4
2015-05-14,'600432,吉恩镍业,19.44,19.62,18.39,18.91,19.02,0.42,2.2082,4.5747,37106631,701737533.0,31176392927.0,15768202776.5
2015-05-13,'600432,吉恩镍业,19.02,19.46,18.82,19.22,19.03,-0.01,-0.0525,3.4353,27864445,533592518.0,30502828882.3,15427531728.8
2015-05-12,'600432,吉恩镍业,19.03,19.29,18.8,19.01,19.1,-0.07,-0.3665,3.1663,25682161,487185118.0,30518866121.5,15435642944.3
2015-05-11,'600432,吉恩镍业,19.1,19.22,18.45,18.76,18.49,0.61,3.2991,3.2119,26052656,492183284.0,30631126795.6,15492421452.2
2015-05-08,'600432,吉恩镍业,18.49,18.58,18.01,18.36,18.1,0.39,2.1547,2.8717,23293067,426404243.0,29652855206.8,14997637311.6
2015-05-07,'600432,吉恩镍业,18.1,18.67,17.9,18.4,18.5,-0.4,-2.1622,2.3292,18892619,344902702.0,29027402879.6,14681299910.2
2015-05-06,'600432,吉恩镍业,18.5,19.08,18.0,18.86,18.42,0.08,0.4343,3.458,28048768,523908090.0,29668892446.0,15005748527.0
2015-05-05,'600432,吉恩镍业,18.42,19.83,18.3,19.8,19.53,-1.11,-5.6836,3.6973,29989391,568446248.0,29540594532.7,14940858803.6
2015-05-04,'600432,吉恩镍业,19.53,20.19,19.25,19.84,19.84,-0.31,-1.5625,2.8617,23211664,452875730.0,31320728079.5,15841203715.3
2015-04-30,'600432,吉恩镍业,19.84,20.99,19.72,20.3,20.49,-0.65,-3.1723,4.4333,35959061,723246661.0,31817882493.4,16092651393.3
2015-04-29,'600432,吉恩镍业,20.49,20.99,19.66,19.95,19.76,0.73,3.6943,6.3156,51227478,1051275982.0,32860303038.8,16619880395.6
2015-04-28,'600432,吉恩镍业,19.76,21.08,19.51,19.51,19.26,0.5,2.5961,7.1071,57646844,1158215333.0,31689584580.2,16027761669.9
2015-04-27,'600432,吉恩镍业,19.26,19.95,18.9,19.65,18.76,0.5,2.6652,4.9495,40146365,778044273.0,30887722622.2,15622200898.9
2015-04-24,'600432,吉恩镍业,18.76,19.17,18.46,19.0,19.23,-0.47,-2.4441,4.3836,35556037,669165694.0,30085860664.2,15216640127.9
2015-04-23,'600432,吉恩镍业,19.23,19.69,18.1,18.39,18.48,0.75,4.0584,7.2917,59144358,1117947246.0,30839610904.7,15597867252.7
2015-04-22,'600432,吉恩镍业,18.48,18.88,18.18,18.4,18.35,0.13,0.7084,5.6432,45772990,848333356.0,29636817967.7,14989526096.2
2015-04-21,'600432,吉恩镍业,18.35,18.5,17.68,18.06,18.03,0.32,1.7748,4.3785,35515291,642706029.0,29428333858.6,14884080295.7
2015-04-20,'600432,吉恩镍业,18.03,18.75,17.38,17.68,17.72,0.31,1.7494,8.1131,65807229,1195212859.0,28915142205.5,14624521402.3
2015-04-17,'600432,吉恩镍业,17.72,18.13,16.84,16.97,16.82,0.9,5.3508,7.0341,57055263,999675486.0,28417987791.5,14373073724.2
2015-04-16,'600432,吉恩镍业,16.82,16.97,16.3,16.47,16.62,0.2,1.2034,2.6129,21193576,353623596.0,26974636267.1,13643064336.4
2015-04-15,'600432,吉恩镍业,16.62,17.71,16.52,17.35,17.31,-0.69,-3.9861,3.7217,30187360,517149239.0,26653891483.9,13480840028.0
2015-04-14,'600432,吉恩镍业,17.31,17.33,16.7,17.04,17.07,0.24,1.406,4.0871,33151381,564315464.0,27760460986.0,14040513892.0
2015-04-13,'600432,吉恩镍业,17.07,17.29,16.81,16.92,16.88,0.19,1.1256,3.5247,28589297,487370615.0,27375567246.1,13845844721.9
2015-04-10,'600432,吉恩镍业,16.88,17.0,16.34,16.5,16.48,0.4,2.4272,3.1698,25710720,430156470.0,27070859702.1,13691731629.0
2015-04-09,'600432,吉恩镍业,16.48,17.18,16.28,17.06,17.1,-0.62,-3.6257,3.8026,30843513,512131012.0,26429370135.7,13367283012.2
2015-04-08,'600432,吉恩镍业,17.1,17.71,16.88,17.6,17.73,-0.63,-3.5533,5.2089,42250381,729034917.0,27423678963.6,13870178368.2
2015-04-07,'600432,吉恩镍业,17.73,17.75,17.03,17.2,17.05,0.68,3.9883,5.7535,46667663,811069164.0,28434025030.7,14381184939.7
2015-04-03,'600432,吉恩镍业,17.05,17.57,16.65,16.71,17.13,-0.08,-0.467,5.5812,45270087,773219335.0,27343492767.8,13829622291.1
2015-04-02,'600432,吉恩镍业,0.0,0.0,0.0,0.0,17.13,None,None,0.0,0,0.0,27471790681.1,13894512014.5
2015-04-01,'600432,吉恩镍业,17.13,17.25,16.85,17.0,17.23,-0.1,-0.5804,4.4985,36488668,622788745.0,27471790681.1,13894512014.5
2015-03-31,'600432,吉恩镍业,17.23,17.27,16.3,16.58,16.54,0.69,4.1717,6.9772,56593238,946780673.0,27632163072.7,13975624168.7
2015-03-30,'600432,吉恩镍业,16.54,16.65,16.37,16.43,16.52,0.02,0.1211,3.2612,26452660,436343050.0,26525593570.6,13415950304.7
2015-03-27,'600432,吉恩镍业,16.52,16.88,16.1,16.65,16.63,-0.11,-0.6615,3.0684,24888116,413173383.0,26493519092.3,13399727873.8
2015-03-26,'600432,吉恩镍业,16.63,16.85,15.8,16.11,16.15,0.48,2.9721,3.968,32185306,526311130.0,26669928723.1,13488951243.5
2015-03-25,'600432,吉恩镍业,16.15,16.55,15.99,16.55,16.45,-0.3,-1.8237,3.2749,26563670,428967585.0,25900141243.4,13099612903.3
2015-03-24,'600432,吉恩镍业,16.45,16.96,16.08,16.6,16.63,-0.18,-1.0824,4.2023,34086059,564869126.0,26381258418.2,13342949365.9
2015-03-23,'600432,吉恩镍业,16.63,16.77,16.39,16.48,16.2,0.43,2.6543,3.5216,28564683,474036854.0,26669928723.1,13488951243.5
2015-03-20,'600432,吉恩镍业,16.2,16.55,16.12,16.27,16.38,-0.18,-1.0989,2.8616,23211157,377937425.0,25980327439.2,13140168980.4
2015-03-19,'600432,吉恩镍业,16.38,16.85,16.09,16.18,16.18,0.2,1.2361,4.1396,33576808,552570356.0,26268997744.1,13286170858.0
2015-03-18,'600432,吉恩镍业,16.18,16.23,15.8,16.0,16.06,0.12,0.7472,3.649,29597493,475603202.0,25948252960.9,13123946549.6
2015-03-17,'600432,吉恩镍业,16.06,16.3,15.8,15.98,16.08,-0.02,-0.1244,3.7343,30289813,484454959.0,25755806091.0,13026611964.5
2015-03-16,'600432,吉恩镍业,16.08,16.12,15.7,15.93,15.74,0.34,2.1601,3.4786,28215554,449829982.0,25787880569.3,13042834395.4
2015-03-13,'600432,吉恩镍业,15.74,16.0,15.28,15.61,15.53,0.21,1.3522,2.5805,20931026,328373392.0,25242614437.8,12767053071.1
2015-03-12,'600432,吉恩镍业,15.53,15.8,15.11,15.3,15.34,0.19,1.2386,2.6695,21653071,335069480.0,24905832415.5,12596717547.3
2015-03-11,'600432,吉恩镍业,15.34,15.76,15.18,15.3,15.45,-0.11,-0.712,2.2774,18472834,284958911.0,24601124871.4,12442604454.3
2015-03-10,'600432,吉恩镍业,15.45,16.3,15.21,15.23,15.19,0.26,1.7117,4.3398,35201428,553911727.0,24777534502.2,12531827823.9
2015-03-09,'600432,吉恩镍业,15.19,15.4,15.03,15.23,15.18,0.01,0.0659,2.9844,24206977,367620511.0,24360566284.0,12320936223.0
2015-03-06,'600432,吉恩镍业,15.18,15.26,14.28,14.39,14.4,0.78,5.4167,4.5143,36616245,545928669.0,24344529044.9,12312825007.6
2015-03-05,'600432,吉恩镍业,14.4,14.59,14.29,14.4,14.4,0.0,0.0,1.3604,11034637,159065338.0,23093624390.4,11680150204.8
2015-03-04,'600432,吉恩镍业,14.4,14.6,14.28,14.53,14.54,-0.14,-0.9629,1.7654,14319835,206589652.0,23093624390.4,11680150204.8
2015-03-03,'600432,吉恩镍业,14.54,14.96,14.25,14.41,14.5,0.04,0.2759,2.9353,23808492,348246510.0,23318145738.6,11793707220.7
2015-03-02,'600432,吉恩镍业,14.5,14.63,14.37,14.37,14.3,0.2,1.3986,1.8281,14828087,214962442.0,23253996782.0,11761262359.0
2015-02-27,'600432,吉恩镍业,14.3,14.49,14.16,14.32,14.35,-0.05,-0.3484,1.3548,10989334,157330728.0,22933251998.8,11599038050.6
2015-02-26,'600432,吉恩镍业,14.35,14.36,14.0,14.16,14.16,0.19,1.3418,1.4774,11983521,170334505.0,23013438194.6,11639594127.7
2015-02-25,'600432,吉恩镍业,14.16,14.39,13.89,13.91,13.89,0.27,1.9438,1.4864,12056178,170072636.0,22708730650.6,11485481034.7
2015-02-17,'600432,吉恩镍业,13.89,14.06,13.79,14.03,13.98,-0.09,-0.6438,1.0684,8666096,120476485.0,22275725193.2,11266478218.4
2015-02-16,'600432,吉恩镍业,13.98,13.99,13.72,13.73,13.72,0.26,1.895,1.3526,10971162,152426783.0,22420060345.7,11339479157.2
2015-02-13,'600432,吉恩镍业,13.72,13.84,13.52,13.53,13.49,0.23,1.705,1.1776,9551931,130963206.0,22003092127.5,11128587556.2
2015-02-12,'600432,吉恩镍业,13.49,13.51,13.36,13.43,13.45,0.04,0.2974,0.5346,4336544,58289413.0,21634235626.8,10942029601.6
2015-02-11,'600432,吉恩镍业,13.45,13.53,13.36,13.48,13.54,-0.09,-0.6647,0.7683,6232097,83691259.0,21570086670.2,10909584739.9
2015-02-10,'600432,吉恩镍业,13.54,13.6,13.34,13.45,13.42,0.12,0.8942,0.6091,4940183,66651965.0,21714421822.6,10982585678.7
2015-02-09,'600432,吉恩镍业,13.42,13.46,13.12,13.14,13.23,0.19,1.4361,0.5163,4187680,55931860.0,21521974952.7,10885251093.6
2015-02-06,'600432,吉恩镍业,13.23,13.45,13.2,13.41,13.48,-0.25,-1.8546,0.912,7397402,98476679.0,21217267408.7,10731138000.7
2015-02-05,'600432,吉恩镍业,13.48,13.8,13.45,13.7,13.62,-0.14,-1.0279,1.1377,9228316,125153046.0,21618198387.7,10933918386.2
2016-02-15,'600432,吉恩镍业,9.34,9.34,8.1,8.1,8.49,0.85,10.0118,5.6357,45712175,397477094.0,14978781375.4,7575875202.28

