2016-05-13,'600439,瑞贝卡,5.01,5.07,4.98,5.05,5.06,-0.05,-0.9881,1.0746,10137098,50909250.0,4726039212.0,4726039212.0
2016-05-12,'600439,瑞贝卡,5.06,5.07,4.96,4.99,5.0,0.06,1.2,1.0942,10322042,51656792.0,4773205272.0,4773205272.0
2016-05-11,'600439,瑞贝卡,5.0,5.06,4.97,5.02,5.01,-0.01,-0.1996,0.8563,8077936,40519217.0,4716606000.0,4716606000.0
2016-05-10,'600439,瑞贝卡,5.01,5.04,4.98,5.0,4.99,0.02,0.4008,0.7527,7100206,35519618.0,4726039212.0,4726039212.0
2016-05-09,'600439,瑞贝卡,4.99,5.14,4.97,5.14,5.16,-0.17,-3.2946,1.6339,15412968,77598836.0,4707172788.0,4707172788.0
2016-05-06,'600439,瑞贝卡,5.16,5.4,5.15,5.38,5.38,-0.22,-4.0892,1.7731,16726426,88444179.0,4867537392.0,4867537392.0
2016-05-05,'600439,瑞贝卡,5.38,5.39,5.29,5.29,5.33,0.05,0.9381,1.1692,11029196,58915834.0,5075068056.0,5075068056.0
2016-05-04,'600439,瑞贝卡,5.33,5.45,5.28,5.37,5.39,-0.06,-1.1132,1.7822,16811909,90157368.0,5027901996.0,5027901996.0
2016-05-03,'600439,瑞贝卡,5.39,5.42,5.22,5.22,5.26,0.13,2.4715,1.8647,17590124,94529311.0,5084501268.0,5084501268.0
2016-04-29,'600439,瑞贝卡,5.26,5.33,5.23,5.24,5.29,-0.03,-0.5671,1.0448,9855553,52040853.0,4961869512.0,4961869512.0
2016-04-28,'600439,瑞贝卡,5.29,5.34,5.14,5.16,5.16,0.13,2.5194,2.2396,21126929,110535712.0,4990169148.0,4990169148.0
2016-04-27,'600439,瑞贝卡,5.16,5.24,5.15,5.18,5.17,-0.01,-0.1934,1.0228,9647865,50168144.0,4867537392.0,4867537392.0
2016-04-26,'600439,瑞贝卡,5.17,5.19,5.09,5.09,5.11,0.06,1.1742,0.7451,7028893,36119025.0,4876970604.0,4876970604.0
2016-04-25,'600439,瑞贝卡,5.11,5.14,5.04,5.13,5.15,-0.04,-0.7767,0.9167,8647381,43993465.0,4820371332.0,4820371332.0
2016-04-22,'600439,瑞贝卡,5.15,5.17,5.02,5.06,5.08,0.07,1.378,1.3087,12344802,62882199.0,4858104180.0,4858104180.0
2016-04-21,'600439,瑞贝卡,5.08,5.17,5.06,5.08,5.09,-0.01,-0.1965,1.7064,16097275,82204459.0,4792071696.0,4792071696.0
2016-04-20,'600439,瑞贝卡,5.09,5.43,5.01,5.41,5.4,-0.31,-5.7407,3.075,29007051,150500677.0,4801504908.0,4801504908.0
2016-04-19,'600439,瑞贝卡,5.4,5.43,5.34,5.41,5.39,0.01,0.1855,1.305,12309966,66268575.0,5093934480.0,5093934480.0
2016-04-18,'600439,瑞贝卡,5.39,5.52,5.34,5.52,5.54,-0.15,-2.7076,1.8068,17043621,91901473.0,5084501268.0,5084501268.0
2016-04-15,'600439,瑞贝卡,5.54,5.55,5.46,5.52,5.52,0.02,0.3623,1.7234,16256774,89603165.0,5225999448.0,5225999448.0
2016-04-14,'600439,瑞贝卡,5.52,5.55,5.46,5.53,5.48,0.04,0.7299,1.5083,14227861,78280619.0,5207133024.0,5207133024.0
2016-04-13,'600439,瑞贝卡,5.48,5.66,5.48,5.51,5.54,-0.06,-1.083,3.1345,29568569,164781000.0,5169400176.0,5169400176.0
2016-04-12,'600439,瑞贝卡,5.54,5.55,5.31,5.43,5.45,0.09,1.6514,2.7229,25685666,139711213.0,5225999448.0,5225999448.0
2016-04-11,'600439,瑞贝卡,5.45,5.53,5.38,5.44,5.4,0.05,0.9259,2.8707,27079963,147673323.0,5141100540.0,5141100540.0
2016-04-08,'600439,瑞贝卡,5.4,5.42,5.18,5.25,5.3,0.1,1.8868,2.5405,23964910,126536298.0,5093934480.0,5093934480.0
2016-04-07,'600439,瑞贝卡,5.3,5.46,5.28,5.45,5.48,-0.18,-3.2847,2.3801,22451929,120818070.0,4999602360.0,4999602360.0
2016-04-06,'600439,瑞贝卡,5.48,5.5,5.27,5.28,5.31,0.17,3.2015,3.7817,35673560,192358088.0,5169400176.0,5169400176.0
2016-04-05,'600439,瑞贝卡,5.31,5.32,5.17,5.2,5.2,0.11,2.1154,2.4708,23307455,122442511.0,5009035572.0,5009035572.0
2016-04-01,'600439,瑞贝卡,5.2,5.21,5.1,5.19,5.2,0.0,0.0,1.8152,17122962,88253383.0,4905270240.0,4905270240.0
2016-03-31,'600439,瑞贝卡,5.2,5.26,5.18,5.23,5.21,-0.01,-0.1919,2.187,20630787,107640486.0,4905270240.0,4905270240.0
2016-03-30,'600439,瑞贝卡,5.21,5.21,5.06,5.06,5.04,0.17,3.373,2.0469,19308834,99550521.0,4914703452.0,4914703452.0
2016-03-29,'600439,瑞贝卡,5.04,5.13,4.99,5.1,5.12,-0.08,-1.5625,1.6519,15582543,78612298.0,4754338848.0,4754338848.0
2016-03-28,'600439,瑞贝卡,5.12,5.23,5.11,5.16,5.15,-0.03,-0.5825,1.5706,14815546,76759496.0,4829804544.0,4829804544.0
2016-03-25,'600439,瑞贝卡,5.15,5.16,5.08,5.08,5.1,0.05,0.9804,1.1764,11096918,56848236.0,4858104180.0,4858104180.0
2016-03-24,'600439,瑞贝卡,5.1,5.19,5.09,5.19,5.23,-0.13,-2.4857,1.8654,17596422,90574838.0,4810938120.0,4810938120.0
2016-03-23,'600439,瑞贝卡,5.23,5.23,5.14,5.16,5.19,0.04,0.7707,1.6292,15368463,79688997.0,4933569876.0,4933569876.0
2016-03-22,'600439,瑞贝卡,5.19,5.24,5.12,5.18,5.21,-0.02,-0.3839,2.5696,24239501,125728454.0,4895837028.0,4895837028.0
2016-03-21,'600439,瑞贝卡,5.21,5.22,5.11,5.13,5.09,0.12,2.3576,3.0682,28942666,149521559.0,4914703452.0,4914703452.0
2016-03-18,'600439,瑞贝卡,5.09,5.13,4.92,4.95,4.95,0.14,2.8283,3.005,28347053,143140889.0,4801504908.0,4801504908.0
2016-03-17,'600439,瑞贝卡,4.95,4.98,4.8,4.83,4.83,0.12,2.4845,2.0728,19552958,95716302.0,4669439940.0,4669439940.0
2016-03-16,'600439,瑞贝卡,4.83,4.93,4.8,4.9,4.89,-0.06,-1.227,1.0143,9567860,46514830.0,4556241396.0,4556241396.0
2016-03-15,'600439,瑞贝卡,4.89,4.94,4.83,4.9,4.93,-0.04,-0.8114,1.0353,9766024,47775496.0,4612840668.0,4612840668.0
2016-03-14,'600439,瑞贝卡,4.93,5.02,4.84,4.86,4.82,0.11,2.2822,1.7055,16088610,79694893.0,4650573516.0,4650573516.0
2016-03-11,'600439,瑞贝卡,4.82,4.84,4.67,4.74,4.8,0.02,0.4167,0.8451,7972095,37898292.0,4546808184.0,4546808184.0
2016-03-10,'600439,瑞贝卡,4.8,4.93,4.75,4.89,4.88,-0.08,-1.6393,0.8588,8100832,39451887.0,4527941760.0,4527941760.0
2016-03-09,'600439,瑞贝卡,4.88,4.96,4.85,4.95,5.04,-0.16,-3.1746,1.1543,10888342,53400514.0,4603407456.0,4603407456.0
2016-03-08,'600439,瑞贝卡,5.04,5.06,4.83,5.05,5.06,-0.02,-0.3953,1.8329,17290209,85299140.0,4754338848.0,4754338848.0
2016-03-07,'600439,瑞贝卡,5.06,5.08,4.98,4.98,4.96,0.1,2.0161,1.4219,13412743,67616126.0,4773205272.0,4773205272.0
2016-03-04,'600439,瑞贝卡,4.96,5.13,4.88,5.09,5.18,-0.22,-4.2471,2.4383,23000888,115066096.0,4678873152.0,4678873152.0
2016-03-03,'600439,瑞贝卡,5.18,5.28,4.93,4.99,5.0,0.18,3.6,3.2608,30759928,156171353.0,4886403816.0,4886403816.0
2016-03-02,'600439,瑞贝卡,5.0,5.02,4.71,4.74,4.75,0.25,5.2632,2.1074,19879126,97064047.0,4716606000.0,4716606000.0
2016-03-01,'600439,瑞贝卡,4.75,4.77,4.6,4.7,4.66,0.09,1.9313,1.5055,14201246,66711455.0,4480775700.0,4480775700.0
2016-02-29,'600439,瑞贝卡,4.66,5.02,4.55,5.01,5.04,-0.38,-7.5397,2.0895,19710771,92265619.0,4395876792.0,4395876792.0
2016-02-26,'600439,瑞贝卡,5.04,5.14,4.92,5.09,5.06,-0.02,-0.3953,1.9617,18505549,93175810.0,4754338848.0,4754338848.0
2016-02-25,'600439,瑞贝卡,5.06,5.49,4.96,5.49,5.51,-0.45,-8.167,2.517,23743634,123460728.0,4773205272.0,4773205272.0
2016-02-24,'600439,瑞贝卡,5.51,5.51,5.35,5.41,5.46,0.05,0.9158,1.7571,16574802,90190773.0,5197699812.0,5197699812.0
2016-02-23,'600439,瑞贝卡,5.46,5.55,5.29,5.54,5.54,-0.08,-1.444,1.842,17376001,94652060.0,5150533752.0,5150533752.0
2016-02-22,'600439,瑞贝卡,5.54,5.55,5.45,5.5,5.46,0.08,1.4652,2.3238,21921011,120731168.0,5225999448.0,5225999448.0
2016-02-19,'600439,瑞贝卡,5.46,5.47,5.31,5.35,5.36,0.1,1.8657,1.6381,15452480,83258103.0,5150533752.0,5150533752.0
2016-02-18,'600439,瑞贝卡,5.36,5.45,5.34,5.39,5.38,-0.02,-0.3717,1.5763,14869790,80223642.0,5056201632.0,5056201632.0
2016-02-17,'600439,瑞贝卡,5.38,5.43,5.27,5.31,5.34,0.04,0.7491,2.0537,19373416,103421721.0,5075068056.0,5075068056.0
2016-02-16,'600439,瑞贝卡,5.34,5.36,5.15,5.18,5.15,0.19,3.6893,1.7214,16238489,85992402.0,5037335208.0,5037335208.0
2016-02-15,'600439,瑞贝卡,5.15,5.19,5.0,5.0,5.22,-0.07,-1.341,0.8415,7937683,40447029.0,4858104180.0,4858104180.0
2016-02-05,'600439,瑞贝卡,5.22,5.33,5.21,5.31,5.31,-0.09,-1.6949,0.964,9093371,47852824.0,4924136664.0,4924136664.0
2016-02-04,'600439,瑞贝卡,5.31,5.37,5.21,5.29,5.24,0.07,1.3359,1.3868,13081842,69343268.0,5009035572.0,5009035572.0
2016-02-03,'600439,瑞贝卡,5.24,5.28,5.05,5.1,5.16,0.08,1.5504,1.5677,14788663,76706707.0,4943003088.0,4943003088.0
2016-02-02,'600439,瑞贝卡,5.16,5.21,5.03,5.08,5.02,0.14,2.7888,1.2328,11628823,59884832.0,4867537392.0,4867537392.0
2016-02-01,'600439,瑞贝卡,5.02,5.16,4.95,5.15,5.15,-0.13,-2.5243,0.9306,8778201,44314742.0,4735472424.0,4735472424.0
2016-01-29,'600439,瑞贝卡,5.15,5.2,4.95,5.0,4.96,0.19,3.8306,1.3062,12321875,62689412.0,4858104180.0,4858104180.0
2016-01-28,'600439,瑞贝卡,4.96,5.27,4.92,5.18,5.2,-0.24,-4.6154,1.3961,13169577,67260519.0,4678873152.0,4678873152.0
2016-01-27,'600439,瑞贝卡,5.2,5.36,4.97,5.32,5.34,-0.14,-2.6217,1.8863,17793576,91825411.0,4905270240.0,4905270240.0
2016-01-26,'600439,瑞贝卡,5.34,5.58,5.2,5.57,5.63,-0.29,-5.151,2.3951,22593938,122276975.0,5037335208.0,5037335208.0
2016-01-25,'600439,瑞贝卡,5.63,5.67,5.49,5.54,5.5,0.13,2.3636,1.6118,15204230,84625956.0,5310898356.0,5310898356.0
2016-01-22,'600439,瑞贝卡,5.5,5.55,5.36,5.47,5.37,0.13,2.4209,1.5975,15069728,82588298.0,5188266600.0,5188266600.0
2016-01-21,'600439,瑞贝卡,5.37,5.68,5.36,5.55,5.64,-0.27,-4.7872,1.8301,17263710,95496855.0,5065634844.0,5065634844.0
2016-01-20,'600439,瑞贝卡,5.64,5.75,5.51,5.62,5.65,-0.01,-0.177,2.0123,18982855,106770746.0,5320331568.0,5320331568.0
2016-01-19,'600439,瑞贝卡,5.65,5.69,5.43,5.45,5.48,0.17,3.1022,2.1336,20126565,112637789.0,5329764780.0,5329764780.0
2016-01-18,'600439,瑞贝卡,5.48,5.58,5.31,5.35,5.44,0.04,0.7353,1.7029,16063740,87519325.0,5169400176.0,5169400176.0
2016-01-15,'600439,瑞贝卡,5.44,5.79,5.4,5.72,5.79,-0.35,-6.0449,1.9903,18774977,105074203.0,5131667328.0,5131667328.0
2016-01-14,'600439,瑞贝卡,5.79,5.82,5.4,5.48,5.6,0.19,3.3929,1.932,18225126,102541384.0,5461829748.0,5461829748.0
2016-01-13,'600439,瑞贝卡,5.6,5.92,5.57,5.82,5.78,-0.18,-3.1142,2.0478,19317530,111566603.0,5282598720.0,5282598720.0
2016-01-12,'600439,瑞贝卡,5.78,5.86,5.6,5.81,5.71,0.07,1.2259,2.0717,19542684,112370779.0,5452396536.0,5452396536.0
2016-01-11,'600439,瑞贝卡,5.71,6.26,5.66,5.95,6.12,-0.41,-6.6993,3.5092,33102709,198595910.0,5386364052.0,5386364052.0
2016-01-08,'600439,瑞贝卡,6.12,6.27,5.81,6.18,5.91,0.21,3.5533,3.3835,31917646,195474223.0,5773125744.0,5773125744.0
2016-01-07,'600439,瑞贝卡,5.91,6.56,5.88,6.43,6.52,-0.61,-9.3558,1.1856,11184301,70586052.0,5575028292.0,5575028292.0
2016-01-06,'600439,瑞贝卡,6.52,6.58,6.22,6.22,6.23,0.29,4.6549,3.3136,31258329,199353008.0,6150454224.0,6150454224.0
2016-01-05,'600439,瑞贝卡,6.23,6.46,5.97,6.15,6.39,-0.16,-2.5039,3.2593,30745369,191707140.0,5876891076.0,5876891076.0
2016-01-04,'600439,瑞贝卡,6.39,7.07,6.39,7.03,7.1,-0.71,-10.0,2.3889,22534789,151558537.0,6027822468.0,6027822468.0
2015-12-31,'600439,瑞贝卡,7.1,7.36,7.08,7.22,7.27,-0.17,-2.3384,2.4114,22747033,164903011.0,6697580520.0,6697580520.0
2015-12-30,'600439,瑞贝卡,7.27,7.36,7.0,7.05,7.03,0.24,3.4139,4.3334,40877957,294024634.0,6857945124.0,6857945124.0
2015-12-29,'600439,瑞贝卡,7.03,7.07,6.89,7.01,7.01,0.02,0.2853,2.8818,27184458,189401899.0,6631548036.0,6631548036.0
2015-12-28,'600439,瑞贝卡,7.01,7.43,7.0,7.43,7.38,-0.37,-5.0136,3.642,34355614,247833852.0,6612681612.0,6612681612.0
2015-12-25,'600439,瑞贝卡,7.38,7.38,7.28,7.3,7.31,0.07,0.9576,2.4592,23198509,170149163.0,6961710456.0,6961710456.0
2015-12-24,'600439,瑞贝卡,7.31,7.34,7.15,7.19,7.24,0.07,0.9669,2.8202,26603265,193125775.0,6895677972.0,6895677972.0
2015-12-23,'600439,瑞贝卡,7.24,7.58,7.21,7.51,7.54,-0.3,-3.9788,4.7604,44905937,331130923.0,6829645488.0,6829645488.0
2015-12-22,'600439,瑞贝卡,7.54,7.64,7.36,7.46,7.44,0.1,1.3441,4.6907,44248779,331654864.0,7112641848.0,7112641848.0
2015-12-21,'600439,瑞贝卡,7.44,7.57,7.3,7.37,7.42,0.02,0.2695,4.0256,37974406,283140392.0,7018309728.0,7018309728.0
2015-12-18,'600439,瑞贝卡,7.42,7.62,7.38,7.56,7.64,-0.22,-2.8796,4.5435,42859583,319669243.0,6999443304.0,6999443304.0
2015-12-17,'600439,瑞贝卡,7.64,7.65,7.38,7.55,7.49,0.15,2.0027,7.3903,69714230,522242485.0,7206973968.0,7206973968.0
2015-12-16,'600439,瑞贝卡,7.49,7.78,7.42,7.57,7.61,-0.12,-1.5769,6.0881,57430743,436889356.0,7065475788.0,7065475788.0
2015-12-15,'600439,瑞贝卡,7.61,7.68,7.31,7.52,7.51,0.1,1.3316,5.7289,54042227,406312636.0,7178674332.0,7178674332.0
2015-12-14,'600439,瑞贝卡,7.51,7.68,7.21,7.25,7.36,0.15,2.038,6.8911,65005563,487556327.0,7084342212.0,7084342212.0
2015-12-11,'600439,瑞贝卡,7.36,7.52,7.09,7.13,7.2,0.16,2.2222,7.4511,70287725,513982576.0,6942844032.0,6942844032.0
2015-12-10,'600439,瑞贝卡,7.2,7.54,6.94,7.06,7.04,0.16,2.2727,8.7051,82117382,592901712.0,6791912640.0,6791912640.0
2015-12-09,'600439,瑞贝卡,7.04,7.07,6.75,6.85,6.87,0.17,2.4745,4.4843,42301729,292290900.0,6640981248.0,6640981248.0
2015-12-08,'600439,瑞贝卡,6.87,7.11,6.85,7.08,7.21,-0.34,-4.7157,4.5721,43129558,300505526.0,6480616644.0,6480616644.0
2015-12-07,'600439,瑞贝卡,7.21,7.24,6.77,6.82,6.77,0.44,6.4993,6.6366,62604736,439480368.0,6801345852.0,6801345852.0
2015-12-04,'600439,瑞贝卡,6.77,6.93,6.73,6.86,6.93,-0.16,-2.3088,3.4303,32358533,220483905.0,6386284524.0,6386284524.0
2015-12-03,'600439,瑞贝卡,6.93,6.94,6.74,6.86,6.88,0.05,0.7267,3.9544,37302916,256015946.0,6537215916.0,6537215916.0
2015-12-02,'600439,瑞贝卡,6.88,7.06,6.6,6.99,7.08,-0.2,-2.8249,4.5113,42556431,291221057.0,6490049856.0,6490049856.0
2015-12-01,'600439,瑞贝卡,7.08,7.1,6.6,6.61,6.71,0.37,5.5142,6.5106,61416212,421330988.0,6678714096.0,6678714096.0
2015-11-30,'600439,瑞贝卡,6.71,6.73,6.12,6.6,6.47,0.24,3.7094,4.6883,44225923,287305781.0,6329685252.0,6329685252.0
2015-11-27,'600439,瑞贝卡,6.47,7.04,6.3,6.84,6.95,-0.48,-6.9065,5.0897,48012077,323044619.0,6103288164.0,6103288164.0
2015-11-26,'600439,瑞贝卡,6.95,7.25,6.8,6.88,6.9,0.05,0.7246,6.8182,64317124,452641680.0,6556082340.0,6556082340.0
2015-11-25,'600439,瑞贝卡,6.9,7.02,6.76,7.01,6.96,-0.06,-0.8621,5.7855,54575647,375025879.0,6508916280.0,6508916280.0
2015-11-24,'600439,瑞贝卡,6.96,7.07,6.61,6.67,6.6,0.36,5.4545,8.6005,81130731,555080670.0,6565515552.0,6565515552.0
2015-11-23,'600439,瑞贝卡,6.6,6.9,6.56,6.6,6.58,0.02,0.304,5.9734,56348738,377968221.0,6225919920.0,6225919920.0
2015-11-20,'600439,瑞贝卡,6.58,6.59,6.4,6.47,6.46,0.12,1.8576,3.9356,37125507,240845618.0,6207053496.0,6207053496.0
2015-11-19,'600439,瑞贝卡,6.46,6.48,6.27,6.31,6.29,0.17,2.7027,2.5535,24087837,153768326.0,6093854952.0,6093854952.0
2015-11-18,'600439,瑞贝卡,6.29,6.37,6.22,6.33,6.3,-0.01,-0.1587,2.2126,20872067,131898425.0,5933490348.0,5933490348.0
2015-11-17,'600439,瑞贝卡,6.3,6.54,6.28,6.43,6.38,-0.08,-1.2539,3.4444,32491805,208391305.0,5942923560.0,5942923560.0
2015-11-16,'600439,瑞贝卡,6.38,6.39,6.12,6.16,6.29,0.09,1.4308,2.215,20894262,131076208.0,6018389256.0,6018389256.0
2015-11-13,'600439,瑞贝卡,6.29,6.45,6.24,6.43,6.52,-0.23,-3.5276,3.6455,34388401,217853789.0,5933490348.0,5933490348.0
2015-11-12,'600439,瑞贝卡,6.52,6.67,6.43,6.59,6.6,-0.08,-1.2121,4.3967,41474617,271491834.0,6150454224.0,6150454224.0
2015-11-11,'600439,瑞贝卡,6.6,6.63,6.47,6.52,6.54,0.06,0.9174,3.4068,32137238,210972845.0,6225919920.0,6225919920.0
2015-11-10,'600439,瑞贝卡,6.54,6.61,6.43,6.5,6.55,-0.01,-0.1527,3.7821,35677021,233122860.0,6169320648.0,6169320648.0
2015-11-09,'600439,瑞贝卡,6.55,6.64,6.36,6.5,6.59,-0.04,-0.607,4.494,42392627,275892607.0,6178753860.0,6178753860.0
2015-11-06,'600439,瑞贝卡,6.59,6.78,6.47,6.47,6.47,0.12,1.8547,6.1291,57817018,381614889.0,6216486708.0,6216486708.0
2015-11-05,'600439,瑞贝卡,6.47,6.48,6.2,6.35,6.36,0.11,1.7296,5.9742,56356218,356633406.0,6103288164.0,6103288164.0
2015-11-04,'600439,瑞贝卡,6.36,6.37,6.05,6.05,6.04,0.32,5.298,5.3745,50698382,316586575.0,5999522832.0,5999522832.0
2015-11-03,'600439,瑞贝卡,6.04,6.05,5.92,5.97,5.97,0.07,1.1725,2.1322,20113407,120510913.0,5697660048.0,5697660048.0
2015-11-02,'600439,瑞贝卡,5.97,6.13,5.9,5.97,6.09,-0.12,-1.9704,3.0928,29175257,175576589.0,5631627564.0,5631627564.0
2015-10-30,'600439,瑞贝卡,6.09,6.19,5.95,6.05,6.1,-0.01,-0.1639,3.4133,32197962,196367633.0,5744826108.0,5744826108.0
2015-10-29,'600439,瑞贝卡,6.1,6.2,5.97,6.0,5.95,0.15,2.521,3.5799,33769528,205538647.0,5754259320.0,5754259320.0
2015-10-28,'600439,瑞贝卡,5.95,6.17,5.92,6.02,6.07,-0.12,-1.9769,3.1907,30098700,182158806.0,5612761140.0,5612761140.0
2015-10-27,'600439,瑞贝卡,6.07,6.13,5.77,6.08,6.12,-0.05,-0.817,3.4574,32614536,194384848.0,5725959684.0,5725959684.0
2015-10-26,'600439,瑞贝卡,6.12,6.2,6.0,6.1,6.04,0.08,1.3245,4.2445,40038864,243822285.0,5773125744.0,5773125744.0
2015-10-23,'600439,瑞贝卡,6.04,6.07,5.82,5.87,5.84,0.2,3.4247,4.6605,43963210,262296909.0,5697660048.0,5697660048.0
2015-10-22,'600439,瑞贝卡,5.84,5.91,5.58,5.65,5.65,0.19,3.3628,3.8671,36479640,209225376.0,5508995808.0,5508995808.0
2015-10-21,'600439,瑞贝卡,5.65,6.25,5.65,6.2,6.28,-0.63,-10.0318,6.2283,58752484,350234424.0,5329764780.0,5329764780.0
2015-10-20,'600439,瑞贝卡,6.28,6.31,5.84,5.9,5.93,0.35,5.9022,6.7178,63370149,388827752.0,5924057136.0,5924057136.0
2015-10-19,'600439,瑞贝卡,5.93,6.09,5.83,6.03,6.03,-0.1,-1.6584,3.7473,35348946,210537422.0,5593894716.0,5593894716.0
2015-10-16,'600439,瑞贝卡,6.03,6.07,5.87,6.02,5.97,0.06,1.005,3.9466,37228964,222480554.0,5688226836.0,5688226836.0
2015-10-15,'600439,瑞贝卡,5.97,6.0,5.71,5.73,5.79,0.18,3.1088,3.5052,33065035,194571829.0,5631627564.0,5631627564.0
2015-10-14,'600439,瑞贝卡,5.79,6.05,5.72,5.77,5.82,-0.03,-0.5155,4.0234,37953419,222418324.0,5461829748.0,5461829748.0
2015-10-13,'600439,瑞贝卡,5.82,5.85,5.64,5.72,5.78,0.04,0.692,3.2048,30231415,173917459.0,5490129384.0,5490129384.0
2015-10-12,'600439,瑞贝卡,5.78,5.83,5.51,5.55,5.52,0.26,4.7101,3.7455,35331784,201786237.0,5452396536.0,5452396536.0
2015-10-09,'600439,瑞贝卡,5.52,5.56,5.39,5.43,5.43,0.09,1.6575,2.5384,23945023,131294627.0,5207133024.0,5207133024.0
2015-10-08,'600439,瑞贝卡,5.43,5.49,5.35,5.44,5.25,0.18,3.4286,2.4437,23052027,125332858.0,5122234116.0,5122234116.0
2015-09-30,'600439,瑞贝卡,5.25,5.3,5.23,5.24,5.23,0.02,0.3824,0.8689,8196943,43135486.0,4952436300.0,4952436300.0
2015-09-29,'600439,瑞贝卡,5.23,5.28,5.15,5.22,5.35,-0.12,-2.243,1.3226,12476566,65182949.0,4933569876.0,4933569876.0
2015-09-28,'600439,瑞贝卡,5.35,5.36,5.16,5.26,5.26,0.09,1.711,1.4787,13949058,73510041.0,5046768420.0,5046768420.0
2015-09-25,'600439,瑞贝卡,5.26,5.47,5.2,5.4,5.5,-0.24,-4.3636,2.8203,26604766,141347437.0,4961869512.0,4961869512.0
2015-09-24,'600439,瑞贝卡,5.5,5.51,5.31,5.31,5.29,0.21,3.9698,3.516,33167322,179853988.0,5188266600.0,5188266600.0
2015-09-23,'600439,瑞贝卡,5.29,5.43,5.23,5.35,5.47,-0.18,-3.2907,2.6614,25105182,133592550.0,4990169148.0,4990169148.0
2015-09-22,'600439,瑞贝卡,5.47,5.58,5.37,5.41,5.39,0.08,1.4842,3.0593,28859174,157857080.0,5159966964.0,5159966964.0
2015-09-21,'600439,瑞贝卡,5.39,5.44,5.1,5.13,5.22,0.17,3.2567,2.571,24253196,128298797.0,5084501268.0,5084501268.0
2015-09-18,'600439,瑞贝卡,5.22,5.27,5.1,5.2,5.14,0.08,1.5564,2.1534,20313713,105239013.0,4924136664.0,4924136664.0
2015-09-17,'600439,瑞贝卡,5.14,5.48,5.11,5.25,5.34,-0.2,-3.7453,3.8143,35981000,191394059.0,4848670968.0,4848670968.0
2015-09-16,'600439,瑞贝卡,5.34,5.34,4.9,4.91,4.85,0.49,10.1031,3.0321,28602380,146239724.0,5037335208.0,5037335208.0
2015-09-15,'600439,瑞贝卡,4.85,5.1,4.83,5.0,5.07,-0.22,-4.3393,2.4448,23061884,114543800.0,4575107820.0,4575107820.0
2015-09-14,'600439,瑞贝卡,5.07,5.72,5.07,5.66,5.63,-0.56,-9.9467,3.529,33289946,175605427.0,4782638484.0,4782638484.0
2015-09-11,'600439,瑞贝卡,5.63,5.7,5.5,5.63,5.6,0.03,0.5357,2.0243,19095735,107075535.0,5310898356.0,5310898356.0
2015-09-10,'600439,瑞贝卡,5.6,5.78,5.6,5.66,5.81,-0.21,-3.6145,2.6899,25374199,144280769.0,5282598720.0,5282598720.0
2015-09-09,'600439,瑞贝卡,5.81,5.9,5.56,5.66,5.62,0.19,3.3808,4.7317,44634977,255929559.0,5480696172.0,5480696172.0
2015-09-08,'600439,瑞贝卡,5.62,5.65,5.17,5.23,5.24,0.38,7.2519,3.272,30865432,166445844.0,5301465144.0,5301465144.0
2015-09-07,'600439,瑞贝卡,5.24,5.45,5.02,5.02,5.07,0.17,3.3531,3.2233,30406085,160808026.0,4943003088.0,4943003088.0
2015-09-02,'600439,瑞贝卡,5.07,5.42,4.9,4.97,5.22,-0.15,-2.8736,3.4848,32873131,169435132.0,4782638484.0,4782638484.0
2015-09-01,'600439,瑞贝卡,5.22,5.6,5.18,5.6,5.68,-0.46,-8.0986,3.861,36421625,195049655.0,4924136664.0,4924136664.0
2015-08-31,'600439,瑞贝卡,5.68,5.95,5.62,5.93,6.11,-0.43,-7.0376,5.0971,48082096,278426462.0,5358064416.0,5358064416.0
2015-08-28,'600439,瑞贝卡,6.11,6.17,5.81,6.1,5.68,0.43,7.5704,7.5949,71644680,427198660.0,5763692532.0,5763692532.0
2015-08-27,'600439,瑞贝卡,5.68,5.68,5.26,5.3,5.16,0.52,10.0775,4.7768,45060959,248555574.0,5358064416.0,5358064416.0
2015-08-26,'600439,瑞贝卡,5.16,5.59,4.98,5.31,5.24,-0.08,-1.5267,4.5959,43354229,230209982.0,4867537392.0,4867537392.0
2015-08-25,'600439,瑞贝卡,5.24,5.48,5.24,5.24,5.82,-0.58,-9.9656,3.727,35157369,187161042.0,4943003088.0,4943003088.0
2015-08-24,'600439,瑞贝卡,5.82,6.3,5.82,6.14,6.47,-0.65,-10.0464,3.9643,37395638,222570086.0,5490129384.0,5490129384.0
2015-08-21,'600439,瑞贝卡,6.47,6.77,6.31,6.62,6.85,-0.38,-5.5474,4.1737,39371355,258972121.0,6103288164.0,6103288164.0
2015-08-20,'600439,瑞贝卡,6.85,7.16,6.82,6.95,7.08,-0.23,-3.2486,4.2277,39880760,278268983.0,6461750220.0,6461750220.0
2015-08-19,'600439,瑞贝卡,7.08,7.2,6.36,6.67,7.01,0.07,0.9986,6.1406,57925711,392538369.0,6678714096.0,6678714096.0
2015-08-18,'600439,瑞贝卡,7.01,7.83,7.01,7.8,7.79,-0.78,-10.0128,6.6455,62688617,462800113.0,6612681612.0,6612681612.0
2015-08-17,'600439,瑞贝卡,7.79,7.86,7.44,7.65,7.7,0.09,1.1688,6.1579,58088390,444346329.0,7348472148.0,7348472148.0
2015-08-14,'600439,瑞贝卡,7.7,7.91,7.65,7.83,7.89,-0.19,-2.4081,6.7733,63894207,497612491.0,7263573240.0,7263573240.0
2015-08-13,'600439,瑞贝卡,7.89,7.91,7.4,7.66,7.79,0.1,1.2837,9.9413,93778600,716848631.0,7442804268.0,7442804268.0
2015-08-12,'600439,瑞贝卡,7.79,8.29,7.66,7.8,7.8,-0.01,-0.1282,15.0844,142294352,1131333561.0,7348472148.0,7348472148.0
2015-08-11,'600439,瑞贝卡,7.8,7.8,6.97,7.04,7.09,0.71,10.0141,13.5226,127561677,962293794.0,7357905360.0,7357905360.0
2015-08-10,'600439,瑞贝卡,7.09,7.1,6.59,6.66,6.58,0.51,7.7508,6.5762,62034494,425060934.0,6688147308.0,6688147308.0
2015-08-07,'600439,瑞贝卡,6.58,6.63,6.33,6.35,6.29,0.29,4.6105,4.7971,45252164,294652432.0,6207053496.0,6207053496.0
2015-08-06,'600439,瑞贝卡,6.29,6.42,6.11,6.17,6.33,-0.04,-0.6319,2.9826,28135756,176527676.0,5933490348.0,5933490348.0
2015-08-05,'600439,瑞贝卡,6.33,6.64,6.27,6.52,6.5,-0.17,-2.6154,4.3916,41426450,267865413.0,5971223196.0,5971223196.0
2015-08-04,'600439,瑞贝卡,6.5,6.5,6.03,6.03,5.97,0.53,8.8777,3.8271,36102041,226569159.0,6131587800.0,6131587800.0
2015-08-03,'600439,瑞贝卡,5.97,6.22,5.78,6.12,6.22,-0.25,-4.0193,2.9554,27878945,167070723.0,5631627564.0,5631627564.0
2015-07-31,'600439,瑞贝卡,6.22,6.45,6.1,6.25,6.42,-0.2,-3.1153,3.0531,28800475,180630172.0,5867457864.0,5867457864.0
2015-07-30,'600439,瑞贝卡,6.42,6.8,6.35,6.59,6.68,-0.26,-3.8922,5.1484,48565769,322086225.0,6056122104.0,6056122104.0
2015-07-29,'600439,瑞贝卡,6.68,6.74,6.05,6.23,6.14,0.54,8.7948,4.8338,45597850,288348710.0,6301385616.0,6301385616.0
2015-07-28,'600439,瑞贝卡,6.14,6.59,5.91,6.09,6.57,-0.43,-6.5449,6.3069,59494749,366259129.0,5791992168.0,5791992168.0
2015-07-27,'600439,瑞贝卡,6.57,7.3,6.57,7.12,7.3,-0.73,-10.0,6.6244,62489834,435824282.0,6197620284.0,6197620284.0
2015-07-24,'600439,瑞贝卡,7.3,7.76,7.18,7.65,7.64,-0.34,-4.4503,8.0556,75989944,572245359.0,6886244760.0,6886244760.0
2015-07-23,'600439,瑞贝卡,7.64,7.71,7.28,7.35,7.35,0.29,3.9456,7.3936,69745669,522862843.0,7206973968.0,7206973968.0
2015-07-22,'600439,瑞贝卡,7.35,7.44,7.04,7.15,7.23,0.12,1.6598,7.0338,66351619,480278735.0,6933410820.0,6933410820.0
2015-07-21,'600439,瑞贝卡,7.23,7.43,6.96,7.1,7.26,-0.03,-0.4132,6.9064,65149219,470063534.0,6820212276.0,6820212276.0
2015-07-20,'600439,瑞贝卡,7.26,7.41,6.9,7.0,6.9,0.36,5.2174,10.2821,96992914,695515047.0,6848511912.0,6848511912.0
2015-07-17,'600439,瑞贝卡,6.9,6.9,6.21,6.31,6.27,0.63,10.0478,7.1227,67190124,445240402.0,6508916280.0,6508916280.0
2015-07-16,'600439,瑞贝卡,6.27,6.6,5.56,5.56,6.02,0.25,4.1528,6.0347,56926642,349427429.0,5914623924.0,5914623924.0
2015-07-15,'600439,瑞贝卡,6.02,7.01,5.95,7.01,6.37,-0.35,-5.4945,11.4729,108226415,707076802.0,5678793624.0,5678793624.0
2015-07-14,'600439,瑞贝卡,6.37,6.37,6.37,6.37,5.79,0.58,10.0173,0.2193,2069140,13180422.0,6008956044.0,6008956044.0
2015-07-13,'600439,瑞贝卡,5.79,5.79,5.79,5.79,5.26,0.53,10.076,0.1634,1541149,8923253.0,5461829748.0,5461829748.0
2015-07-10,'600439,瑞贝卡,0.0,0.0,0.0,0.0,5.26,None,None,0.0,0,0.0,4961869512.0,4961869512.0
2015-07-09,'600439,瑞贝卡,0.0,0.0,0.0,0.0,5.26,None,None,0.0,0,0.0,4961869512.0,4961869512.0
2015-07-08,'600439,瑞贝卡,0.0,0.0,0.0,0.0,5.26,None,None,0.0,0,0.0,4961869512.0,4961869512.0
2015-07-07,'600439,瑞贝卡,5.26,5.68,5.26,5.59,5.84,-0.58,-9.9315,4.1454,39104052,210140080.0,4961869512.0,4961869512.0
2015-07-06,'600439,瑞贝卡,5.84,7.0,5.72,7.0,6.36,-0.52,-8.1761,6.9861,65901584,413128069.0,5508995808.0,5508995808.0
2015-07-03,'600439,瑞贝卡,6.36,7.09,6.36,6.78,7.07,-0.71,-10.0424,5.3921,50865142,332310869.0,5999522832.0,5999522832.0
2015-07-02,'600439,瑞贝卡,7.07,7.91,7.07,7.6,7.85,-0.78,-9.9363,6.143,57947887,423990358.0,6669280884.0,6669280884.0
2015-07-01,'600439,瑞贝卡,7.85,8.89,7.85,8.6,8.72,-0.87,-9.9771,6.1803,58299673,493259817.0,7405071420.0,7405071420.0
2015-06-30,'600439,瑞贝卡,8.72,8.75,7.46,8.0,8.29,0.43,5.187,7.6414,72083059,581984294.0,8225760864.0,8225760864.0
2015-06-29,'600439,瑞贝卡,8.29,9.47,8.29,9.45,9.21,-0.92,-9.9891,6.7329,63512504,549830819.0,7820132748.0,7820132748.0
2015-06-26,'600439,瑞贝卡,9.21,9.88,9.21,9.81,10.23,-1.02,-9.9707,5.5746,52586207,493593047.0,8687988252.0,8687988252.0
2015-06-25,'600439,瑞贝卡,10.23,11.19,10.09,11.18,11.18,-0.95,-8.4973,5.5924,52753891,562226017.0,9650175876.0,9650175876.0
2015-06-24,'600439,瑞贝卡,11.18,11.36,10.66,10.93,10.77,0.41,3.8069,5.9647,56266186,623449822.0,10546331016.0,10546331016.0
2015-06-23,'600439,瑞贝卡,10.77,11.28,10.03,10.6,11.14,-0.37,-3.3214,7.1422,67374353,705789555.0,10159569324.0,10159569324.0
2015-06-19,'600439,瑞贝卡,11.14,12.16,11.14,11.9,12.38,-1.24,-10.0162,6.1932,58421749,680491556.0,10508598168.0,10508598168.0
2015-06-18,'600439,瑞贝卡,12.38,13.35,12.26,12.37,12.35,0.03,0.2429,8.8101,83107268,1064935046.0,11678316456.0,11678316456.0
2015-06-17,'600439,瑞贝卡,12.35,12.48,11.16,11.4,11.44,0.91,7.9545,8.2037,77387279,918827904.0,11650016820.0,11650016820.0
2015-06-16,'600439,瑞贝卡,11.44,12.49,11.32,12.29,12.58,-1.14,-9.062,8.7264,82317722,980287672.0,10791594528.0,10791594528.0
2015-06-15,'600439,瑞贝卡,12.58,13.07,11.9,12.05,12.11,0.47,3.8811,9.134,86163380,1068843829.0,11866980696.0,11866980696.0
2015-06-12,'600439,瑞贝卡,12.11,12.54,11.43,11.65,11.54,0.57,4.9393,9.0322,85202254,1023730603.0,11423619732.0,11423619732.0
2015-06-11,'600439,瑞贝卡,11.54,11.54,10.41,10.51,10.49,1.05,10.0095,8.3208,78491771,857123004.0,10885926648.0,10885926648.0
2015-06-10,'600439,瑞贝卡,10.49,10.67,10.01,10.25,10.28,0.21,2.0428,5.5394,52254663,545187299.0,9895439388.0,9895439388.0
2015-06-09,'600439,瑞贝卡,10.28,10.49,10.09,10.29,10.34,-0.06,-0.5803,4.3473,41008724,419628630.0,9697341936.0,9697341936.0
2015-06-08,'600439,XD瑞贝卡,10.34,10.76,10.12,10.66,10.66,-0.32,-3.0019,4.6343,43716145,451521333.0,9753941208.0,9753941208.0
2015-06-05,'600439,瑞贝卡,10.7,11.16,10.4,10.9,10.79,-0.09,-0.8341,6.5088,61399138,664881297.0,10093536840.0,10093536840.0
2015-06-04,'600439,瑞贝卡,10.79,10.82,9.75,10.74,10.81,-0.02,-0.185,6.0689,57249526,590117008.0,10178435748.0,10178435748.0
2015-06-03,'600439,瑞贝卡,10.81,11.35,10.42,11.0,10.7,0.11,1.028,7.2433,68328022,743918294.0,10197302172.0,10197302172.0
2015-06-02,'600439,瑞贝卡,10.7,10.79,9.8,9.9,9.86,0.84,8.5193,7.4323,70110652,712623716.0,10093536840.0,10093536840.0
2015-06-01,'600439,瑞贝卡,9.86,10.04,9.12,9.19,9.19,0.67,7.2905,6.0518,57087858,550861005.0,9301147032.0,9301147032.0
2015-05-29,'600439,瑞贝卡,9.19,9.56,8.18,8.98,9.03,0.16,1.7719,6.8145,64282469,576092648.0,8669121828.0,8669121828.0
2015-05-28,'600439,瑞贝卡,9.03,10.15,8.88,9.74,9.75,-0.72,-7.3846,6.9529,65588071,634638729.0,8518190436.0,8518190436.0
2015-05-27,'600439,瑞贝卡,9.75,10.04,9.62,9.9,9.92,-0.17,-1.7137,5.4532,51440835,504039749.0,9197381700.0,9197381700.0
2015-05-26,'600439,瑞贝卡,9.92,10.16,9.59,9.76,9.76,0.16,1.6393,7.1717,67651835,667900190.0,9357746304.0,9357746304.0
2015-05-25,'600439,瑞贝卡,9.76,10.05,9.18,9.4,9.14,0.62,6.7834,11.0579,104311492,1009215160.0,9206814912.0,9206814912.0
2015-05-22,'600439,瑞贝卡,9.14,9.14,8.15,8.4,8.31,0.83,9.988,8.1436,76820317,662233925.0,8621955768.0,8621955768.0
2015-05-21,'600439,瑞贝卡,8.31,8.32,8.06,8.23,8.15,0.16,1.9632,5.4534,51442617,419668391.0,7838999172.0,7838999172.0
2015-05-20,'600439,瑞贝卡,8.15,8.76,8.12,8.35,8.33,-0.18,-2.1609,6.8547,64661640,546691839.0,7688067780.0,7688067780.0
2015-05-19,'600439,瑞贝卡,8.33,8.5,8.01,8.24,8.23,0.1,1.2151,6.4435,60782929,500911793.0,7857865596.0,7857865596.0
2015-05-18,'600439,瑞贝卡,8.23,8.45,7.91,8.17,8.17,0.06,0.7344,8.7198,82256026,677234544.0,7763533476.0,7763533476.0
