2016-05-13,'600523,贵航股份,15.47,15.7,15.33,15.37,15.46,0.01,0.0647,0.9467,2732252,42470596.0,4467640086.0,4464693051.0
2016-05-12,'600523,贵航股份,15.46,15.51,14.92,15.15,15.4,0.06,0.3896,0.8053,2324236,35454871.0,4464752148.0,4461807018.0
2016-05-11,'600523,贵航股份,15.4,15.6,15.3,15.55,15.43,-0.03,-0.1944,0.7619,2198785,33981193.0,4447424520.0,4444490820.0
2016-05-10,'600523,贵航股份,15.43,15.58,15.33,15.42,15.44,-0.01,-0.0648,0.7414,2139664,33100996.0,4456088334.0,4453148919.0
2016-05-09,'600523,贵航股份,15.44,16.0,15.33,16.0,16.16,-0.72,-4.4554,1.3531,3905185,61023702.0,4458976272.0,4456034952.0
2016-05-06,'600523,贵航股份,16.16,17.2,16.15,17.13,17.23,-1.07,-6.2101,2.1408,6178490,103117798.0,4666907808.0,4663829328.0
2016-05-05,'600523,贵航股份,17.23,17.38,16.81,16.9,16.8,0.43,2.5595,2.1769,6282497,107781471.0,4975917174.0,4972634859.0
2016-05-04,'600523,贵航股份,16.8,16.96,16.71,16.82,16.94,-0.14,-0.8264,1.2159,3509059,59075731.0,4851735840.0,4848535440.0
2016-05-03,'600523,贵航股份,16.94,16.96,16.24,16.36,16.39,0.55,3.3557,1.4618,4218892,70550812.0,4892166972.0,4888939902.0
2016-04-29,'600523,贵航股份,16.39,16.56,16.0,16.1,16.21,0.18,1.1104,1.2308,3552200,58162066.0,4733330382.0,4730208087.0
2016-04-28,'600523,贵航股份,16.21,16.55,15.9,16.51,16.48,-0.27,-1.6383,1.3517,3901173,63206885.0,4681347498.0,4678259493.0
2016-04-27,'600523,贵航股份,16.48,16.65,16.35,16.52,16.53,-0.05,-0.3025,1.3087,3776861,62318010.0,4759321824.0,4756182384.0
2016-04-26,'600523,贵航股份,16.53,16.6,16.1,16.44,16.47,0.06,0.3643,1.3867,4001975,65364006.0,4773761514.0,4770612549.0
2016-04-25,'600523,贵航股份,16.47,16.59,16.12,16.33,16.63,-0.16,-0.9621,0.9634,2780346,45548118.0,4756433886.0,4753296351.0
2016-04-22,'600523,贵航股份,16.63,16.69,16.02,16.1,16.38,0.25,1.5263,0.8604,2483060,40958519.0,4802640894.0,4799472879.0
2016-04-21,'600523,贵航股份,16.38,16.76,16.31,16.53,16.53,-0.15,-0.9074,1.156,3336219,55431875.0,4730442444.0,4727322054.0
2016-04-20,'600523,贵航股份,16.53,17.9,16.0,17.49,17.49,-0.96,-5.4889,2.4483,7065996,120099460.0,4773761514.0,4770612549.0
2016-04-19,'600523,贵航股份,17.49,17.58,17.26,17.5,17.31,0.18,1.0399,1.1424,3296907,57560235.0,5051003562.0,5047671717.0
2016-04-18,'600523,贵航股份,17.31,17.88,17.06,17.88,18.0,-0.69,-3.8333,1.4945,4313147,75257803.0,4999020678.0,4995723123.0
2016-04-15,'600523,贵航股份,18.0,18.25,17.81,17.99,17.98,0.02,0.1112,1.883,5434454,97859333.0,5198288400.0,5194859400.0
2016-04-14,'600523,贵航股份,17.98,18.05,17.78,17.92,17.81,0.17,0.9545,1.2972,3743638,67057993.0,5192512524.0,5189087334.0
2016-04-13,'600523,贵航股份,17.81,18.19,17.67,17.78,17.67,0.14,0.7923,2.1023,6067231,109183083.0,5143417578.0,5140024773.0
2016-04-12,'600523,贵航股份,17.67,17.85,17.35,17.69,17.72,-0.05,-0.2822,1.4629,4222109,74456178.0,5102986446.0,5099620311.0
2016-04-11,'600523,贵航股份,17.72,17.95,17.4,17.5,17.36,0.36,2.0737,1.4488,4181371,74162523.0,5117426136.0,5114050476.0
2016-04-08,'600523,贵航股份,17.36,17.65,17.03,17.4,17.61,-0.25,-1.4196,1.8388,5306914,92524830.0,5013460368.0,5010153288.0
2016-04-07,'600523,贵航股份,17.61,18.11,17.58,18.08,18.09,-0.48,-2.6534,1.834,5293020,94351087.0,5085658818.0,5082304113.0
2016-04-06,'600523,贵航股份,18.09,18.31,17.81,18.2,18.31,-0.22,-1.2015,2.6754,7721165,139482378.0,5224279842.0,5220833697.0
2016-04-05,'600523,贵航股份,18.31,18.48,17.8,18.07,18.07,0.24,1.3282,2.7482,7931469,144073165.0,5287814478.0,5284326423.0
2016-04-01,'600523,贵航股份,18.07,18.2,17.28,17.3,17.56,0.51,2.9043,3.2846,9479428,168215187.0,5218503966.0,5215061631.0
2016-03-31,'600523,贵航股份,17.56,17.95,17.17,17.33,17.28,0.28,1.6204,2.9061,8387140,147732376.0,5071219128.0,5067873948.0
2016-03-30,'600523,贵航股份,17.28,17.32,16.75,16.75,16.57,0.71,4.2849,1.8064,5213288,88664186.0,4990356864.0,4987065024.0
2016-03-29,'600523,贵航股份,16.57,17.03,16.49,16.83,16.93,-0.36,-2.1264,1.8516,5343782,89341494.0,4785313266.0,4782156681.0
2016-03-28,'600523,贵航股份,16.93,17.85,16.8,17.51,17.45,-0.52,-2.9799,2.5732,7426254,129097552.0,4889279034.0,4886053869.0
2016-03-25,'600523,贵航股份,17.45,17.85,16.93,16.93,16.93,0.52,3.0715,3.2441,9362533,163020254.0,5039451810.0,5036127585.0
2016-03-24,'600523,贵航股份,16.93,17.5,16.83,17.0,17.13,-0.2,-1.1675,2.3928,6905728,118699110.0,4889279034.0,4886053869.0
2016-03-23,'600523,贵航股份,17.13,17.23,16.84,17.13,17.15,-0.02,-0.1166,1.7527,5058307,86116619.0,4947037794.0,4943774529.0
2016-03-22,'600523,贵航股份,17.15,17.43,16.57,16.62,16.85,0.3,1.7804,3.1722,9154999,155820254.0,4952813670.0,4949546595.0
2016-03-21,'600523,贵航股份,16.85,16.88,16.38,16.57,16.32,0.53,3.2475,2.4826,7164901,119134040.0,4866175530.0,4862965605.0
2016-03-18,'600523,贵航股份,16.32,16.38,15.59,15.7,15.68,0.64,4.0816,2.3619,6816505,109989766.0,4713114816.0,4710005856.0
2016-03-17,'600523,贵航股份,15.68,15.79,15.15,15.2,15.08,0.6,3.9788,1.6283,4699433,72924452.0,4528286784.0,4525299744.0
2016-03-16,'600523,贵航股份,15.08,15.61,14.87,15.58,15.5,-0.42,-2.7097,1.1999,3463090,52711454.0,4355010504.0,4352137764.0
2016-03-15,'600523,贵航股份,15.5,15.64,15.26,15.46,15.5,0.0,0.0,1.1799,3405134,52756945.0,4476303900.0,4473351150.0
2016-03-14,'600523,贵航股份,15.5,15.75,15.09,15.09,14.91,0.59,3.9571,1.6952,4892269,75939553.0,4476303900.0,4473351150.0
2016-03-11,'600523,贵航股份,14.91,15.08,14.5,14.88,15.02,-0.11,-0.7324,0.9599,2770370,41095212.0,4305915558.0,4303075203.0
2016-03-10,'600523,贵航股份,15.02,15.62,15.01,15.5,15.46,-0.44,-2.8461,1.0,2885919,44214661.0,4337682876.0,4334821566.0
2016-03-09,'600523,贵航股份,15.46,15.99,15.3,15.38,15.85,-0.39,-2.4606,1.0994,3172892,49530989.0,4464752148.0,4461807018.0
2016-03-08,'600523,贵航股份,15.85,15.86,15.12,15.82,15.86,-0.01,-0.0631,1.4743,4254972,65957615.0,4577381730.0,4574362305.0
2016-03-07,'600523,贵航股份,15.86,15.92,15.38,15.38,15.32,0.54,3.5248,1.6295,4702719,73876397.0,4580269668.0,4577248338.0
2016-03-04,'600523,贵航股份,15.32,16.08,15.0,15.5,15.54,-0.22,-1.4157,2.3411,6756441,105584080.0,4424321016.0,4421402556.0
2016-03-03,'600523,贵航股份,15.54,15.94,15.48,15.5,15.59,-0.05,-0.3207,1.877,5416964,85359185.0,4487855652.0,4484895282.0
2016-03-02,'600523,贵航股份,15.59,15.62,14.4,14.64,14.66,0.93,6.3438,1.8014,5199026,78717467.0,4502295342.0,4499325447.0
2016-03-01,'600523,贵航股份,14.66,14.96,14.06,14.11,14.1,0.56,3.9716,1.6017,4622694,67299961.0,4233717108.0,4230924378.0
2016-02-29,'600523,贵航股份,14.1,15.36,13.87,15.36,15.4,-1.3,-8.4416,1.8272,5273400,74938634.0,4071992580.0,4069306530.0
2016-02-26,'600523,贵航股份,15.4,15.78,15.0,15.57,15.48,-0.08,-0.5168,1.6419,4738441,73496476.0,4447424520.0,4444490820.0
2016-02-25,'600523,贵航股份,15.48,17.19,15.48,17.03,17.2,-1.72,-10.0,2.0169,5820895,94314076.0,4470528024.0,4467579084.0
2016-02-24,'600523,贵航股份,17.2,17.25,16.43,16.72,16.78,0.42,2.503,1.5923,4595505,77513950.0,4967253360.0,4963976760.0
2016-02-23,'600523,贵航股份,16.78,17.09,16.53,17.07,17.01,-0.23,-1.3521,1.5704,4532225,76100973.0,4845959964.0,4842763374.0
2016-02-22,'600523,贵航股份,17.01,17.19,16.9,16.98,16.8,0.21,1.25,1.6283,4699457,80107853.0,4912382538.0,4909142133.0
2016-02-19,'600523,贵航股份,16.8,16.9,16.5,16.67,16.71,0.09,0.5386,1.4132,4078570,68065215.0,4851735840.0,4848535440.0
2016-02-18,'600523,贵航股份,16.71,17.0,16.36,16.74,16.65,0.06,0.3604,1.9421,5604957,93549448.0,4825744398.0,4822561143.0
2016-02-17,'600523,贵航股份,16.65,17.05,16.3,16.4,16.45,0.2,1.2158,2.4237,6994934,117036985.0,4808416770.0,4805244945.0
2016-02-16,'600523,贵航股份,16.45,16.5,15.76,15.76,15.75,0.7,4.4444,1.6399,4732940,77015261.0,4750658010.0,4747524285.0
2016-02-15,'600523,贵航股份,15.75,15.8,14.9,14.9,15.55,0.2,1.2862,1.1271,3252903,50418363.0,4548502350.0,4545501975.0
2016-02-05,'600523,贵航股份,15.55,15.88,15.5,15.7,15.71,-0.16,-1.0185,1.241,3581482,56138904.0,4490743590.0,4487781315.0
2016-02-04,'600523,贵航股份,15.71,16.15,15.21,15.22,15.13,0.58,3.8334,2.3124,6673659,104968987.0,4536950598.0,4533957843.0
2016-02-03,'600523,贵航股份,15.13,15.2,14.62,14.8,15.01,0.12,0.7995,1.574,4542655,67822186.0,4369450194.0,4366567929.0
2016-02-02,'600523,贵航股份,15.01,15.18,14.45,14.45,14.4,0.61,4.2361,1.8582,5362914,80252120.0,4334794938.0,4331935533.0
2016-02-01,'600523,贵航股份,14.4,14.8,14.03,14.58,14.67,-0.27,-1.8405,1.3997,4039522,58530046.0,4158630720.0,4155887520.0
2016-01-29,'600523,贵航股份,14.67,14.94,13.81,13.93,13.92,0.75,5.3879,1.6932,4886606,70549131.0,4236605046.0,4233810411.0
2016-01-28,'600523,贵航股份,13.92,14.84,13.72,14.68,15.01,-1.09,-7.2618,1.5012,4332415,62666326.0,4020009696.0,4017357936.0
2016-01-27,'600523,贵航股份,15.01,15.15,13.63,14.73,14.68,0.33,2.248,2.2053,6364494,91558762.0,4334794938.0,4331935533.0
2016-01-26,'600523,贵航股份,14.68,16.4,14.68,16.03,16.31,-1.63,-9.9939,1.9365,5588741,87559027.0,4239492984.0,4236696444.0
2016-01-25,'600523,贵航股份,16.31,16.49,16.0,16.3,16.13,0.18,1.1159,1.2262,3538797,57637569.0,4710226878.0,4707119823.0
2016-01-22,'600523,贵航股份,16.13,16.36,15.42,15.97,15.77,0.36,2.2828,1.5201,4387047,70170564.0,4658243994.0,4655171229.0
2016-01-21,'600523,贵航股份,15.77,16.94,15.74,16.37,16.64,-0.87,-5.2284,1.6963,4895587,80165940.0,4554278226.0,4551274041.0
2016-01-20,'600523,贵航股份,16.64,17.17,16.45,16.78,16.98,-0.34,-2.0024,1.8571,5359611,90030443.0,4805528832.0,4802358912.0
2016-01-19,'600523,贵航股份,16.98,17.18,16.02,16.26,16.26,0.72,4.428,2.0164,5819371,96604866.0,4903718724.0,4900484034.0
2016-01-18,'600523,贵航股份,16.26,16.46,15.03,15.15,15.66,0.6,3.8314,1.746,5039016,80776887.0,4695787188.0,4692689658.0
2016-01-15,'600523,贵航股份,15.66,16.52,15.45,15.77,15.9,-0.24,-1.5094,2.6579,7670718,123518586.0,4522510908.0,4519527678.0
2016-01-14,'600523,贵航股份,15.9,15.95,14.6,14.63,15.11,0.79,5.2283,1.8415,5314657,81307275.0,4591821420.0,4588792470.0
2016-01-13,'600523,贵航股份,15.11,16.49,15.07,16.3,16.21,-1.1,-6.7859,1.4909,4302770,68894614.0,4363674318.0,4360795863.0
2016-01-12,'600523,贵航股份,16.21,16.58,15.7,16.25,16.37,-0.16,-0.9774,1.623,4683935,75763690.0,4681347498.0,4678259493.0
2016-01-11,'600523,贵航股份,16.37,17.8,16.37,17.64,18.19,-1.82,-10.0055,2.5766,7436208,125649963.0,4727554506.0,4724436021.0
2016-01-08,'600523,贵航股份,18.19,19.06,17.11,18.88,18.47,-0.28,-1.516,2.1802,6292246,116275331.0,5253159222.0,5249694027.0
2016-01-07,'600523,贵航股份,18.47,19.95,18.47,19.95,20.52,-2.05,-9.9903,0.511,1474700,28200277.0,5334021486.0,5330502951.0
2016-01-06,'600523,贵航股份,20.52,20.8,20.08,20.09,20.17,0.35,1.7353,1.8718,5402152,110406999.0,5926048776.0,5922139716.0
2016-01-05,'600523,贵航股份,20.17,20.95,18.51,19.0,20.17,0.0,0.0,2.7743,8006748,159465488.0,5824970946.0,5821128561.0
2016-01-04,'600523,贵航股份,20.17,22.96,20.16,22.79,22.4,-2.23,-9.9554,2.2065,6368171,139835961.0,5824970946.0,5821128561.0
2015-12-31,'600523,贵航股份,22.4,23.32,22.28,23.03,23.16,-0.76,-3.2815,2.2164,6396620,146325614.0,6468981120.0,6464713920.0
2015-12-30,'600523,贵航股份,23.16,23.65,22.6,22.74,22.66,0.5,2.2065,3.7409,10796382,251279606.0,6688464408.0,6684052428.0
2015-12-29,'600523,贵航股份,22.66,22.69,21.42,21.62,21.68,0.98,4.5203,2.2867,6599456,145743736.0,6544067508.0,6539750778.0
2015-12-28,'600523,贵航股份,21.68,22.75,21.65,22.27,22.25,-0.57,-2.5618,3.2786,9462092,211709805.0,6261049584.0,6256919544.0
2015-12-25,'600523,贵航股份,22.25,22.36,21.69,21.77,21.63,0.62,2.8664,1.8656,5384309,119288938.0,6425662050.0,6421423425.0
2015-12-24,'600523,贵航股份,21.63,21.91,21.18,21.83,21.82,-0.19,-0.8708,1.3478,3889912,83816462.0,6246609894.0,6242489379.0
2015-12-23,'600523,贵航股份,21.82,22.47,21.77,22.23,22.23,-0.41,-1.8444,2.0942,6043989,134041021.0,6301480716.0,6297324006.0
2015-12-22,'600523,贵航股份,22.23,22.3,21.75,21.91,21.87,0.36,1.6461,2.199,6346498,140099227.0,6419886174.0,6415651359.0
2015-12-21,'600523,贵航股份,21.87,21.97,21.45,21.45,21.66,0.21,0.9695,1.6601,4791133,104586086.0,6315920406.0,6311754171.0
2015-12-18,'600523,贵航股份,21.66,22.09,21.5,21.83,21.83,-0.17,-0.7787,2.1328,6155261,133992876.0,6255273708.0,6251147478.0
2015-12-17,'600523,贵航股份,21.83,21.95,21.4,21.42,21.26,0.57,2.6811,2.343,6762095,146823471.0,6304368654.0,6300210039.0
2015-12-16,'600523,贵航股份,21.26,21.5,21.2,21.32,21.2,0.06,0.283,1.473,4251096,90679273.0,6139756188.0,6135706158.0
2015-12-15,'600523,贵航股份,21.2,21.58,21.15,21.34,21.19,0.01,0.0472,1.4901,4300574,91797014.0,6122428560.0,6118389960.0
2015-12-14,'600523,贵航股份,21.19,21.2,20.11,20.2,20.6,0.59,2.8641,1.3475,3889023,80473264.0,6119540622.0,6115503927.0
2015-12-11,'600523,贵航股份,20.6,20.83,20.42,20.42,20.57,0.03,0.1458,1.2842,3706155,76642931.0,5949152280.0,5945227980.0
2015-12-10,'600523,贵航股份,20.57,21.06,20.55,20.8,20.9,-0.33,-1.5789,1.3092,3778505,78432703.0,5940488466.0,5936569881.0
2015-12-09,'600523,贵航股份,20.9,21.2,20.28,20.47,20.7,0.2,0.9662,1.886,5443192,113042379.0,6035790420.0,6031808970.0
2015-12-08,'600523,贵航股份,20.7,21.8,20.66,21.8,21.84,-1.14,-5.2198,1.9213,5545001,116949026.0,5978031660.0,5974088310.0
2015-12-07,'600523,贵航股份,21.84,21.88,21.42,21.6,21.52,0.32,1.487,2.5695,7415551,160694384.0,6307256592.0,6303096072.0
2015-12-04,'600523,贵航股份,21.52,21.79,20.9,21.41,21.51,0.01,0.0465,2.565,7402536,158503292.0,6214842576.0,6210743016.0
2015-12-03,'600523,贵航股份,21.51,21.57,20.77,20.92,20.89,0.62,2.9679,1.6222,4681594,99545370.0,6211954638.0,6207856983.0
2015-12-02,'600523,贵航股份,20.89,21.26,20.0,21.1,21.09,-0.2,-0.9483,1.5752,4545939,94184039.0,6032902482.0,6028922937.0
2015-12-01,'600523,贵航股份,21.09,21.45,20.78,21.0,21.09,0.0,0.0,1.9109,5514880,116812593.0,6090661242.0,6086643597.0
2015-11-30,'600523,贵航股份,21.09,21.67,20.0,21.45,21.61,-0.52,-2.4063,3.2875,9487826,198047454.0,6090661242.0,6086643597.0
2015-11-27,'600523,贵航股份,21.61,24.27,21.61,24.27,24.01,-2.4,-9.9958,4.2948,12394902,283042773.0,6240834018.0,6236717313.0
2015-11-26,'600523,贵航股份,24.01,24.58,23.51,23.82,23.99,0.02,0.0834,3.4539,9967943,239004286.0,6933939138.0,6929365233.0
2015-11-25,'600523,贵航股份,23.99,24.5,23.72,24.3,23.83,0.16,0.6714,3.1147,8989107,215845931.0,6928163262.0,6923593167.0
2015-11-24,'600523,贵航股份,23.83,23.89,22.85,23.61,23.83,0.0,0.0,2.4171,6975690,163035361.0,6881956254.0,6877416639.0
2015-11-23,'600523,贵航股份,23.83,25.1,23.5,24.63,24.79,-0.96,-3.8725,3.4986,10096980,246289495.0,6881956254.0,6877416639.0
2015-11-20,'600523,贵航股份,24.79,25.13,24.14,24.2,24.37,0.42,1.7234,4.6042,13287976,328947404.0,7159198302.0,7154475807.0
2015-11-19,'600523,贵航股份,24.37,24.46,23.5,24.23,23.74,0.63,2.6537,4.0954,11819317,284927790.0,7037904906.0,7033262421.0
2015-11-18,'600523,贵航股份,23.74,24.5,23.25,24.5,23.86,-0.12,-0.5029,4.3706,12613599,300515408.0,6855964812.0,6851442342.0
2015-11-17,'600523,贵航股份,23.86,24.33,23.05,23.05,23.15,0.71,3.067,5.9374,17135614,409164383.0,6890620068.0,6886074738.0
2015-11-16,'600523,贵航股份,23.15,23.17,21.86,21.86,22.55,0.6,2.6608,2.3015,6642343,150560821.0,6685576470.0,6681166395.0
2015-11-13,'600523,贵航股份,22.55,23.49,22.23,23.28,23.68,-1.13,-4.772,3.5829,10340353,235713819.0,6512300190.0,6508004415.0
2015-11-12,'600523,贵航股份,23.68,23.88,23.07,23.55,23.42,0.26,1.1102,4.5952,13261897,311954765.0,6838637184.0,6834126144.0
2015-11-11,'600523,贵航股份,23.42,23.47,22.36,22.72,22.71,0.71,3.1264,4.2571,12286144,282192389.0,6763550796.0,6759089286.0
2015-11-10,'600523,贵航股份,22.71,23.12,22.05,22.7,22.92,-0.21,-0.9162,5.4397,15699218,356398169.0,6558507198.0,6554180943.0
2015-11-09,'600523,贵航股份,22.92,23.4,22.32,23.03,23.61,-0.69,-2.9225,6.0452,17446562,399772270.0,6619153896.0,6614787636.0
2015-11-06,'600523,贵航股份,23.61,24.38,21.87,22.3,22.45,1.16,5.167,6.4089,18496430,422551339.0,6818421618.0,6813923913.0
2015-11-05,'600523,贵航股份,22.45,22.55,21.08,21.1,21.39,1.06,4.9556,6.9522,20064167,437343503.0,6483420810.0,6479144085.0
2015-11-04,'600523,贵航股份,21.39,21.47,20.06,20.2,19.92,1.47,7.3795,3.6808,10623053,221074481.0,6177299382.0,6173224587.0
2015-11-03,'600523,贵航股份,19.92,20.35,19.68,20.0,19.74,0.18,0.9119,2.5343,7314163,146336427.0,5752772496.0,5748977736.0
2015-11-02,'600523,贵航股份,19.74,20.95,19.7,20.51,20.6,-0.86,-4.1748,3.2299,9321624,190552222.0,5700789612.0,5697029142.0
2015-10-30,'600523,贵航股份,20.6,21.23,20.11,20.88,20.98,-0.38,-1.8112,2.8501,8225585,170449546.0,5949152280.0,5945227980.0
2015-10-29,'600523,贵航股份,20.98,21.69,20.4,21.11,20.76,0.22,1.0597,3.664,10574401,223550816.0,6058893924.0,6054897234.0
2015-10-28,'600523,贵航股份,20.76,22.0,20.61,21.94,22.24,-1.48,-6.6547,4.1941,12104386,259232172.0,5995359288.0,5991404508.0
2015-10-27,'600523,贵航股份,22.24,22.56,19.5,20.69,21.27,0.97,4.5604,6.4718,18677851,395680831.0,6422774112.0,6418537392.0
2015-10-26,'600523,贵航股份,21.27,21.83,20.4,21.01,20.58,0.69,3.3528,5.5022,15879586,334514789.0,6142644126.0,6138592191.0
2015-10-23,'600523,贵航股份,20.58,20.82,19.32,19.75,19.47,1.11,5.7011,5.5799,16103839,324419984.0,5943376404.0,5939455914.0
2015-10-22,'600523,贵航股份,19.47,19.69,18.22,18.52,18.52,0.95,5.1296,3.8362,11071473,209960634.0,5622815286.0,5619106251.0
2015-10-21,'600523,贵航股份,18.52,20.5,18.52,20.35,20.58,-2.06,-10.0097,4.5996,13274740,257338277.0,5348461176.0,5344933116.0
2015-10-20,'600523,贵航股份,20.58,20.87,20.07,20.07,20.02,0.56,2.7972,4.078,11769226,241163313.0,5943376404.0,5939455914.0
2015-10-19,'600523,贵航股份,20.02,20.08,19.3,19.7,19.86,0.16,0.8056,4.1802,12064305,237715067.0,5781651876.0,5777838066.0
2015-10-16,'600523,贵航股份,19.86,20.36,19.2,19.95,19.65,0.21,1.0687,5.9676,17222564,341691406.0,5735444868.0,5731661538.0
2015-10-15,'600523,贵航股份,19.65,19.65,17.7,17.7,17.86,1.79,10.0224,4.5261,13062512,244993123.0,5674798170.0,5671054845.0
2015-10-14,'600523,贵航股份,17.86,19.18,17.8,18.64,18.62,-0.76,-4.0816,3.4631,9994673,184508331.0,5157857268.0,5154454938.0
2015-10-13,'600523,贵航股份,18.62,18.79,18.18,18.35,18.59,0.03,0.1614,3.0393,8771494,161759955.0,5377340556.0,5373793446.0
2015-10-12,'600523,贵航股份,18.59,18.87,17.59,17.59,17.5,1.09,6.2286,4.3962,12687694,232359448.0,5368676742.0,5365135347.0
2015-10-09,'600523,贵航股份,17.5,18.01,16.8,16.96,16.99,0.51,3.0018,4.2812,12355602,217418989.0,5053891500.0,5050557750.0
2015-10-08,'600523,贵航股份,16.99,17.5,16.7,16.97,16.39,0.6,3.6608,4.8837,14094536,241274205.0,4906606662.0,4903370067.0
2015-09-30,'600523,贵航股份,16.39,16.65,15.51,15.51,15.38,1.01,6.567,5.1012,14722249,238415654.0,4733330382.0,4730208087.0
2015-09-29,'600523,贵航股份,15.38,15.75,15.17,15.56,16.05,-0.67,-4.1745,1.824,5264133,81452908.0,4441648644.0,4438718754.0
2015-09-28,'600523,贵航股份,16.05,16.06,15.16,15.83,15.75,0.3,1.9048,1.7785,5132877,80788935.0,4635140490.0,4632082965.0
2015-09-25,'600523,贵航股份,15.75,16.78,15.5,16.3,16.46,-0.71,-4.3135,3.041,8776294,142159129.0,4548502350.0,4545501975.0
2015-09-24,'600523,贵航股份,16.46,16.57,16.09,16.12,16.1,0.36,2.236,2.6601,7677091,125647800.0,4753545948.0,4750410318.0
2015-09-23,'600523,贵航股份,16.1,16.33,15.81,15.9,16.35,-0.25,-1.5291,2.9823,8606879,138349247.0,4649580180.0,4646513130.0
2015-09-22,'600523,贵航股份,16.35,16.77,15.96,16.48,16.48,-0.13,-0.7888,4.1397,11947337,195737534.0,4721778630.0,4718663955.0
2015-09-21,'600523,贵航股份,16.48,16.5,15.0,15.1,15.27,1.21,7.924,3.9817,11491362,183129037.0,4759321824.0,4756182384.0
2015-09-18,'600523,贵航股份,15.27,15.5,14.66,15.06,14.9,0.37,2.4832,2.9247,8440693,126955964.0,4409881326.0,4406972391.0
2015-09-17,'600523,贵航股份,14.9,16.23,14.88,15.39,15.35,-0.45,-2.9316,4.6129,13312918,208675209.0,4303027620.0,4300189170.0
2015-09-16,'600523,贵航股份,15.35,15.47,13.83,14.03,14.06,1.29,9.175,3.8555,11126987,161939807.0,4432984830.0,4430060655.0
2015-09-15,'600523,贵航股份,14.06,15.2,14.06,15.0,15.62,-1.56,-9.9872,3.4596,9984463,143973136.0,4060440828.0,4057762398.0
2015-09-14,'600523,贵航股份,15.62,17.92,15.62,17.62,17.36,-1.74,-10.023,3.3393,9637348,159687098.0,4510959156.0,4507983546.0
2015-09-11,'600523,贵航股份,17.36,17.59,16.71,17.28,17.49,-0.13,-0.7433,2.8165,8128523,139957229.0,5013460368.0,5010153288.0
2015-09-10,'600523,贵航股份,17.49,18.08,16.98,17.0,17.39,0.1,0.575,4.4294,12783536,223465831.0,5051003562.0,5047671717.0
2015-09-09,'600523,贵航股份,17.39,17.97,16.61,16.94,16.94,0.45,2.6564,5.5722,16081488,277689405.0,5022124182.0,5018811387.0
2015-09-08,'600523,贵航股份,16.94,16.99,14.75,15.28,15.59,1.35,8.6594,3.1614,9123899,143205049.0,4892166972.0,4888939902.0
2015-09-07,'600523,贵航股份,15.59,16.21,14.86,15.5,15.0,0.59,3.9333,3.1229,9012840,140415525.0,4502295342.0,4499325447.0
2015-09-02,'600523,贵航股份,15.0,16.99,15.0,15.13,16.67,-1.67,-10.018,3.2591,9405946,146034622.0,4331907000.0,4329049500.0
2015-09-01,'600523,贵航股份,16.67,17.94,16.67,17.94,18.52,-1.85,-9.9892,3.0799,8888831,150158323.0,4814192646.0,4811017011.0
2015-08-31,'600523,贵航股份,18.52,20.16,18.2,19.69,19.48,-0.96,-4.9281,5.2803,15239012,291433072.0,5348461176.0,5344933116.0
2015-08-28,'600523,贵航股份,19.48,19.48,17.9,17.96,17.71,1.77,9.9944,4.6424,13398160,251710203.0,5625703224.0,5621992284.0
2015-08-27,'600523,贵航股份,17.71,17.89,15.38,17.25,16.7,1.01,6.0479,4.3338,12507612,210591645.0,5114538198.0,5111164443.0
2015-08-26,'600523,贵航股份,16.7,19.11,16.7,17.7,18.56,-1.86,-10.0216,4.6735,13487925,238029644.0,4822856460.0,4819675110.0
2015-08-25,'600523,贵航股份,18.56,18.98,18.56,18.56,20.62,-2.06,-9.9903,2.0164,5819426,108232625.0,5360012928.0,5356477248.0
2015-08-24,'600523,贵航股份,20.62,22.32,20.62,21.62,22.91,-2.29,-9.9956,1.5644,4514806,94485137.0,5954928156.0,5951000046.0
2015-08-21,'600523,贵航股份,22.91,26.0,22.83,24.3,25.37,-2.46,-9.6965,4.201,12124327,295515570.0,6616265958.0,6611901603.0
2015-08-20,'600523,贵航股份,25.37,27.86,25.1,26.8,27.21,-1.84,-6.7622,4.0628,11725374,315453690.0,7326698706.0,7321865721.0
2015-08-19,'600523,贵航股份,27.21,27.6,24.0,24.53,26.55,0.66,2.4859,4.9425,14264314,367799265.0,7858079298.0,7852895793.0
2015-08-18,'600523,贵航股份,26.55,29.48,26.55,29.0,29.5,-2.95,-10.0,8.0081,23111594,634966236.0,7667475390.0,7662417615.0
2015-08-17,'600523,贵航股份,29.5,30.0,27.37,27.59,27.76,1.74,6.268,7.4157,21402082,617358782.0,8519417100.0,8513797350.0
2015-08-14,'600523,贵航股份,27.76,28.3,26.0,26.51,26.38,1.38,5.2312,6.756,19498024,528112462.0,8016915888.0,8011627608.0
2015-08-13,'600523,贵航股份,26.38,26.49,24.51,25.2,25.89,0.49,1.8926,5.2017,15012370,382248204.0,7618380444.0,7613355054.0
2015-08-12,'600523,贵航股份,25.89,27.3,25.4,26.2,25.26,0.63,2.4941,6.402,18476482,489828607.0,7476871482.0,7471939437.0
2015-08-11,'600523,贵航股份,25.26,26.34,25.0,25.28,25.28,-0.02,-0.0791,6.1173,17654829,453161406.0,7294931388.0,7290119358.0
2015-08-10,'600523,贵航股份,25.28,25.66,23.7,23.76,23.41,1.87,7.988,5.0934,14699589,363764910.0,7300707264.0,7295891424.0
2015-08-07,'600523,贵航股份,23.41,23.49,22.22,22.49,22.04,1.37,6.216,4.0031,11553208,264609101.0,6760662858.0,6756203253.0
2015-08-06,'600523,贵航股份,22.04,23.03,21.5,21.9,22.58,-0.54,-2.3915,3.1739,9159937,204491700.0,6365015352.0,6360816732.0
2015-08-05,'600523,贵航股份,22.58,23.88,22.15,23.4,22.87,-0.29,-1.268,5.4579,15751643,364378269.0,6520964004.0,6516662514.0
2015-08-04,'600523,贵航股份,22.87,22.87,20.69,20.7,20.79,2.08,10.0048,4.2843,12364538,272631032.0,6604714206.0,6600357471.0
2015-08-03,'600523,贵航股份,20.79,22.5,20.79,22.4,23.1,-2.31,-10.0,3.7192,10733822,228051552.0,6004023102.0,6000062607.0
2015-07-31,'600523,贵航股份,23.1,24.5,22.28,23.7,24.68,-1.58,-6.4019,5.0899,14689535,345953515.0,6671136780.0,6666736230.0
2015-07-30,'600523,贵航股份,24.68,26.59,24.2,24.55,24.44,0.24,0.982,8.9211,25746484,655884262.0,7127430984.0,7122729444.0
2015-07-29,'600523,贵航股份,24.44,24.44,21.44,22.76,22.22,2.22,9.991,6.1843,17848206,409386983.0,7058120472.0,7053464652.0
2015-07-28,'600523,贵航股份,22.22,24.35,21.0,21.3,23.33,-1.11,-4.7578,6.0503,17461412,384462160.0,6416998236.0,6412765326.0
2015-07-27,'600523,贵航股份,23.33,26.99,23.33,24.76,25.92,-2.59,-9.9923,7.8662,22702226,578100639.0,6737559354.0,6733114989.0
2015-07-24,'600523,贵航股份,25.92,27.54,25.0,25.45,25.6,0.32,1.25,8.7815,25343790,667397131.0,7485535296.0,7480597536.0
2015-07-23,'600523,贵航股份,25.6,25.94,24.33,24.9,25.13,0.47,1.8703,6.6841,19290552,487053390.0,7393121280.0,7388244480.0
2015-07-22,'600523,贵航股份,25.13,26.24,24.11,24.25,24.18,0.95,3.9289,7.5846,21889274,551313934.0,7257388194.0,7252600929.0
2015-07-21,'600523,贵航股份,24.18,25.0,23.42,24.0,24.79,-0.61,-2.4607,5.6924,16428351,399663487.0,6983034084.0,6978427794.0
2015-07-20,'600523,贵航股份,24.79,25.54,23.58,23.7,23.22,1.57,6.7614,10.824,31238521,772075094.0,7159198302.0,7154475807.0
2015-07-17,'600523,XD贵航股,23.22,23.22,21.02,21.02,21.11,2.11,9.9953,6.9436,20039525,455257117.0,6705792036.0,6701368626.0
2015-07-16,'600523,贵航股份,21.26,22.22,18.56,18.6,20.62,0.64,3.1038,5.8529,16891742,342493255.0,6139756188.0,6135706158.0
2015-07-15,'600523,贵航股份,20.62,22.33,20.62,22.14,22.91,-2.29,-9.9956,4.7024,13571181,287568460.0,5954928156.0,5951000046.0
2015-07-14,'600523,贵航股份,22.91,23.99,20.88,21.89,21.81,1.1,5.0436,10.7703,31083374,713733289.0,6616265958.0,6611901603.0
2015-07-13,'600523,贵航股份,21.81,21.81,20.24,20.5,19.83,1.98,9.9849,6.674,19261301,409412990.0,6298592778.0,6294437973.0
2015-07-10,'600523,贵航股份,19.83,19.83,18.08,18.32,18.03,1.8,9.9834,5.6284,16243709,315190790.0,5726781054.0,5723003439.0
2015-07-09,'600523,贵航股份,18.03,18.03,14.75,14.75,16.39,1.64,10.0061,8.9484,25825392,411581755.0,5206952214.0,5203517499.0
2015-07-08,'600523,贵航股份,16.39,16.39,16.39,16.39,18.21,-1.82,-9.9945,0.3393,979100,16047449.0,4733330382.0,4730208087.0
2015-07-07,'600523,贵航股份,18.21,18.9,18.21,18.21,20.23,-2.02,-9.9852,0.5507,1589200,28946367.0,5258935098.0,5255466093.0
2015-07-06,'600523,贵航股份,20.23,24.0,20.23,24.0,22.48,-2.25,-10.0089,4.4435,12824126,278325570.0,5842298574.0,5838444759.0
2015-07-03,'600523,贵航股份,22.48,24.2,22.48,22.5,24.98,-2.5,-10.008,3.0002,8658675,197037925.0,6492084624.0,6487802184.0
2015-07-02,'600523,贵航股份,24.98,27.0,24.98,25.0,27.75,-2.77,-9.982,3.8163,11013839,278995384.0,7214069124.0,7209310434.0
2015-07-01,'600523,贵航股份,27.75,31.49,27.75,29.6,30.83,-3.08,-9.9903,5.4071,15605133,467855322.0,8014027950.0,8008741575.0
2015-06-30,'600523,贵航股份,30.83,32.38,28.06,28.4,31.18,-0.35,-1.1225,6.8536,19779651,588177954.0,8903512854.0,8897639739.0
2015-06-29,'600523,贵航股份,31.18,35.27,31.18,34.49,34.64,-3.46,-9.9885,5.1146,14760786,474686927.0,9004590684.0,8998650894.0
2015-06-26,'600523,贵航股份,34.64,36.69,34.64,36.66,38.49,-3.85,-10.0026,3.7297,10763958,380894235.0,10003817232.0,9997218312.0
2015-06-25,'600523,贵航股份,38.49,43.0,37.5,40.6,41.1,-2.61,-6.3504,7.7602,22396235,907219282.0,11115673362.0,11108341017.0
2015-06-24,'600523,贵航股份,41.1,42.0,38.5,39.2,38.36,2.74,7.1429,8.6039,24831034,1005498127.0,11869425180.0,11861595630.0
2015-06-23,'600523,贵航股份,38.36,38.36,32.51,34.28,34.87,3.49,10.0086,6.4639,18654993,677207744.0,11078130168.0,11070822588.0
2015-06-19,'600523,贵航股份,34.87,37.99,32.98,35.39,36.43,-1.56,-4.2822,4.753,13717234,493178137.0,10070239806.0,10063597071.0
2015-06-18,'600523,贵航股份,36.43,38.66,34.31,35.0,35.24,1.19,3.3768,4.8122,13888084,507030779.0,10520758134.0,10513818219.0
2015-06-17,'600523,贵航股份,35.24,35.7,31.68,34.8,34.46,0.78,2.2635,4.4528,12850926,432501864.0,10177093512.0,10170380292.0
2015-06-16,'600523,贵航股份,34.46,35.88,33.33,33.5,34.24,0.22,0.6425,4.3027,12417686,432123039.0,9951834348.0,9945269718.0
2015-06-15,'600523,贵航股份,34.24,35.72,32.68,32.77,32.99,1.25,3.789,4.1907,12094517,417122034.0,9888299712.0,9881776992.0
2015-06-12,'600523,贵航股份,32.99,34.48,32.1,32.5,32.76,0.23,0.7021,4.2649,12308766,407884100.0,9527307462.0,9521022867.0
2015-06-11,'600523,贵航股份,32.76,32.85,30.15,30.15,30.2,2.56,8.4768,4.9335,14238124,451902270.0,9460884888.0,9454644108.0
2015-06-10,'600523,贵航股份,30.2,30.85,28.0,28.66,29.3,0.9,3.0717,3.141,9065013,270659440.0,8721572760.0,8715819660.0
2015-06-09,'600523,贵航股份,29.3,29.99,28.91,29.02,28.96,0.34,1.174,2.2921,6615177,194402939.0,8461658340.0,8456076690.0
2015-06-08,'600523,贵航股份,28.96,30.31,28.5,30.31,30.21,-1.25,-4.1377,3.1943,9218875,268418180.0,8363468448.0,8357951568.0
2015-06-05,'600523,贵航股份,30.21,31.33,29.7,29.98,29.7,0.51,1.7172,3.3614,9701057,294513651.0,8724460698.0,8718705693.0
2015-06-04,'600523,贵航股份,29.7,30.0,27.2,29.52,30.05,-0.35,-1.1647,3.0966,8936796,257226743.0,8577175860.0,8571518010.0
2015-06-03,'600523,贵航股份,30.05,31.6,29.8,31.58,31.63,-1.58,-4.9953,3.0483,8797465,268644112.0,8678253690.0,8672529165.0
2015-06-02,'600523,贵航股份,31.63,31.7,29.7,30.48,30.49,1.14,3.7389,4.3118,12443863,384328527.0,9134547894.0,9128522379.0
2015-06-01,'600523,贵航股份,30.49,30.55,27.9,27.9,27.9,2.59,9.2832,3.3522,9674601,284801628.0,8805322962.0,8799514617.0
2015-05-29,'600523,贵航股份,27.9,28.8,25.68,26.24,27.01,0.89,3.2951,3.7074,10699816,290555185.0,8057347020.0,8052032070.0
2015-05-28,'600523,贵航股份,27.01,30.5,26.86,29.87,29.84,-2.83,-9.4839,4.4206,12757968,370384459.0,7800320538.0,7795175133.0
2015-05-27,'600523,贵航股份,29.84,31.34,29.25,30.33,30.33,-0.49,-1.6156,6.3239,18251047,553672717.0,8617606992.0,8611922472.0
2015-05-26,'600523,贵航股份,30.33,30.97,28.61,29.44,28.87,1.46,5.0572,5.5482,16012260,477543094.0,8759115954.0,8753338089.0
2015-05-25,'600523,贵航股份,28.87,29.1,26.71,27.0,27.37,1.5,5.4805,4.3199,12467477,353333566.0,8337477006.0,8331977271.0
2015-05-22,'600523,贵航股份,27.37,27.9,26.32,27.64,27.19,0.18,0.662,3.376,9743329,262096589.0,7904286306.0,7899072321.0
2015-05-21,'600523,贵航股份,27.19,27.55,26.5,26.62,26.66,0.53,1.988,2.8079,8103684,219580974.0,7852303422.0,7847123727.0
2015-05-20,'600523,贵航股份,26.66,28.0,25.86,25.9,25.98,0.68,2.6174,4.661,13451744,366162774.0,7699242708.0,7694163978.0
2015-05-19,'600523,贵航股份,25.98,26.19,25.24,26.19,25.82,0.16,0.6197,3.0794,8887272,228663810.0,7502862924.0,7497913734.0
2015-05-18,'600523,贵航股份,25.82,26.65,25.04,25.04,25.41,0.41,1.6135,4.3336,12506842,325557135.0,7456655916.0,7451737206.0
