2016-05-13,'600578,京能电力,4.42,4.47,4.39,4.46,4.47,-0.05,-1.1186,0.1743,8048040,35611922.0,20408558616.7,20408558616.7
2016-05-12,'600578,京能电力,4.47,4.49,4.35,4.43,4.45,0.02,0.4494,0.1966,9078632,40306423.0,20639424664.4,20639424664.4
2016-05-11,'600578,京能电力,4.45,4.47,4.43,4.46,4.45,0.0,0.0,0.1176,5430988,24192756.0,20547078245.3,20547078245.3
2016-05-10,'600578,京能电力,4.45,4.49,4.42,4.42,4.4,0.05,1.1364,0.1656,7647757,34052779.0,20547078245.3,20547078245.3
2016-05-09,'600578,京能电力,4.4,4.65,4.38,4.65,4.65,-0.25,-5.3763,0.3315,15307893,69005661.0,20316212197.6,20316212197.6
2016-05-06,'600578,京能电力,4.65,4.77,4.63,4.76,4.75,-0.1,-2.1053,0.2855,13180624,61949080.0,21470542436.1,21470542436.1
2016-05-05,'600578,京能电力,4.75,4.78,4.73,4.76,4.77,-0.02,-0.4193,0.1809,8353237,39701945.0,21932274531.5,21932274531.5
2016-05-04,'600578,京能电力,4.77,4.79,4.73,4.77,4.79,-0.02,-0.4175,0.2157,9961526,47444431.0,22024620950.6,22024620950.6
2016-05-03,'600578,京能电力,4.79,4.8,4.68,4.72,4.74,0.05,1.0549,0.2473,11419888,54300412.0,22116967369.7,22116967369.7
2016-04-29,'600578,京能电力,4.74,4.79,4.69,4.7,4.71,0.03,0.6369,0.174,8034825,38205638.0,21886101322.0,21886101322.0
2016-04-28,'600578,京能电力,4.71,4.79,4.67,4.76,4.76,-0.05,-1.0504,0.179,8266886,38987142.0,21747581693.3,21747581693.3
2016-04-27,'600578,京能电力,4.76,4.81,4.75,4.77,4.77,-0.01,-0.2096,0.1447,6683075,31954542.0,21978447741.0,21978447741.0
2016-04-26,'600578,京能电力,4.77,4.78,4.7,4.7,4.7,0.07,1.4894,0.2082,9613438,45661053.0,22024620950.6,22024620950.6
2016-04-25,'600578,京能电力,4.7,4.72,4.65,4.72,4.74,-0.04,-0.8439,0.1503,6938795,32539096.0,21701408483.8,21701408483.8
2016-04-22,'600578,京能电力,4.74,4.74,4.66,4.71,4.71,0.03,0.6369,0.1586,7324219,34467041.0,21886101322.0,21886101322.0
2016-04-21,'600578,京能电力,4.71,4.82,4.7,4.75,4.76,-0.05,-1.0504,0.2141,9884650,47124264.0,21747581693.3,21747581693.3
2016-04-20,'600578,京能电力,4.76,4.98,4.67,4.97,4.95,-0.19,-3.8384,0.4622,21343002,102249709.0,21978447741.0,21978447741.0
2016-04-19,'600578,京能电力,4.95,5.0,4.94,4.95,4.94,0.01,0.2024,0.1778,8208949,40733679.0,22855738722.3,22855738722.3
2016-04-18,'600578,京能电力,4.94,4.99,4.92,4.99,4.98,-0.04,-0.8032,0.2275,10505732,51981315.0,22809565512.8,22809565512.8
2016-04-15,'600578,京能电力,4.98,5.03,4.96,5.02,5.02,-0.04,-0.7968,0.267,12326706,61494150.0,22994258350.9,22994258350.9
2016-04-14,'600578,京能电力,5.02,5.04,4.97,5.02,4.99,0.03,0.6012,0.3428,15825935,79113767.0,23178951189.1,23178951189.1
2016-04-13,'600578,京能电力,4.99,5.05,4.93,4.93,4.93,0.06,1.217,0.5883,27164742,136082150.0,23040431560.5,23040431560.5
2016-04-12,'600578,京能电力,4.93,4.94,4.88,4.89,4.9,0.03,0.6122,0.2981,13763024,67567696.0,22763392303.2,22763392303.2
2016-04-11,'600578,京能电力,4.9,4.95,4.89,4.89,4.85,0.05,1.0309,0.3282,15155580,74478462.0,22624872674.6,22624872674.6
2016-04-08,'600578,京能电力,4.85,4.93,4.82,4.93,4.93,-0.08,-1.6227,0.2503,11556062,56247727.0,22394006626.9,22394006626.9
2016-04-07,'600578,京能电力,4.93,5.01,4.91,4.99,4.98,-0.05,-1.004,0.2579,11907239,58930854.0,22763392303.2,22763392303.2
2016-04-06,'600578,京能电力,4.98,5.04,4.94,4.98,5.02,-0.04,-0.7968,0.361,16670606,83116327.0,22994258350.9,22994258350.9
2016-04-05,'600578,京能电力,5.02,5.03,4.85,4.88,4.89,0.13,2.6585,0.4471,20642958,102383413.0,23178951189.1,23178951189.1
2016-04-01,'600578,京能电力,4.89,4.91,4.81,4.89,4.9,-0.01,-0.2041,0.2367,10928430,53112183.0,22578699465.1,22578699465.1
2016-03-31,'600578,京能电力,4.9,4.93,4.86,4.9,4.89,0.01,0.2045,0.2571,11871444,58155317.0,22624872674.6,22624872674.6
2016-03-30,'600578,京能电力,4.89,4.91,4.79,4.8,4.78,0.11,2.3013,0.2671,12331171,59939617.0,22578699465.1,22578699465.1
2016-03-29,'600578,京能电力,4.78,4.85,4.77,4.83,4.82,-0.04,-0.8299,0.2077,9589790,46066236.0,22070794160.1,22070794160.1
2016-03-28,'600578,京能电力,4.82,4.89,4.8,4.85,4.83,-0.01,-0.207,0.2397,11068283,53719192.0,22255486998.3,22255486998.3
2016-03-25,'600578,京能电力,4.83,4.85,4.75,4.76,4.79,0.04,0.8351,0.2296,10602739,51036173.0,22301660207.8,22301660207.8
2016-03-24,'600578,京能电力,4.79,4.94,4.77,4.94,4.94,-0.15,-3.0364,0.3448,15918601,77456744.0,22116967369.7,22116967369.7
2016-03-23,'600578,京能电力,4.94,4.96,4.91,4.91,4.94,0.0,0.0,0.2353,10865587,53609848.0,22809565512.8,22809565512.8
2016-03-22,'600578,京能电力,4.94,5.0,4.9,5.0,5.0,-0.06,-1.2,0.3761,17365475,85924489.0,22809565512.8,22809565512.8
2016-03-21,'600578,京能电力,5.0,5.0,4.87,4.91,4.86,0.14,2.8807,0.6035,27866622,137898233.0,23086604770.0,23086604770.0
2016-03-18,'600578,京能电力,4.86,4.9,4.77,4.78,4.77,0.09,1.8868,0.5136,23713368,115012244.0,22440179836.4,22440179836.4
2016-03-17,'600578,京能电力,4.77,4.79,4.68,4.69,4.71,0.06,1.2739,0.2952,13628309,64676181.0,22024620950.6,22024620950.6
2016-03-16,'600578,京能电力,4.71,4.88,4.7,4.77,4.81,-0.1,-2.079,0.3307,15269932,72819278.0,21747581693.3,21747581693.3
2016-03-15,'600578,京能电力,4.81,4.84,4.63,4.7,4.7,0.11,2.3404,0.4336,20018876,94507886.0,22209313788.7,22209313788.7
2016-03-14,'600578,京能电力,4.7,4.72,4.6,4.63,4.56,0.14,3.0702,0.3358,15503100,72653425.0,21701408483.8,21701408483.8
2016-03-11,'600578,京能电力,4.56,4.6,4.53,4.53,4.58,-0.02,-0.4367,0.1869,8629805,39342801.0,21054983550.2,21054983550.2
2016-03-10,'600578,京能电力,4.58,4.71,4.57,4.69,4.66,-0.08,-1.7167,0.1912,8830027,41054580.0,21147329969.3,21147329969.3
2016-03-09,'600578,京能电力,4.66,4.74,4.63,4.65,4.76,-0.1,-2.1008,0.212,9786471,45732142.0,21516715645.6,21516715645.6
2016-03-08,'600578,京能电力,4.76,4.8,4.61,4.8,4.79,-0.03,-0.6263,0.3397,15685121,73522101.0,21978447741.0,21978447741.0
2016-03-07,'600578,京能电力,4.79,4.83,4.75,4.75,4.73,0.06,1.2685,0.345,15931843,76251173.0,22116967369.7,22116967369.7
2016-03-04,'600578,京能电力,4.73,4.88,4.63,4.83,4.85,-0.12,-2.4742,0.5543,25593230,121714452.0,21839928112.4,21839928112.4
2016-03-03,'600578,京能电力,4.85,4.94,4.83,4.89,4.87,-0.02,-0.4107,0.5157,23813131,116193406.0,22394006626.9,22394006626.9
2016-03-02,'600578,京能电力,4.87,4.9,4.67,4.68,4.7,0.17,3.617,0.6244,28829948,138434206.0,22486353046.0,22486353046.0
2016-03-01,'600578,京能电力,4.7,4.79,4.6,4.64,4.62,0.08,1.7316,0.4342,20048664,94260013.0,21701408483.8,21701408483.8
2016-02-29,'600578,京能电力,4.62,5.01,4.52,5.01,5.01,-0.39,-7.7844,0.4902,22636347,105705895.0,21332022807.5,21332022807.5
2016-02-26,'600578,京能电力,5.01,5.19,4.85,5.12,5.12,-0.11,-2.1484,0.6429,29686390,147869554.0,23132777979.5,23132777979.5
2016-02-25,'600578,京能电力,5.12,5.53,5.12,5.45,5.69,-0.57,-10.0176,1.1221,51811461,276396547.0,23640683284.5,23640683284.5
2016-02-24,'600578,京能电力,5.69,5.79,5.49,5.49,6.07,-0.38,-6.2603,1.8967,87574746,492906201.0,26272556228.3,26272556228.3
2016-02-23,'600578,京能电力,0.0,0.0,0.0,0.0,6.07,None,None,0.0,0,0.0,28027138190.8,28027138190.8
2016-02-22,'600578,京能电力,0.0,0.0,0.0,0.0,6.07,None,None,0.0,0,0.0,28027138190.8,28027138190.8
2016-02-19,'600578,京能电力,0.0,0.0,0.0,0.0,6.07,None,None,0.0,0,0.0,28027138190.8,28027138190.8
2016-02-18,'600578,京能电力,0.0,0.0,0.0,0.0,6.07,None,None,0.0,0,0.0,28027138190.8,28027138190.8
2016-02-17,'600578,京能电力,0.0,0.0,0.0,0.0,6.07,None,None,0.0,0,0.0,28027138190.8,28027138190.8
2016-02-16,'600578,京能电力,0.0,0.0,0.0,0.0,6.07,None,None,0.0,0,0.0,28027138190.8,28027138190.8
2016-02-15,'600578,京能电力,0.0,0.0,0.0,0.0,6.07,None,None,0.0,0,0.0,28027138190.8,28027138190.8
2016-02-05,'600578,京能电力,0.0,0.0,0.0,0.0,6.07,None,None,0.0,0,0.0,28027138190.8,28027138190.8
2016-02-04,'600578,京能电力,0.0,0.0,0.0,0.0,6.07,None,None,0.0,0,0.0,28027138190.8,28027138190.8
2016-02-03,'600578,京能电力,0.0,0.0,0.0,0.0,6.07,None,None,0.0,0,0.0,28027138190.8,28027138190.8
2016-02-02,'600578,京能电力,0.0,0.0,0.0,0.0,6.07,None,None,0.0,0,0.0,28027138190.8,28027138190.8
2016-02-01,'600578,京能电力,0.0,0.0,0.0,0.0,6.07,None,None,0.0,0,0.0,28027138190.8,28027138190.8
2016-01-29,'600578,京能电力,0.0,0.0,0.0,0.0,6.07,None,None,0.0,0,0.0,28027138190.8,28027138190.8
2016-01-28,'600578,京能电力,0.0,0.0,0.0,0.0,6.07,None,None,0.0,0,0.0,28027138190.8,28027138190.8
2016-01-27,'600578,京能电力,0.0,0.0,0.0,0.0,6.07,None,None,0.0,0,0.0,28027138190.8,28027138190.8
2016-01-26,'600578,京能电力,0.0,0.0,0.0,0.0,6.07,None,None,0.0,0,0.0,28027138190.8,28027138190.8
2016-01-25,'600578,京能电力,0.0,0.0,0.0,0.0,6.07,None,None,0.0,0,0.0,28027138190.8,28027138190.8
2016-01-22,'600578,京能电力,0.0,0.0,0.0,0.0,6.07,None,None,0.0,0,0.0,28027138190.8,28027138190.8
2016-01-21,'600578,京能电力,0.0,0.0,0.0,0.0,6.07,None,None,0.0,0,0.0,28027138190.8,28027138190.8
2016-01-20,'600578,京能电力,0.0,0.0,0.0,0.0,6.07,None,None,0.0,0,0.0,28027138190.8,28027138190.8
2016-01-19,'600578,京能电力,0.0,0.0,0.0,0.0,6.07,None,None,0.0,0,0.0,28027138190.8,28027138190.8
2016-01-18,'600578,京能电力,0.0,0.0,0.0,0.0,6.07,None,None,0.0,0,0.0,28027138190.8,28027138190.8
2016-01-15,'600578,京能电力,0.0,0.0,0.0,0.0,6.07,None,None,0.0,0,0.0,28027138190.8,28027138190.8
2016-01-14,'600578,京能电力,0.0,0.0,0.0,0.0,6.07,None,None,0.0,0,0.0,28027138190.8,28027138190.8
2016-01-13,'600578,京能电力,0.0,0.0,0.0,0.0,6.07,None,None,0.0,0,0.0,28027138190.8,28027138190.8
2016-01-12,'600578,京能电力,0.0,0.0,0.0,0.0,6.07,None,None,0.0,0,0.0,28027138190.8,28027138190.8
2016-01-11,'600578,京能电力,0.0,0.0,0.0,0.0,6.07,None,None,0.0,0,0.0,28027138190.8,28027138190.8
2016-01-08,'600578,京能电力,0.0,0.0,0.0,0.0,6.07,None,None,0.0,0,0.0,28027138190.8,28027138190.8
2016-01-07,'600578,京能电力,0.0,0.0,0.0,0.0,6.07,None,None,0.0,0,0.0,28027138190.8,28027138190.8
2016-01-06,'600578,京能电力,0.0,0.0,0.0,0.0,6.07,None,None,0.0,0,0.0,28027138190.8,28027138190.8
2016-01-05,'600578,京能电力,0.0,0.0,0.0,0.0,6.07,None,None,0.0,0,0.0,28027138190.8,28027138190.8
2016-01-04,'600578,京能电力,0.0,0.0,0.0,0.0,6.07,None,None,0.0,0,0.0,28027138190.8,28027138190.8
2015-12-31,'600578,京能电力,0.0,0.0,0.0,0.0,6.07,None,None,0.0,0,0.0,28027138190.8,28027138190.8
2015-12-30,'600578,京能电力,0.0,0.0,0.0,0.0,6.07,None,None,0.0,0,0.0,28027138190.8,28027138190.8
2015-12-29,'600578,京能电力,0.0,0.0,0.0,0.0,6.07,None,None,0.0,0,0.0,28027138190.8,13701914347.8
2015-12-28,'600578,京能电力,0.0,0.0,0.0,0.0,6.07,None,None,0.0,0,0.0,28027138190.8,13701914347.8
2015-12-25,'600578,京能电力,0.0,0.0,0.0,0.0,6.07,None,None,0.0,0,0.0,28027138190.8,13701914347.8
2015-12-24,'600578,京能电力,0.0,0.0,0.0,0.0,6.07,None,None,0.0,0,0.0,28027138190.8,13701914347.8
2015-12-23,'600578,京能电力,0.0,0.0,0.0,0.0,6.07,None,None,0.0,0,0.0,28027138190.8,13701914347.8
2015-12-22,'600578,京能电力,0.0,0.0,0.0,0.0,6.07,None,None,0.0,0,0.0,28027138190.8,13701914347.8
2015-12-21,'600578,京能电力,0.0,0.0,0.0,0.0,6.07,None,None,0.0,0,0.0,28027138190.8,13701914347.8
2015-12-18,'600578,京能电力,0.0,0.0,0.0,0.0,6.07,None,None,0.0,0,0.0,28027138190.8,13701914347.8
2015-12-17,'600578,京能电力,0.0,0.0,0.0,0.0,6.07,None,None,0.0,0,0.0,28027138190.8,13701914347.8
2015-12-16,'600578,京能电力,0.0,0.0,0.0,0.0,6.07,None,None,0.0,0,0.0,28027138190.8,13701914347.8
2015-12-15,'600578,京能电力,0.0,0.0,0.0,0.0,6.07,None,None,0.0,0,0.0,28027138190.8,13701914347.8
2015-12-14,'600578,京能电力,0.0,0.0,0.0,0.0,6.07,None,None,0.0,0,0.0,28027138190.8,13701914347.8
2015-12-11,'600578,京能电力,0.0,0.0,0.0,0.0,6.07,None,None,0.0,0,0.0,28027138190.8,13701914347.8
2015-12-10,'600578,京能电力,0.0,0.0,0.0,0.0,6.07,None,None,0.0,0,0.0,28027138190.8,13701914347.8
2015-12-09,'600578,京能电力,0.0,0.0,0.0,0.0,6.07,None,None,0.0,0,0.0,28027138190.8,13701914347.8
2015-12-08,'600578,京能电力,0.0,0.0,0.0,0.0,6.07,None,None,0.0,0,0.0,28027138190.8,13701914347.8
2015-12-07,'600578,京能电力,0.0,0.0,0.0,0.0,6.07,None,None,0.0,0,0.0,28027138190.8,13701914347.8
2015-12-04,'600578,京能电力,0.0,0.0,0.0,0.0,6.07,None,None,0.0,0,0.0,28027138190.8,13701914347.8
2015-12-03,'600578,京能电力,0.0,0.0,0.0,0.0,6.07,None,None,0.0,0,0.0,28027138190.8,13701914347.8
2015-12-02,'600578,京能电力,0.0,0.0,0.0,0.0,6.07,None,None,0.0,0,0.0,28027138190.8,13701914347.8
2015-12-01,'600578,京能电力,0.0,0.0,0.0,0.0,6.07,None,None,0.0,0,0.0,28027138190.8,13701914347.8
2015-11-30,'600578,京能电力,0.0,0.0,0.0,0.0,6.07,None,None,0.0,0,0.0,28027138190.8,13701914347.8
2015-11-27,'600578,京能电力,0.0,0.0,0.0,0.0,6.07,None,None,0.0,0,0.0,28027138190.8,13701914347.8
2015-11-26,'600578,京能电力,0.0,0.0,0.0,0.0,6.07,None,None,0.0,0,0.0,28027138190.8,13701914347.8
2015-11-25,'600578,京能电力,0.0,0.0,0.0,0.0,6.07,None,None,0.0,0,0.0,28027138190.8,13701914347.8
2015-11-24,'600578,京能电力,0.0,0.0,0.0,0.0,6.07,None,None,0.0,0,0.0,28027138190.8,13701914347.8
2015-11-23,'600578,京能电力,0.0,0.0,0.0,0.0,6.07,None,None,0.0,0,0.0,28027138190.8,13701914347.8
2015-11-20,'600578,京能电力,0.0,0.0,0.0,0.0,6.07,None,None,0.0,0,0.0,28027138190.8,13701914347.8
2015-11-19,'600578,京能电力,0.0,0.0,0.0,0.0,6.07,None,None,0.0,0,0.0,28027138190.8,13701914347.8
2015-11-18,'600578,京能电力,0.0,0.0,0.0,0.0,6.07,None,None,0.0,0,0.0,28027138190.8,13701914347.8
2015-11-17,'600578,京能电力,0.0,0.0,0.0,0.0,6.07,None,None,0.0,0,0.0,28027138190.8,13701914347.8
2015-11-16,'600578,京能电力,0.0,0.0,0.0,0.0,6.07,None,None,0.0,0,0.0,28027138190.8,13701914347.8
2015-11-13,'600578,京能电力,0.0,0.0,0.0,0.0,6.07,None,None,0.0,0,0.0,28027138190.8,13701914347.8
2015-11-12,'600578,京能电力,0.0,0.0,0.0,0.0,6.07,None,None,0.0,0,0.0,28027138190.8,13701914347.8
2015-11-11,'600578,京能电力,0.0,0.0,0.0,0.0,6.07,None,None,0.0,0,0.0,28027138190.8,13701914347.8
2015-11-10,'600578,京能电力,0.0,0.0,0.0,0.0,6.07,None,None,0.0,0,0.0,28027138190.8,13701914347.8
2015-11-09,'600578,京能电力,0.0,0.0,0.0,0.0,6.07,None,None,0.0,0,0.0,28027138190.8,13701914347.8
2015-11-06,'600578,京能电力,0.0,0.0,0.0,0.0,6.07,None,None,0.0,0,0.0,28027138190.8,13701914347.8
2015-11-05,'600578,京能电力,0.0,0.0,0.0,0.0,6.07,None,None,0.0,0,0.0,28027138190.8,13701914347.8
2015-11-04,'600578,京能电力,6.07,6.08,5.84,5.84,5.82,0.25,4.2955,2.1465,48454205,289062686.0,28027138190.8,13701914347.8
2015-11-03,'600578,京能电力,5.82,5.93,5.8,5.85,5.86,-0.04,-0.6826,0.6551,14788061,86522509.0,26872807952.3,13137585091.3
2015-11-02,'600578,京能电力,5.86,5.95,5.73,5.78,5.79,0.07,1.209,1.2941,29212071,171273006.0,27057500790.4,13227877772.4
2015-10-30,'600578,京能电力,5.79,5.86,5.72,5.8,5.82,-0.03,-0.5155,0.445,10045294,58184060.0,26734288323.7,13069865580.5
2015-10-29,'600578,京能电力,5.82,5.84,5.7,5.76,5.76,0.06,1.0417,0.511,11535801,66705844.0,26872807952.3,13137585091.3
2015-10-28,'600578,京能电力,5.76,5.93,5.72,5.88,5.91,-0.15,-2.5381,0.8398,18957047,110828910.0,26595768695.0,13002146069.8
2015-10-27,'600578,京能电力,5.91,5.93,5.76,5.83,5.84,0.07,1.1986,1.425,32165878,188044756.0,27288366838.1,13340743623.7
2015-10-26,'600578,京能电力,5.84,5.9,5.8,5.89,5.78,0.06,1.0381,1.1417,25772457,150448459.0,26965154371.4,13182731431.8
2015-10-23,'600578,京能电力,5.78,5.79,5.63,5.68,5.68,0.1,1.7606,1.0456,23603138,134664568.0,26688115114.1,13047292410.3
2015-10-22,'600578,京能电力,5.68,5.69,5.52,5.6,5.58,0.1,1.7921,0.8115,18318207,102894354.0,26226383018.7,12821560707.7
2015-10-21,'600578,京能电力,5.58,5.95,5.52,5.92,5.89,-0.31,-5.2632,1.2826,28951736,167600745.0,25764650923.3,12595829005.1
2015-10-20,'600578,京能电力,5.89,5.9,5.76,5.8,5.8,0.09,1.5517,0.8326,18793955,109607235.0,27196020419.1,13295597283.1
2015-10-19,'600578,京能电力,5.8,5.96,5.72,5.92,5.89,-0.09,-1.528,1.1466,25882267,151907817.0,26780461533.2,13092438750.8
2015-10-16,'600578,京能电力,5.89,5.93,5.79,5.82,5.8,0.09,1.5517,1.2697,28661439,167877574.0,27196020419.1,13295597283.1
2015-10-15,'600578,京能电力,5.8,5.82,5.62,5.64,5.65,0.15,2.6549,0.7943,17929594,103329488.0,26780461533.2,13092438750.8
2015-10-14,'600578,京能电力,5.65,5.81,5.63,5.79,5.79,-0.14,-2.418,0.7714,17412699,99845674.0,26087863390.1,12753841196.9
2015-10-13,'600578,京能电力,5.79,5.83,5.67,5.73,5.78,0.01,0.173,1.0049,22684651,130486515.0,26734288323.7,13069865580.5
2015-10-12,'600578,京能电力,5.78,5.98,5.51,5.51,5.5,0.28,5.0909,1.8641,42079058,241149056.0,26688115114.1,13047292410.3
2015-10-09,'600578,京能电力,5.5,5.53,5.4,5.42,5.43,0.07,1.2891,0.7489,16904716,92599809.0,25395265247.0,12415243643.0
2015-10-08,'600578,京能电力,5.43,5.53,5.4,5.42,5.27,0.16,3.0361,0.8592,19394024,105774537.0,25072052780.2,12257231451.2
2015-09-30,'600578,京能电力,5.27,5.34,5.25,5.31,5.28,-0.01,-0.1894,0.2786,6288840,33287620.0,24333281427.6,11896060727.0
2015-09-29,'600578,京能电力,5.28,5.43,5.26,5.43,5.41,-0.13,-2.403,0.3369,7604042,40540605.0,24379454637.1,11918633897.3
2015-09-28,'600578,京能电力,5.41,5.42,5.33,5.38,5.36,0.05,0.9328,0.2903,6552330,35261146.0,24979706361.1,12212085110.7
2015-09-25,'600578,京能电力,5.36,5.56,5.32,5.54,5.54,-0.18,-3.2491,0.5313,11993817,65201014.0,24748840313.4,12099219259.4
2015-09-24,'600578,京能电力,5.54,5.58,5.48,5.52,5.49,0.05,0.9107,0.4429,9997870,55277444.0,25579958085.2,12505536324.0
2015-09-23,'600578,京能电力,5.49,5.65,5.45,5.55,5.64,-0.15,-2.6596,0.6097,13762324,76133118.0,25349092037.5,12392670472.7
2015-09-22,'600578,京能电力,5.64,5.71,5.6,5.66,5.64,0.0,0.0,0.821,18532173,104757513.0,26041690180.6,12731268026.6
2015-09-21,'600578,京能电力,5.64,5.68,5.38,5.41,5.5,0.14,2.5455,0.7653,17275887,96564277.0,26041690180.6,12731268026.6
2015-09-18,'600578,京能电力,5.5,5.57,5.44,5.49,5.47,0.03,0.5484,0.5098,11507276,63297373.0,25395265247.0,12415243643.0
2015-09-17,'600578,京能电力,5.47,5.78,5.45,5.66,5.69,-0.22,-3.8664,1.1335,25587687,144203910.0,25256745618.4,12347524132.2
2015-09-16,'600578,京能电力,5.69,5.76,5.2,5.24,5.27,0.42,7.9696,1.0221,23071348,127019667.0,26272556228.3,12844133877.9
2015-09-15,'600578,京能电力,5.27,5.53,5.11,5.35,5.46,-0.19,-3.4799,1.037,23407867,124927368.0,24333281427.6,11896060727.0
2015-09-14,'600578,京能电力,5.46,5.98,5.32,5.85,5.82,-0.36,-6.1856,1.319,29773659,169365356.0,25210572408.8,12324950962.0
2015-09-11,'600578,京能电力,5.82,5.9,5.7,5.78,5.79,0.03,0.5181,0.5578,12591604,73012270.0,26872807952.3,13137585091.3
2015-09-10,'600578,京能电力,5.79,6.0,5.76,5.92,6.04,-0.25,-4.1391,0.8866,20013287,118388772.0,26734288323.7,13069865580.5
2015-09-09,'600578,京能电力,6.04,6.05,5.82,5.87,5.87,0.17,2.8961,1.6802,37928308,226100034.0,27888618562.2,13634194837.0
2015-09-08,'600578,京能电力,5.87,5.9,5.51,5.63,5.68,0.19,3.3451,1.1975,27032431,154638907.0,27103674000.0,13250450942.6
2015-09-07,'600578,京能电力,5.68,6.09,5.61,5.86,5.83,-0.15,-2.5729,2.1357,48209760,280844879.0,26226383018.7,12821560707.7
2015-09-02,'600578,京能电力,5.83,6.27,5.77,5.97,6.27,-0.44,-7.0175,1.3089,29544931,178159698.0,26918981161.8,13160158261.6
2015-09-01,'600578,京能电力,6.27,6.36,5.69,5.93,6.1,0.17,2.7869,3.3001,74494277,456123274.0,28950602381.6,14153377753.0
2015-08-31,'600578,京能电力,6.1,6.12,5.61,5.87,5.98,0.12,2.0067,2.0326,45881162,268550510.0,28165657819.4,13769633858.6
2015-08-28,'600578,京能电力,5.98,6.01,5.51,5.6,5.49,0.49,8.9253,2.3272,52532386,299041679.0,27611579304.9,13498755815.5
2015-08-27,'600578,京能电力,5.49,5.5,5.11,5.25,5.1,0.39,7.6471,1.5054,33982115,180270010.0,25349092037.5,12392670472.7
2015-08-26,'600578,京能电力,5.1,5.49,5.01,5.3,5.18,-0.08,-1.5444,1.7986,40600304,213325428.0,23548336865.4,11512316832.6
2015-08-25,'600578,京能电力,5.18,5.51,5.18,5.2,5.75,-0.57,-9.913,3.3636,75927143,396902247.0,23917722541.7,11692902194.7
2015-08-24,'600578,京能电力,5.75,6.18,5.75,6.06,6.39,-0.64,-10.0156,1.9323,43617755,254611571.0,26549595485.5,12979572899.5
2015-08-21,'600578,京能电力,6.39,6.92,6.34,6.8,6.92,-0.53,-7.659,2.5164,56803722,372801634.0,29504680896.1,14424255796.1
2015-08-20,'600578,京能电力,6.92,7.25,6.9,7.16,7.31,-0.39,-5.3352,2.3137,52226977,369562053.0,31951861001.7,15620633819.9
2015-08-19,'600578,京能电力,7.31,7.32,6.41,6.57,6.65,0.66,9.9248,4.0429,91261769,640561500.0,33752616173.7,16500987460.1
2015-08-18,'600578,京能电力,6.65,7.46,6.63,7.41,7.37,-0.72,-9.7693,3.3512,75647816,538522964.0,30705184344.1,15011158222.9
2015-08-17,'600578,京能电力,7.37,7.38,7.02,7.16,7.15,0.22,3.0769,2.7526,62134095,449606400.0,34029655431.0,16636426481.6
2015-08-14,'600578,京能电力,7.15,7.35,7.08,7.17,7.13,0.02,0.2805,2.6838,60580791,436869545.0,33013844821.1,16139816735.9
2015-08-13,'600578,京能电力,7.13,7.15,6.91,6.95,6.9,0.23,3.3333,1.9731,44538869,314756483.0,32921498402.0,16094670395.4
2015-08-12,'600578,京能电力,6.9,7.04,6.86,6.94,7.03,-0.13,-1.8492,1.3636,30780589,214160902.0,31859514582.6,15575487479.4
2015-08-11,'600578,京能电力,7.03,7.16,6.96,7.13,7.12,-0.09,-1.264,2.6649,60154829,424863266.0,32459766306.6,15868938692.8
2015-08-10,'600578,京能电力,7.12,7.2,6.85,6.9,6.83,0.29,4.246,2.8802,65016135,459404754.0,32875325192.5,16072097225.1
2015-08-07,'600578,京能电力,6.83,6.87,6.68,6.68,6.64,0.19,2.8614,1.4283,32241020,219248192.0,31536302115.8,15417475287.6
2015-08-06,'600578,京能电力,6.64,6.79,6.55,6.62,6.74,-0.1,-1.4837,0.9577,21618049,144135126.0,30659011134.6,14988585052.6
2015-08-05,'600578,京能电力,6.74,7.01,6.63,6.95,7.01,-0.27,-3.8516,1.9288,43539317,297604912.0,31120743230.0,15214316755.2
2015-08-04,'600578,京能电力,7.01,7.08,6.65,6.8,6.91,0.1,1.4472,2.7573,62240623,429809516.0,32367419887.5,15823792352.3
2015-08-03,'600578,京能电力,6.91,6.92,6.37,6.4,6.51,0.4,6.1444,2.918,65869144,435247406.0,31905687792.1,15598060649.7
2015-07-31,'600578,京能电力,6.51,6.52,6.22,6.42,6.49,0.02,0.3082,1.8286,41276317,263708130.0,30058759410.5,14695133839.3
2015-07-30,'600578,京能电力,6.49,6.93,6.46,6.78,6.85,-0.36,-5.2555,2.6086,58885496,398359388.0,29966412991.5,14649987498.7
2015-07-29,'600578,京能电力,6.85,6.85,6.22,6.22,6.23,0.62,9.9518,2.9408,66382059,432609571.0,31628648534.9,15462621628.1
2015-07-28,'600578,XD京能电,6.23,6.38,5.57,6.01,6.13,0.1,1.6313,2.8442,64201886,385058504.0,28765909543.4,14063085072.0
2015-07-27,'600578,京能电力,6.33,7.12,6.32,6.81,7.02,-0.69,-9.8291,2.714,61263837,415071730.0,29227641638.8,14288816774.6
2015-07-24,'600578,京能电力,7.02,7.27,6.93,7.06,7.02,0.0,0.0,3.3618,75886181,541199167.0,32413593097.1,15846365522.5
2015-07-23,'600578,京能电力,7.02,7.05,6.82,6.86,6.9,0.12,1.7391,2.5527,57622673,401184515.0,32413593097.1,15846365522.5
2015-07-22,'600578,京能电力,6.9,6.95,6.6,6.74,6.73,0.17,2.526,2.5811,58263037,396663086.0,31859514582.6,15575487479.4
2015-07-21,'600578,京能电力,6.73,6.82,6.51,6.6,6.7,0.03,0.4478,1.8342,41403219,277415990.0,31074570020.4,15191743585.0
2015-07-20,'600578,京能电力,6.7,6.85,6.53,6.64,6.67,0.03,0.4498,2.1705,48995467,327356223.0,30936050391.8,15124024074.2
2015-07-17,'600578,京能电力,6.67,6.75,6.32,6.39,6.3,0.37,5.873,2.0726,46785047,306989993.0,30797530763.2,15056304563.4
2015-07-16,'600578,京能电力,6.3,6.52,5.88,6.17,6.17,0.13,2.107,2.1965,49581968,310729290.0,29089122010.2,14221097263.8
2015-07-15,'600578,京能电力,6.17,6.78,6.17,6.73,6.86,-0.69,-10.0583,2.7904,62988111,402537525.0,28488870286.2,13927646050.4
2015-07-14,'600578,京能电力,6.86,7.47,6.8,7.03,7.21,-0.35,-4.8544,4.5876,103557563,733185093.0,31674821744.4,15485194798.4
2015-07-13,'600578,京能电力,7.21,7.21,6.61,6.84,6.55,0.66,10.0763,5.2442,118378944,829236648.0,33290884078.3,16275255757.5
2015-07-10,'600578,京能电力,6.55,6.55,6.18,6.18,5.95,0.6,10.084,2.6582,60003818,388269294.0,30243452248.7,14785426520.3
2015-07-09,'600578,京能电力,5.95,5.95,4.88,5.41,5.41,0.54,9.9815,3.8986,88002895,499956127.0,27473059676.3,13431036304.7
2015-07-08,'600578,京能电力,5.41,5.62,5.41,5.41,6.01,-0.6,-9.9834,2.9143,65784096,357948535.0,24979706361.1,12212085110.7
2015-07-07,'600578,京能电力,6.01,6.18,5.62,6.02,6.24,-0.23,-3.6859,5.3628,121055798,708398950.0,27750098933.5,13566475326.3
2015-07-06,'600578,京能电力,6.24,7.17,5.88,7.17,6.52,-0.28,-4.2945,4.2527,95996977,616468384.0,28812082753.0,14085658242.2
2015-07-03,'600578,京能电力,6.52,7.24,6.52,6.85,7.24,-0.72,-9.9448,3.5901,81039922,539471438.0,30104932620.1,14717707009.5
2015-07-02,'600578,京能电力,7.24,8.04,7.24,8.04,8.04,-0.8,-9.9502,4.3295,97729745,729877970.0,33429403707.0,16342975268.2
2015-07-01,'600578,京能电力,8.04,8.94,8.04,8.75,8.93,-0.89,-9.9664,4.9112,110860994,951955444.0,37123260470.2,18148828889.0
2015-06-30,'600578,京能电力,8.93,8.96,7.62,8.48,8.44,0.49,5.8057,5.8024,130978811,1096019741.0,41232676119.2,20157841042.2
2015-06-29,'600578,京能电力,8.44,8.9,7.61,8.8,8.45,-0.01,-0.1183,6.1334,138449933,1173586121.0,38970188851.8,19051755699.4
2015-06-26,'600578,京能电力,8.45,9.34,8.45,9.02,9.39,-0.94,-10.0106,5.6367,127237335,1129489332.0,39016362061.3,19074328869.7
2015-06-25,'600578,京能电力,9.39,10.0,9.02,9.18,9.21,0.18,1.9544,8.469,191173094,1809466883.0,43356643758.1,21196206874.1
2015-06-24,'600578,京能电力,9.21,9.56,8.81,8.82,8.74,0.47,5.3776,6.6136,149289583,1373672498.0,42525525986.3,20789889809.5
2015-06-23,'600578,京能电力,8.74,8.75,7.99,8.39,8.39,0.35,4.1716,3.427,77358081,657356259.0,40355385138.0,19728950807.2
2015-06-19,'600578,京能电力,8.39,8.95,8.34,8.6,8.84,-0.45,-5.0905,3.591,81060278,702095608.0,38739322804.1,18938889848.1
2015-06-18,'600578,京能电力,8.84,9.35,8.59,9.35,9.39,-0.55,-5.8573,5.0485,113960431,1039980500.0,40817117233.4,19954682509.8
2015-06-17,'600578,京能电力,9.39,9.39,8.55,8.55,8.54,0.85,9.9532,5.8166,131298999,1173969915.0,43356643758.1,21196206874.1
2015-06-16,'600578,京能电力,8.54,9.06,8.49,9.02,9.17,-0.63,-6.8702,4.292,96884566,845206744.0,39431920947.2,19277487402.0
2015-06-15,'600578,京能电力,9.17,9.63,9.13,9.38,9.24,-0.07,-0.7576,5.6178,126812096,1185318349.0,42340833148.2,20699597128.4
2015-06-12,'600578,京能电力,9.24,9.27,8.97,8.97,8.96,0.28,3.125,5.6178,126812563,1157203624.0,42664045615.0,20857609320.2
2015-06-11,'600578,京能电力,8.96,8.98,8.66,8.75,8.79,0.17,1.934,4.687,105800673,933846388.0,41371195747.8,20225560553.0
2015-06-10,'600578,京能电力,8.79,8.9,8.51,8.66,8.79,0.0,0.0,4.2495,95924158,838322793.0,40586251185.7,19841816658.5
2015-06-09,'600578,京能电力,8.79,8.88,8.54,8.88,8.87,-0.08,-0.9019,4.4472,100387614,874088460.0,40586251185.7,19841816658.5
2015-06-08,'600578,京能电力,8.87,8.96,8.59,8.8,8.6,0.27,3.1395,7.0721,159639701,1404547115.0,40955636862.0,20022402020.6
2015-06-05,'600578,京能电力,8.6,8.74,8.31,8.46,8.3,0.3,3.6145,6.6705,150573317,1283404606.0,39708960204.4,19412926423.6
2015-06-04,'600578,京能电力,8.3,8.32,7.59,8.23,8.24,0.06,0.7282,3.4056,76874066,618433752.0,38323763918.2,18735731315.8
2015-06-03,'600578,京能电力,8.24,8.5,8.1,8.44,8.44,-0.2,-2.3697,3.8148,86111178,710550963.0,38046724661.0,18600292294.2
2015-06-02,'600578,京能电力,8.44,8.57,8.16,8.36,8.3,0.14,1.6867,4.5322,102305403,856719515.0,38970188851.8,19051755699.4
2015-06-01,'600578,京能电力,8.3,8.38,7.81,7.81,7.79,0.51,6.5469,4.1404,93461233,762022803.0,38323763918.2,18735731315.8
2015-05-29,'600578,京能电力,7.79,7.95,7.1,7.72,7.72,0.07,0.9067,3.9512,89191059,684729549.0,35968930231.7,17584499632.5
2015-05-28,'600578,京能电力,7.72,8.75,7.67,8.46,8.45,-0.73,-8.6391,5.9637,134618883,1117625783.0,35645717764.9,17426487440.7
2015-05-27,'600578,京能电力,8.45,8.75,8.37,8.37,8.29,0.16,1.93,6.052,136612378,1163201724.0,39016362061.3,19074328869.7
2015-05-26,'600578,京能电力,8.29,8.34,7.99,8.28,8.27,0.02,0.2418,5.3084,119826424,980155664.0,38277590708.7,18713158145.5
2015-05-25,'600578,京能电力,8.27,8.39,7.68,7.68,7.66,0.61,7.9634,5.617,126792707,1016862199.0,38185244289.6,18668011805.0
2015-05-22,'600578,京能电力,7.66,7.69,7.46,7.69,7.43,0.23,3.0956,3.8297,86448634,657023451.0,35368678507.6,17291048419.2
2015-05-21,'600578,京能电力,7.43,7.44,7.16,7.32,7.33,0.1,1.3643,2.4892,56189097,411051687.0,34306694688.2,16771865503.2
2015-05-20,'600578,京能电力,7.33,7.52,7.3,7.35,7.31,0.02,0.2736,2.5331,57180213,423980252.0,33844962592.8,16546133800.6
2015-05-19,'600578,京能电力,7.31,7.32,7.1,7.1,7.09,0.22,3.103,2.1401,48309034,350511801.0,33752616173.7,16500987460.1
2015-05-18,'600578,京能电力,7.09,7.21,7.01,7.11,7.17,-0.08,-1.1158,1.7696,39946582,284590729.0,32736805563.9,16004377714.3
