2016-05-13,'600522,中天科技,21.41,21.6,20.6,20.66,20.79,0.62,2.9822,3.2963,28439337,604968879.0,22358643400.7,18471852667.4
2016-05-12,'600522,中天科技,20.79,20.96,19.72,19.91,20.26,0.53,2.616,2.4384,21037420,429810409.0,21711172176.5,17936936803.2
2016-05-11,'600522,中天科技,20.26,20.63,20.06,20.54,20.37,-0.11,-0.54,1.7229,14864493,302233380.0,21157688710.8,17479670016.0
2016-05-10,'600522,中天科技,20.37,20.56,20.1,20.24,20.24,0.13,0.6423,1.5757,13594343,276117122.0,21272562637.6,17574574443.5
2016-05-09,'600522,中天科技,20.24,21.21,20.06,21.0,21.06,-0.82,-3.8936,2.6667,23007015,472262236.0,21136802542.2,17462414665.5
2016-05-06,'600522,中天科技,21.06,22.1,21.02,21.7,21.51,-0.45,-2.0921,3.8092,32864949,710900099.0,21993135451.6,18169884034.4
2016-05-05,'600522,中天科技,21.51,21.57,21.29,21.51,21.64,-0.13,-0.6007,2.4262,20932301,448264684.0,22463074243.3,18558129419.7
2016-05-04,'600522,中天科技,21.64,21.85,21.52,21.81,21.88,-0.24,-1.0969,2.1407,18469119,400100788.0,22598834338.6,18670289197.7
2016-05-03,'600522,中天科技,21.88,22.12,21.43,21.56,21.47,0.41,1.9096,3.8957,33610811,734850384.0,22849468360.9,18877353403.2
2016-04-29,'600522,中天科技,21.47,21.76,21.28,21.62,21.71,-0.24,-1.1055,2.4967,21540910,464432526.0,22421301906.2,18523618718.8
2016-04-28,'600522,中天科技,21.71,21.88,20.61,21.0,21.19,0.52,2.454,3.7963,32753261,695681736.0,22671935928.5,18730682924.3
2016-04-27,'600522,中天科技,21.19,22.0,20.09,20.38,20.29,0.9,4.4357,5.146,44397795,940998640.0,22128895546.9,18282043812.4
2016-04-26,'600522,中天科技,20.29,20.47,18.84,19.14,19.14,1.15,6.0084,3.9256,33868880,668269655.0,21189017963.5,17505553041.7
2016-04-25,'600522,中天科技,19.14,20.75,19.0,20.75,19.1,0.04,0.2094,5.563,47995521,945587261.0,19988063273.6,16513370390.2
2016-04-22,'600522,中天科技,0.0,0.0,0.0,0.0,19.1,None,None,0.0,0,0.0,19946290936.6,16478859689.3
2016-04-21,'600522,中天科技,0.0,0.0,0.0,0.0,19.1,None,None,0.0,0,0.0,19946290936.6,16478859689.3
2016-04-20,'600522,中天科技,0.0,0.0,0.0,0.0,19.1,None,None,0.0,0,0.0,19946290936.6,16478859689.3
2016-04-19,'600522,中天科技,0.0,0.0,0.0,0.0,19.1,None,None,0.0,0,0.0,19946290936.6,16478859689.3
2016-04-18,'600522,中天科技,0.0,0.0,0.0,0.0,19.1,None,None,0.0,0,0.0,19946290936.6,16478859689.3
2016-04-15,'600522,中天科技,0.0,0.0,0.0,0.0,19.1,None,None,0.0,0,0.0,19946290936.6,16478859689.3
2016-04-14,'600522,中天科技,0.0,0.0,0.0,0.0,19.1,None,None,0.0,0,0.0,19946290936.6,16478859689.3
2016-04-13,'600522,中天科技,0.0,0.0,0.0,0.0,19.1,None,None,0.0,0,0.0,19946290936.6,16478859689.3
2016-04-12,'600522,中天科技,0.0,0.0,0.0,0.0,19.1,None,None,0.0,0,0.0,19946290936.6,16478859689.3
2016-04-11,'600522,中天科技,0.0,0.0,0.0,0.0,19.1,None,None,0.0,0,0.0,19946290936.6,16478859689.3
2016-04-08,'600522,中天科技,0.0,0.0,0.0,0.0,19.1,None,None,0.0,0,0.0,19946290936.6,16478859689.3
2016-04-07,'600522,中天科技,19.1,19.43,18.75,19.18,19.12,-0.02,-0.1046,2.5227,21764883,415867569.0,19946290936.6,16478859689.3
2016-04-06,'600522,中天科技,19.12,19.23,18.88,19.0,19.11,0.01,0.0523,1.7737,15303218,291626205.0,19967177105.1,16496115039.8
2016-04-05,'600522,中天科技,19.11,19.18,18.36,18.4,18.48,0.63,3.4091,2.8727,24785152,469165738.0,19956734020.9,16487487364.5
2016-04-01,'600522,中天科技,18.48,18.64,18.01,18.56,18.59,-0.11,-0.5917,1.5031,12968549,237864455.0,19298819712.5,15943943825.0
2016-03-31,'600522,中天科技,18.59,18.79,18.41,18.76,18.52,0.07,0.378,1.768,15253965,284034197.0,19413693639.3,16038848252.6
2016-03-30,'600522,中天科技,18.52,18.54,17.9,18.02,17.78,0.74,4.162,1.7586,15172464,276299229.0,19340592049.5,15978454526.0
2016-03-29,'600522,中天科技,17.78,18.35,17.68,18.26,18.26,-0.48,-2.6287,1.5486,13360421,239071841.0,18567803814.3,15340006558.9
2016-03-28,'600522,中天科技,18.26,18.7,18.17,18.46,18.31,-0.05,-0.2731,1.6201,13977466,258516110.0,19069071858.8,15754134970.0
2016-03-25,'600522,中天科技,18.31,18.34,18.08,18.2,18.15,0.16,0.8815,1.3348,11516205,209897101.0,19121287280.1,15797273346.1
2016-03-24,'600522,中天科技,18.15,18.51,18.11,18.51,18.72,-0.57,-3.0449,2.3345,20141023,369217507.0,18954197931.9,15659230542.5
2016-03-23,'600522,中天科技,18.72,18.95,18.35,18.4,18.46,0.26,1.4085,2.1655,18683004,348755190.0,19549453734.7,16151008030.6
2016-03-22,'600522,中天科技,18.46,18.74,18.29,18.41,18.55,-0.09,-0.4852,2.1508,18556830,343504244.0,19277933544.0,15926688474.6
2016-03-21,'600522,中天科技,18.55,18.85,18.32,18.47,18.25,0.3,1.6438,3.1077,26812559,497395023.0,19371921302.3,16004337551.6
2016-03-18,'600522,中天科技,18.25,18.39,17.79,17.82,17.72,0.53,2.991,3.3519,28919502,525665519.0,19058628774.5,15745507294.8
2016-03-17,'600522,中天科技,17.72,17.76,17.2,17.2,17.09,0.63,3.6864,2.5297,21825350,383354238.0,18505145308.7,15288240507.6
2016-03-16,'600522,中天科技,17.09,17.67,17.06,17.58,17.55,-0.46,-2.6211,1.6425,14170815,245017319.0,17847231000.3,14744696968.1
2016-03-15,'600522,中天科技,17.55,17.65,17.2,17.41,17.56,-0.01,-0.0569,1.9716,17009993,296820568.0,18327612876.3,15141570028.6
2016-03-14,'600522,中天科技,17.56,17.86,17.2,17.3,17.05,0.51,2.9912,2.9434,25394673,448072823.0,18338055960.6,15150197703.9
2016-03-11,'600522,中天科技,17.05,17.15,16.51,16.76,16.86,0.19,1.1269,1.2747,10997399,185250573.0,17805458663.3,14710186267.1
2016-03-10,'600522,中天科技,16.86,17.29,16.84,17.15,17.08,-0.22,-1.2881,1.4517,12525208,213494068.0,17607040062.4,14546260437.8
2016-03-09,'600522,中天科技,17.08,17.42,17.03,17.28,17.67,-0.59,-3.339,2.0313,17525812,301522527.0,17836787916.1,14736069292.8
2016-03-08,'600522,中天科技,17.67,17.77,17.0,17.55,17.76,-0.09,-0.5068,3.0832,26601245,463069857.0,18452929887.4,15245102131.4
2016-03-07,'600522,中天科技,17.76,17.8,16.83,16.83,16.58,1.18,7.117,4.4503,38395756,669721716.0,18546917645.8,15322751208.5
2016-03-04,'600522,中天科技,16.58,17.12,16.25,16.95,17.02,-0.44,-2.5852,2.4685,21297089,356317524.0,17314633703.1,14304685531.3
2016-03-03,'600522,中天科技,17.02,17.46,16.58,16.68,16.65,0.37,2.2222,3.4727,29960977,512877631.0,17774129410.5,14684303241.5
2016-03-02,'600522,中天科技,16.65,16.74,15.61,15.7,15.71,0.94,5.9835,2.469,21301964,345030587.0,17387735292.9,14365079258.0
2016-03-01,'600522,中天科技,15.71,15.84,15.12,15.46,15.4,0.31,2.013,1.6872,14556940,225746181.0,16406085372.5,13554077786.3
2016-02-29,'600522,中天科技,15.4,16.45,15.14,16.45,16.35,-0.95,-5.8104,2.2694,19579270,302755640.0,16082349760.4,13286619854.2
2016-02-26,'600522,中天科技,16.35,16.6,15.86,16.15,15.97,0.38,2.3795,2.3854,20580194,334275563.0,17074442765.1,14106249001.0
2016-02-25,'600522,中天科技,15.97,17.75,15.82,17.63,17.57,-1.6,-9.1064,3.0111,25978918,439015862.0,16677605563.2,13778397342.3
2016-02-24,'600522,中天科技,17.57,17.65,17.19,17.42,17.57,0.0,0.0,1.9249,16607092,289354487.0,18348499044.8,15158825379.1
2016-02-23,'600522,中天科技,17.57,17.88,17.32,17.88,17.89,-0.32,-1.7887,1.9464,16793015,295095403.0,18348499044.8,15158825379.1
2016-02-22,'600522,中天科技,17.89,17.93,17.42,17.68,17.41,0.48,2.757,2.4522,21156939,373825560.0,18682677741.1,15434910986.5
2016-02-19,'600522,中天科技,17.41,17.54,17.11,17.2,17.25,0.16,0.9275,1.857,16021223,277468906.0,18181409696.7,15020782575.4
2016-02-18,'600522,中天科技,17.25,17.7,17.21,17.6,17.46,-0.21,-1.2027,2.4734,21339326,371895897.0,18014320348.5,14882739771.8
2016-02-17,'600522,中天科技,17.46,17.78,17.22,17.36,17.0,0.46,2.7059,3.3402,28817781,504045122.0,18233625118.0,15063920951.6
2016-02-16,'600522,中天科技,17.0,17.17,16.25,16.25,16.19,0.81,5.0031,2.3408,20195715,339534279.0,17753243242.0,14667047891.0
2016-02-15,'600522,中天科技,16.19,16.36,15.8,15.82,16.45,-0.26,-1.5805,1.2315,10624655,170944766.0,16907353416.9,13968206197.4
2016-02-05,'600522,中天科技,16.45,16.85,16.4,16.69,16.7,-0.25,-1.497,1.4154,12211941,203129601.0,17178873607.7,14192525753.4
2016-02-04,'600522,中天科技,16.7,16.82,16.35,16.43,16.34,0.36,2.2032,2.2087,19055551,315734123.0,17439950714.2,14408217634.1
2016-02-03,'600522,中天科技,16.34,16.42,15.87,16.18,16.34,0.0,0.0,1.7501,15099688,243249112.0,17063999680.8,14097621325.8
2016-02-02,'600522,中天科技,16.34,16.49,15.76,15.85,15.68,0.66,4.2092,2.0423,17619930,285498133.0,17063999680.8,14097621325.8
2016-02-01,'600522,中天科技,15.68,16.32,15.41,16.03,15.86,-0.18,-1.1349,2.3294,20097387,320306210.0,16374756119.7,13528194760.6
2016-01-29,'600522,中天科技,15.86,16.09,15.11,15.3,15.25,0.61,4.0,1.849,15952655,250195333.0,16562731636.4,13683492914.8
2016-01-28,'600522,中天科技,15.25,16.13,15.2,15.87,16.16,-0.91,-5.6312,1.6399,14148948,222328582.0,15925703496.5,13157204725.8
2016-01-27,'600522,中天科技,16.16,16.48,15.34,16.4,16.29,-0.13,-0.798,2.6842,23158056,366927913.0,16876024164.2,13942323171.7
2016-01-26,'600522,中天科技,16.29,17.32,16.0,17.3,17.54,-1.25,-7.1266,2.2344,19277943,323818979.0,17011784259.5,14054482949.7
2016-01-25,'600522,中天科技,17.54,17.56,17.05,17.05,16.82,0.72,4.2806,2.3035,19873652,344721482.0,18317169792.0,15132942353.4
2016-01-22,'600522,中天科技,16.82,16.98,16.22,16.72,16.41,0.41,2.4985,1.4647,12637193,210521461.0,17565267725.3,14511749736.9
2016-01-21,'600522,中天科技,16.41,17.49,16.38,16.99,17.25,-0.84,-4.8696,2.0398,17599133,298940856.0,17137101270.7,14158015052.4
2016-01-20,'600522,中天科技,17.25,17.75,17.1,17.41,17.54,-0.29,-1.6534,2.3416,20202254,351482166.0,18014320348.5,14882739771.8
2016-01-19,'600522,中天科技,17.54,17.63,16.67,16.72,16.66,0.88,5.2821,2.504,21603860,371731191.0,18317169792.0,15132942353.4
2016-01-18,'600522,中天科技,16.66,17.09,15.9,16.0,16.41,0.25,1.5235,1.8707,16139589,269581566.0,17398178377.2,14373706933.2
2016-01-15,'600522,中天科技,16.41,17.29,16.12,17.2,17.28,-0.87,-5.0347,2.3828,20558148,343399229.0,17137101270.7,14158015052.4
2016-01-14,'600522,中天科技,17.28,17.35,16.01,16.02,16.74,0.54,3.2258,2.5993,22425672,376935772.0,18045649601.3,14908622797.4
2016-01-13,'600522,中天科技,16.74,18.3,16.7,18.3,18.13,-1.39,-7.6669,2.3114,19941581,352109666.0,17481723051.2,14442728335.0
2016-01-12,'600522,中天科技,18.13,18.34,17.35,17.93,18.01,0.12,0.6663,2.2433,19354581,349156727.0,18933311763.4,15641975192.0
2016-01-11,'600522,中天科技,18.01,19.84,18.01,19.6,20.01,-2.0,-9.995,2.7748,23940160,452124108.0,18807994752.3,15538443089.2
2016-01-08,'600522,中天科技,20.01,20.76,19.2,20.62,19.85,0.16,0.806,2.6358,22741048,457800211.0,20896611604.3,17263978135.2
2016-01-07,'600522,中天科技,19.85,21.68,19.85,21.54,22.06,-2.21,-10.0181,1.1233,9691202,197742989.0,20729522256.1,17125935331.5
2016-01-06,'600522,中天科技,22.06,22.28,21.21,21.64,21.62,0.44,2.0352,2.677,23096270,504369628.0,23037443877.6,19032651557.4
2016-01-05,'600522,中天科技,21.62,22.06,20.11,20.33,21.05,0.57,2.7078,3.8272,33020105,707023706.0,22577948170.1,18653033847.3
2016-01-04,'600522,中天科技,21.05,23.11,20.71,22.95,22.9,-1.85,-8.0786,2.1621,18653858,412570136.0,21982692367.3,18161256359.2
2015-12-31,'600522,中天科技,22.9,23.68,22.83,23.66,23.67,-0.77,-3.2531,2.3265,20072555,465146569.0,23914662955.4,19757376276.7
2015-12-30,'600522,中天科技,23.67,23.96,23.19,23.27,23.24,0.43,1.8503,2.2687,19573870,462810745.0,24718780443.4,20421707269.4
2015-12-29,'600522,中天科技,23.24,23.29,22.67,23.09,23.03,0.21,0.9119,1.9912,17179287,393856933.0,24269727820.2,20050717234.5
2015-12-28,'600522,中天科技,23.03,24.08,23.01,24.06,24.01,-0.98,-4.0816,3.1862,27489115,649710449.0,24050423050.8,19869536054.7
2015-12-25,'600522,中天科技,24.01,24.55,23.85,24.45,24.3,-0.29,-1.1934,2.6265,22660745,546337376.0,25073845308.3,20715048227.2
2015-12-24,'600522,中天科技,24.3,24.32,23.62,23.73,23.79,0.51,2.1438,2.2682,19569357,468619576.0,25376694751.8,20965250808.9
2015-12-23,'600522,中天科技,23.79,24.54,23.74,24.4,24.55,-0.76,-3.0957,3.1234,26947556,651755515.0,24844097454.5,20525239372.2
2015-12-22,'600522,中天科技,24.55,24.67,23.94,24.25,24.38,0.17,0.6973,2.9505,25456282,617900379.0,25637771858.3,21180942689.7
2015-12-21,'600522,中天科技,24.38,24.97,24.1,24.46,24.32,0.06,0.2467,3.3014,28483616,701127498.0,25460239425.9,21034272210.7
2015-12-18,'600522,中天科技,24.32,24.85,24.06,24.8,24.93,-0.61,-2.4469,3.7853,32658555,798528708.0,25397580920.3,20982506159.4
2015-12-17,'600522,中天科技,24.93,25.35,24.33,24.53,24.29,0.64,2.6348,5.8648,50599758,1258527026.0,26034609060.2,21508794348.4
2015-12-16,'600522,中天科技,24.29,24.96,24.1,24.2,24.59,-0.3,-1.22,4.6363,40000889,978676485.0,25366251667.5,20956623133.7
2015-12-15,'600522,中天科技,24.59,24.98,22.95,23.1,23.3,1.29,5.5365,6.3427,54722637,1330399381.0,25679544195.3,21215453390.6
2015-12-14,'600522,中天科技,23.3,23.99,22.68,23.73,22.89,0.41,1.7912,3.3652,29033466,675902939.0,24332386325.8,20102483285.9
2015-12-11,'600522,中天科技,22.89,23.12,21.63,21.76,21.69,1.2,5.5325,4.1015,35386349,799069585.0,23904219871.1,19748748601.5
2015-12-10,'600522,中天科技,21.69,22.09,21.62,22.09,21.96,-0.27,-1.2295,1.4552,12555097,274246117.0,22651049759.9,18713427573.9
2015-12-09,'600522,中天科技,21.96,22.25,21.7,21.83,21.58,0.38,1.7609,2.0817,17959896,394678449.0,22933013035.0,18946374805.1
2015-12-08,'600522,中天科技,21.58,22.53,21.5,22.51,22.7,-1.12,-4.9339,2.7829,24010282,528862490.0,21947630384.4,18618523146.3
2015-12-07,'600522,中天科技,22.7,23.15,22.48,23.09,23.01,-0.31,-1.3472,2.7669,23871771,541930743.0,23086710367.3,19584822772.1
2015-12-04,'600522,中天科技,23.01,23.9,22.92,23.68,23.8,-0.79,-3.3193,2.7257,23516712,548956962.0,23401991434.0,19852280704.2
2015-12-03,'600522,中天科技,23.8,23.92,23.05,23.48,23.4,0.4,1.7094,2.5956,22393615,529353211.0,24205449636.2,20533867047.4
2015-12-02,'600522,中天科技,23.4,24.19,22.68,23.61,23.7,-0.3,-1.2658,2.652,22880298,539288040.0,23798635356.6,20188760038.2
2015-12-01,'600522,中天科技,23.7,23.98,23.25,23.65,23.9,-0.2,-0.8368,2.9483,25436818,600094695.0,24103746066.3,20447590295.1
2015-11-30,'600522,中天科技,23.9,23.96,22.16,22.42,22.26,1.64,7.3675,4.5988,39676680,910928117.0,24307153206.1,20620143799.7
2015-11-27,'600522,中天科技,22.26,23.88,21.9,23.01,23.34,-1.08,-4.6272,4.1531,35831566,824363239.0,22639214659.7,19205205062.0
2015-11-26,'600522,中天科技,23.34,24.5,23.18,24.2,22.94,0.4,1.7437,7.0675,60975705,1455285321.0,23737613214.7,20136993986.8
2015-11-25,'600522,中天科技,22.94,22.99,22.48,22.7,22.68,0.26,1.1464,2.2182,19137672,434976653.0,23330798935.1,19791886977.6
2015-11-24,'600522,中天科技,22.68,23.0,22.35,22.65,22.39,0.29,1.2952,1.7709,15279101,346194055.0,23066369653.3,19567567421.6
2015-11-23,'600522,中天科技,22.39,22.94,22.24,22.83,22.99,-0.6,-2.6098,3.0034,25912390,585993333.0,22771429300.6,19317364840.0
2015-11-20,'600522,中天科技,22.99,23.66,22.82,23.14,23.1,-0.11,-0.4762,3.3622,29007658,675450972.0,23381650720.0,19835025353.8
2015-11-19,'600522,中天科技,23.1,23.12,22.63,22.95,22.9,0.2,0.8734,3.6222,31251398,715835638.0,23493524646.9,19929929781.3
2015-11-18,'600522,中天科技,22.9,23.49,22.68,22.78,22.89,0.01,0.0437,4.4637,38510983,890544534.0,23290117507.1,19757376276.7
2015-11-17,'600522,中天科技,22.89,23.16,22.12,23.05,22.61,0.28,1.2384,3.9004,33651474,761368278.0,23279947150.1,19748748601.5
2015-11-16,'600522,中天科技,22.61,22.65,22.0,22.0,22.52,0.09,0.3996,3.0863,26627205,593104095.0,22995177154.4,19507173695.0
2015-11-13,'600522,中天科技,22.52,23.08,21.66,21.8,22.1,0.42,1.9005,5.8293,50292950,1126493751.0,22903643941.5,19429524618.0
2015-11-12,'600522,中天科技,22.1,22.47,21.42,21.7,21.58,0.52,2.4096,4.6684,40277368,884285296.0,19067162258.3,19067162258.3
2015-11-11,'600522,中天科技,21.58,21.59,20.97,21.02,21.1,0.48,2.2749,3.8776,33454614,713194573.0,18618523146.3,18618523146.3
2015-11-10,'600522,中天科技,21.1,21.53,20.78,21.16,21.13,-0.03,-0.142,4.3053,37144459,786163541.0,18204394735.3,18204394735.3
2015-11-09,'600522,中天科技,21.13,21.4,20.78,21.06,21.21,-0.08,-0.3772,4.5274,39060863,823386789.0,18230277761.0,18230277761.0
2015-11-06,'600522,中天科技,21.21,21.39,20.6,20.74,20.61,0.6,2.9112,3.351,28911070,609647046.0,18299299162.8,18299299162.8
2015-11-05,'600522,中天科技,20.61,21.26,20.33,20.48,20.39,0.22,1.079,4.0974,35351163,734159934.0,17781638649.0,17781638649.0
2015-11-04,'600522,中天科技,20.39,20.43,19.64,19.64,19.26,1.13,5.8671,3.4007,29339750,589600313.0,17591829794.0,17591829794.0
2015-11-03,'600522,中天科技,19.26,19.8,19.0,19.35,19.44,-0.18,-0.9259,1.7706,15276350,294481980.0,16616902493.0,16616902493.0
2015-11-02,'600522,中天科技,19.44,20.34,19.31,19.76,19.99,-0.55,-2.7514,2.4997,21566735,429687796.0,16772200647.1,16772200647.1
2015-10-30,'600522,中天科技,19.99,20.29,19.58,19.88,20.03,-0.04,-0.1997,2.7166,23438232,468704634.0,17246722784.8,17246722784.8
2015-10-29,'600522,中天科技,20.03,20.53,19.91,20.36,19.51,0.52,2.6653,3.798,32768119,662131671.0,17281233485.7,17281233485.7
2015-10-28,'600522,中天科技,19.51,20.4,19.38,20.18,20.26,-0.75,-3.7019,2.7504,23729218,473626885.0,16832594373.7,16832594373.7
2015-10-27,'600522,中天科技,20.26,20.48,19.08,20.02,19.78,0.48,2.4267,4.2765,36896231,735467470.0,17479670016.0,17479670016.0
2015-10-26,'600522,中天科技,19.78,20.18,19.31,19.83,19.55,0.23,1.1765,3.3737,29106854,574136283.0,17065541604.9,17065541604.9
2015-10-23,'600522,中天科技,19.55,19.71,18.99,19.49,19.29,0.26,1.3478,3.8088,32861367,634450568.0,16867105074.6,16867105074.6
2015-10-22,'600522,中天科技,19.29,19.44,18.5,18.68,18.39,0.9,4.894,3.4931,30137355,572633926.0,16642785518.7,16642785518.7
2015-10-21,'600522,中天科技,18.39,20.8,18.3,19.81,19.41,-1.02,-5.255,5.8581,50541361,997097643.0,15866294748.0,15866294748.0
2015-10-20,'600522,中天科技,19.41,19.58,18.7,18.75,18.75,0.66,3.52,3.3313,28741625,552382727.0,16746317621.4,16746317621.4
2015-10-19,'600522,中天科技,18.75,19.28,18.6,19.22,19.18,-0.43,-2.2419,2.966,25589704,484301366.0,16176891056.2,16176891056.2
2015-10-16,'600522,中天科技,19.18,19.39,18.79,19.39,19.33,-0.15,-0.776,4.6156,39821688,761440839.0,16547881091.1,16547881091.1
2015-10-15,'600522,中天科技,19.33,19.47,19.1,19.2,18.77,0.56,2.9835,4.1966,36206699,697595884.0,16677296219.6,16677296219.6
2015-10-14,'600522,中天科技,18.77,19.49,18.1,18.38,18.51,0.26,1.4046,4.342,37461757,701488057.0,16194146406.7,16194146406.7
2015-10-13,'600522,中天科技,18.51,18.55,18.02,18.3,18.43,0.08,0.4341,2.7427,23663098,432414266.0,15969826850.7,15969826850.7
2015-10-12,'600522,中天科技,18.43,19.0,17.69,17.95,17.9,0.53,2.9609,4.9467,42678469,783887438.0,15900805448.9,15900805448.9
2015-10-09,'600522,中天科技,17.9,18.18,17.68,18.0,17.89,0.01,0.0559,4.4731,38592209,694377429.0,15443538661.7,15443538661.7
2015-10-08,'600522,中天科技,17.89,17.89,16.6,16.79,16.26,1.63,10.0246,3.3685,29061921,499811485.0,15434910986.5,15434910986.5
2015-09-30,'600522,中天科技,16.26,16.98,16.13,16.75,16.4,-0.14,-0.8537,1.8877,16286103,268690634.0,14028599924.0,14028599924.0
2015-09-29,'600522,中天科技,0.0,0.0,0.0,0.0,16.4,None,None,0.0,0,0.0,14149387377.2,14149387377.2
2015-09-28,'600522,中天科技,0.0,0.0,0.0,0.0,16.4,None,None,0.0,0,0.0,14149387377.2,14149387377.2
2015-09-25,'600522,中天科技,0.0,0.0,0.0,0.0,16.4,None,None,0.0,0,0.0,14149387377.2,14149387377.2
2015-09-24,'600522,中天科技,0.0,0.0,0.0,0.0,16.4,None,None,0.0,0,0.0,14149387377.2,14149387377.2
2015-09-23,'600522,中天科技,0.0,0.0,0.0,0.0,16.4,None,None,0.0,0,0.0,14149387377.2,11553869257.2
2015-09-22,'600522,中天科技,16.4,16.6,16.02,16.48,16.4,0.0,0.0,1.8922,13330904,218825005.0,14149387377.2,11553869257.2
2015-09-21,'600522,中天科技,16.4,16.49,15.52,15.77,15.76,0.64,4.0609,1.6806,11839879,190632149.0,14149387377.2,11553869257.2
2015-09-18,'600522,中天科技,15.76,15.99,15.36,15.7,15.6,0.16,1.0256,1.1914,8393764,132184035.0,13597216162.5,11102986554.5
2015-09-17,'600522,中天科技,15.6,16.6,15.3,15.9,16.03,-0.43,-2.6825,2.1298,15004657,241176045.0,13459173358.8,10990265878.8
2015-09-16,'600522,中天科技,16.03,16.14,14.78,14.89,14.67,1.36,9.2706,1.9435,13691965,210992931.0,13830163393.7,11293202694.7
2015-09-15,'600522,中天科技,14.67,16.0,14.57,15.6,16.07,-1.4,-8.7119,1.9055,13424463,205546145.0,12656799562.4,10335076951.4
2015-09-14,'600522,中天科技,16.07,18.05,16.07,17.89,17.85,-1.78,-9.972,1.7245,12149111,202868661.0,13864674094.6,11321382863.6
2015-09-11,'600522,中天科技,17.85,18.04,17.4,17.68,17.71,0.14,0.7905,1.0292,7250865,128842333.0,15400400285.5,12575400380.5
2015-09-10,'600522,中天科技,17.71,18.24,17.7,18.0,18.37,-0.66,-3.5928,1.3972,9843209,176954719.0,15279612832.3,12476769789.3
2015-09-09,'600522,中天科技,18.37,18.5,17.61,17.89,17.69,0.68,3.844,2.7342,19262205,349119746.0,15849039397.5,12941742576.5
2015-09-08,'600522,中天科技,17.69,17.78,16.5,16.79,16.78,0.91,5.4231,1.8011,12688832,217941680.0,15262357481.9,12462679704.9
2015-09-07,'600522,中天科技,16.78,17.55,16.73,16.74,16.36,0.42,2.5672,2.0395,14368136,246211825.0,14477239035.9,11821580861.9
2015-09-02,'600522,中天科技,16.36,16.83,15.3,15.45,16.41,-0.05,-0.3047,2.9108,20506738,330314993.0,14114876676.3,11525689088.3
2015-09-01,'600522,中天科技,16.41,18.11,16.41,18.1,18.23,-1.82,-9.9835,3.0575,21540287,362475031.0,14158015052.4,11560914299.4
2015-08-31,'600522,中天科技,18.23,19.52,18.19,19.3,19.74,-1.51,-7.6494,2.9309,20648587,387228694.0,15728251944.3,12843111985.3
2015-08-28,'600522,中天科技,19.74,19.78,18.58,19.06,18.58,1.16,6.2433,4.1282,29083303,554141816.0,17031030904.0,13906913362.0
2015-08-27,'600522,中天科技,18.58,18.97,17.82,18.48,17.82,0.76,4.2649,2.4089,16971137,311700749.0,16030220577.3,13089688463.3
2015-08-26,'600522,中天科技,17.82,19.01,17.55,18.5,17.87,-0.05,-0.2798,3.4842,24546008,450211963.0,15374517259.9,12554265253.9
2015-08-25,'600522,中天科技,17.87,19.95,17.87,18.59,19.86,-1.99,-10.0201,4.5798,32265088,595504759.0,15417655636.0,12589490465.0
2015-08-24,'600522,中天科技,19.86,21.24,19.86,20.88,22.07,-2.21,-10.0136,4.6263,32592474,652328682.0,17134563006.8,13991453868.8
2015-08-21,'600522,中天科技,22.07,23.19,21.65,22.5,22.87,-0.8,-3.498,2.1847,15391296,346215569.0,19041279232.6,15548408201.6
2015-08-20,'600522,中天科技,22.87,24.25,22.82,23.7,23.54,-0.67,-2.8462,2.7084,19080516,451419957.0,19731493251.0,16112011580.0
2015-08-19,'600522,中天科技,23.54,23.83,21.36,22.99,23.4,0.14,0.5983,3.2869,23156491,526330454.0,20309547491.4,16584029409.4
2015-08-18,'600522,中天科技,23.4,26.25,23.4,26.18,26.0,-2.6,-10.0,3.516,24770609,609921981.0,20188760038.2,16485398818.2
2015-08-17,'600522,中天科技,26.0,26.2,25.38,26.0,26.26,-0.26,-0.9901,2.312,16288422,419472656.0,22431955598.0,18317109798.0
2015-08-14,'600522,中天科技,26.26,26.84,25.9,26.55,26.46,-0.2,-0.7559,3.0735,21652974,572766650.0,22656275154.0,18500280896.0
2015-08-13,'600522,中天科技,26.46,26.5,25.48,25.48,25.56,0.9,3.5211,2.4801,17472256,455467541.0,22828828658.6,18641181740.6
2015-08-12,'600522,中天科技,25.56,26.22,25.5,25.7,26.34,-0.78,-2.9613,3.5237,24824957,642054907.0,22052337887.9,18007127939.9
2015-08-11,'600522,中天科技,26.34,27.88,26.0,27.5,27.89,-1.55,-5.5575,8.268,58248425,1558223189.0,22725296555.8,18556641233.8
2015-08-10,'600522,中天科技,27.89,28.18,26.7,27.0,26.98,0.91,3.3729,4.8033,33839504,929802108.0,24062586216.5,19648622779.5
2015-08-07,'600522,中天科技,26.98,27.5,26.55,26.88,26.52,0.46,1.7345,3.0577,21541403,580209919.0,23277467770.5,19007523936.5
2015-08-06,'600522,中天科技,26.52,27.24,25.5,25.78,26.32,0.2,0.7599,2.8296,19934990,530769178.0,22880594710.0,18683451994.0
2015-08-05,'600522,中天科技,26.32,27.37,26.02,27.09,27.45,-1.13,-4.1166,3.7577,26473344,707348456.0,22708041205.4,18542551149.4
2015-08-04,'600522,中天科技,27.45,27.7,25.25,25.4,25.22,2.23,8.8422,5.2585,37046119,980116667.0,23682968506.3,19338640921.3
2015-08-03,'600522,中天科技,25.22,25.49,24.39,24.83,25.15,0.07,0.2783,3.5788,25212581,625446610.0,21758996930.1,17767596504.1
2015-07-31,'600522,中天科技,25.15,25.25,23.65,23.66,24.07,1.08,4.4869,4.6006,32411218,802654110.0,21698603203.5,17718281208.5
2015-07-30,'600522,中天科技,24.07,25.65,23.93,24.49,24.67,-0.6,-2.4321,4.303,30314621,750504151.0,20766814278.6,16957416647.6
2015-07-29,'600522,中天科技,24.67,24.69,22.35,24.18,23.72,0.95,4.0051,3.8384,27041896,638544384.0,21284474792.4,17380119181.4
2015-07-28,'600522,中天科技,23.72,24.38,21.81,23.63,24.12,-0.4,-1.6584,5.7102,40228504,933758729.0,20464845645.6,16710840169.6
2015-07-27,'600522,中天科技,24.12,26.98,24.12,26.15,26.8,-2.68,-10.0,6.8326,48136210,1228287715.0,20809952654.8,16992641858.8
2015-07-24,'600522,中天科技,26.8,27.55,25.69,25.7,25.79,1.01,3.9162,7.2421,51020869,1363626689.0,23122169616.4,18880713176.4
2015-07-23,'600522,中天科技,25.79,25.97,24.82,25.44,25.3,0.49,1.9368,5.0796,35786089,909741603.0,22250774418.2,18169163911.2
2015-07-22,'600522,中天科技,25.3,25.7,24.58,25.2,25.11,0.19,0.7567,3.6173,25484281,642921485.0,21828018331.9,17823956841.9
2015-07-21,'600522,中天科技,25.11,25.5,24.52,24.79,25.26,-0.15,-0.5938,3.7927,26719999,668236170.0,21664092502.5,17690101039.5
2015-07-20,'600522,中天科技,25.26,26.28,24.78,25.45,25.27,-0.01,-0.0396,5.7474,40490765,1029535254.0,21793507631.0,17795776673.0
2015-07-17,'600522,中天科技,25.27,25.75,23.97,24.1,23.97,1.3,5.4234,6.5157,45903674,1142006080.0,21802135306.2,17802821715.2
2015-07-16,'600522,中天科技,23.97,24.5,22.1,23.02,23.02,0.95,4.1268,5.4878,38661683,912123864.0,20680537526.3,16886966225.3
2015-07-15,'600522,中天科技,23.02,25.99,22.03,25.99,23.63,-0.61,-2.5815,8.5179,60009017,1447646209.0,19860908379.5,16217687213.5
2015-07-14,'600522,中天科技,23.63,23.63,23.63,23.63,21.48,2.15,10.0093,0.1215,856005,20227398.0,20387196568.5,16647434789.5
2015-07-13,'600522,中天科技,21.48,21.48,21.48,21.48,19.53,1.95,9.9846,0.0811,571638,12278784.0,18532246394.0,15132750710.0
2015-07-10,'600522,中天科技,0.0,0.0,0.0,0.0,19.53,None,None,0.0,0,0.0,16849849724.2,13758967475.2
2015-07-09,'600522,中天科技,0.0,0.0,0.0,0.0,19.53,None,None,0.0,0,0.0,16849849724.2,13758967475.2
2015-07-08,'600522,中天科技,19.53,20.82,19.53,19.53,21.7,-2.17,-10.0,15.6905,110540058,2184793548.0,16849849724.2,13758967475.2
2015-07-07,'600522,中天科技,21.7,24.0,21.7,23.11,24.11,-2.41,-9.9959,5.207,36683839,817420293.0,18722055249.1,15287741639.1
2015-07-06,'600522,中天科技,24.11,24.9,21.67,24.9,22.64,1.47,6.4929,8.0148,56464370,1340232161.0,20801324979.5,16985596816.5
2015-07-03,'600522,中天科技,22.64,24.0,20.25,22.26,22.5,0.14,0.6222,7.0183,49444231,1094663018.0,19533056720.7,15949975608.7
2015-07-02,'600522,中天科技,22.5,24.0,22.0,23.7,22.93,-0.43,-1.8753,6.3583,44794350,1042809581.0,19412269267.5,15851345017.5
2015-07-01,'600522,中天科技,22.93,24.9,22.51,22.8,22.73,0.2,0.8799,8.6485,60929155,1445857303.0,19783259302.4,16154281833.4
2015-06-30,'600522,中天科技,22.73,22.73,19.91,21.0,20.66,2.07,10.0194,6.7198,47341209,1021374894.0,19610705797.8,16013380988.8
2015-06-29,'600522,中天科技,20.66,23.85,20.66,23.8,22.96,-2.3,-10.0174,5.4265,38229751,833499322.0,17824777025.2,14555057247.2
2015-06-26,'600522,中天科技,22.96,24.96,22.96,24.5,25.51,-2.55,-9.9961,3.9336,27712562,658503156.0,19809142328.1,16175416960.1
2015-06-25,'600522,中天科技,25.51,27.39,25.23,27.02,26.88,-1.37,-5.0967,3.9165,27592143,734298162.0,22009199511.7,17971902728.7
2015-06-24,'600522,中天科技,26.88,27.04,26.11,26.28,25.93,0.95,3.6637,3.2867,23155253,618090918.0,23191191018.2,18937073514.2
2015-06-23,'600522,中天科技,25.93,26.6,24.0,25.9,26.16,-0.23,-0.8792,3.1019,21852862,558490759.0,22371561871.4,18267794502.4
2015-06-19,'600522,中天科技,26.16,28.87,25.73,27.66,28.59,-2.43,-8.4995,3.0907,21773883,592141548.0,22569998401.7,18429830473.7
2015-06-18,'600522,中天科技,28.59,29.65,28.51,29.39,29.42,-0.83,-2.8212,2.8081,19783361,575024031.0,24666523482.6,20141775735.6
2015-06-17,'600522,中天科技,29.42,29.8,27.89,29.01,29.01,0.41,1.4133,3.7094,26132626,754429947.0,25382620526.7,20726514240.7
2015-06-16,'600522,中天科技,29.01,31.5,28.78,31.08,31.98,-2.97,-9.2871,5.5072,38798310,1160354970.0,25028885842.2,20437667509.2
2015-06-15,'600522,中天科技,31.98,33.54,31.88,32.99,32.83,-0.85,-2.5891,4.436,31251788,1025551044.0,27591305385.5,22530045051.5
2015-06-12,'600522,XD中天科,32.83,33.69,31.58,32.0,31.72,1.11,3.4994,6.166,43439997,1418213997.0,28324657780.1,23128873641.1
2015-06-11,'600522,中天科技,31.83,32.55,31.48,31.58,31.57,0.26,0.8236,4.0812,28752190,917104075.0,27461890257.1,22424369418.1
2015-06-10,'600522,中天科技,31.57,31.87,31.0,31.5,31.95,-0.38,-1.1894,4.3462,30619376,963796243.0,27237570701.1,22241198320.1
2015-06-09,'600522,中天科技,31.95,32.39,30.9,30.98,31.05,0.9,2.8986,4.0243,28351409,902353166.0,27565422359.8,22508909924.8
2015-06-08,'600522,中天科技,31.05,32.29,30.71,32.29,32.55,-1.5,-4.6083,5.4638,38492383,1203239846.0,26788931589.2,21874856124.2
2015-06-05,'600522,中天科技,32.55,33.59,31.8,33.1,32.62,-0.07,-0.2146,6.0888,42896019,1405027086.0,28083082873.7,22931612458.7
2015-06-04,'600522,中天科技,32.62,33.79,31.51,33.79,34.5,-1.88,-5.4493,6.9408,48898504,1596798926.0,28143476600.3,22980927754.3
2015-06-03,'600522,中天科技,34.5,34.88,32.41,33.05,32.41,2.09,6.4486,9.803,69062248,2318672715.0,29765479543.5,24305395693.5
2015-06-02,'600522,中天科技,32.41,35.4,31.72,34.5,32.22,0.19,0.5897,13.9406,98212024,3272103153.0,27962295420.4,22832981867.4
2015-06-01,'600522,中天科技,32.22,32.22,30.47,32.0,29.29,2.93,10.0034,5.5561,39143186,1243597063.0,27798369591.1,22699126065.1
2015-05-29,'600522,中天科技,29.29,29.29,28.32,29.29,26.63,2.66,9.9887,8.2212,57918844,1692208564.0,25270460748.7,20634928691.7
2015-05-28,'600522,中天科技,26.63,26.63,26.63,26.63,24.21,2.42,9.9959,0.1015,714854,19036562.0,22975499137.5,18760947458.5
2015-05-27,'600522,中天科技,24.21,24.21,24.21,24.21,22.01,2.2,9.9955,0.0208,146363,3543448.0,20887601731.8,17056047238.8
2015-05-26,'600522,中天科技,22.01,22.01,22.01,22.01,20.01,2.0,9.995,0.0355,250107,5504855.0,18989513181.2,15506137948.2
2015-05-25,'600522,中天科技,20.01,20.01,20.01,20.01,18.19,1.82,10.0055,0.036,253467,5071875.0,17263978135.2,14097129502.2
2015-05-22,'600522,中天科技,0.0,0.0,0.0,0.0,18.19,None,None,0.0,0,0.0,15693741243.4,12814931816.4
2015-05-21,'600522,中天科技,0.0,0.0,0.0,0.0,18.19,None,None,0.0,0,0.0,15693741243.4,12814931816.4
2015-05-20,'600522,中天科技,0.0,0.0,0.0,0.0,18.19,None,None,0.0,0,0.0,15693741243.4,12814931816.4
2015-05-19,'600522,中天科技,0.0,0.0,0.0,0.0,18.19,None,None,0.0,0,0.0,15693741243.4,12814931816.4
2015-05-18,'600522,中天科技,0.0,0.0,0.0,0.0,18.19,None,None,0.0,0,0.0,15693741243.4,12814931816.4
