2016-02-05,'600518,康美药业,13.52,13.58,13.1,13.15,13.15,0.37,2.8137,0.6567,28876969,386373696.0,59453239620.3,59453239620.3
2016-02-04,'600518,康美药业,13.15,13.24,13.02,13.05,13.02,0.13,0.9985,0.3916,17221190,226405955.0,57826190902.9,57826190902.9
2016-02-03,'600518,康美药业,13.02,13.08,12.8,13.05,13.11,-0.09,-0.6865,0.3311,14561093,188144476.0,57254525137.3,57254525137.3
2016-02-02,'600518,康美药业,13.11,13.18,12.76,12.76,12.73,0.38,2.9851,0.4562,20062309,261606189.0,57650293744.3,57650293744.3
2016-02-01,'600518,康美药业,12.73,13.04,12.52,12.99,13.07,-0.34,-2.6014,0.411,18075277,231315885.0,55979270737.2,55979270737.2
2016-01-29,'600518,康美药业,13.07,13.16,12.38,12.48,12.56,0.51,4.0605,0.7788,34248645,438795389.0,57474396585.6,57474396585.6
2016-01-28,'600518,康美药业,12.56,12.75,12.16,12.59,12.8,-0.24,-1.875,0.6195,27242092,339087731.0,55231707813.0,55231707813.0
2016-01-27,'600518,康美药业,12.8,12.88,12.0,12.73,12.73,0.07,0.5499,0.8523,37477792,466279348.0,56287090764.8,56287090764.8
2016-01-26,'600518,康美药业,12.73,13.45,12.23,13.41,13.55,-0.82,-6.0517,0.9232,40597467,521469235.0,55979270737.2,55979270737.2
2016-01-25,'600518,康美药业,13.55,13.66,13.32,13.64,13.49,0.06,0.4448,0.6142,27006873,364647197.0,59585162489.3,59585162489.3
2016-01-22,'600518,康美药业,13.49,13.64,13.24,13.51,13.38,0.11,0.8221,0.529,23264253,312339958.0,59321316751.3,59321316751.3
2016-01-21,'600518,康美药业,13.38,13.68,13.16,13.18,13.32,0.06,0.4505,0.9727,42773179,576437891.0,58837599565.1,58837599565.1
2016-01-20,'600518,康美药业,13.32,13.68,13.28,13.53,13.55,-0.23,-1.6974,0.5766,25354305,340941821.0,58573753827.1,58573753827.1
2016-01-19,'600518,康美药业,13.55,13.6,13.12,13.2,13.16,0.39,2.9635,0.6817,29977812,401597900.0,59585162489.3,59585162489.3
2016-01-18,'600518,康美药业,13.16,13.4,12.91,12.91,13.2,-0.04,-0.303,0.5803,25517692,337257700.0,57870165192.6,57870165192.6
2016-01-15,'600518,康美药业,13.2,13.45,12.7,13.4,13.47,-0.27,-2.0045,0.7709,33897595,442782040.0,58046062351.2,58046062351.2
2016-01-14,'600518,康美药业,13.47,13.5,12.71,12.8,13.1,0.37,2.8244,0.7465,32828215,433023061.0,59233368172.0,59233368172.0
2016-01-13,'600518,康美药业,13.1,13.77,13.07,13.7,13.56,-0.46,-3.3923,0.5702,25076004,337871490.0,57606319454.6,57606319454.6
2016-01-12,'600518,康美药业,13.56,13.88,13.4,13.67,13.49,0.07,0.5189,0.6216,27334135,372536443.0,59629136779.0,59629136779.0
2016-01-11,'600518,康美药业,13.49,14.61,13.46,14.38,14.64,-1.15,-7.8552,0.9005,39598893,558051180.0,59321316751.3,59321316751.3
2016-01-08,'600518,康美药业,14.64,15.01,13.9,14.68,14.24,0.4,2.809,1.0413,45789857,668015152.0,64378360062.2,64378360062.2
2016-01-07,'600518,康美药业,14.24,15.34,14.1,15.34,15.58,-1.34,-8.6008,0.2267,9967152,146662716.0,62619388475.8,62619388475.8
2016-01-06,'600518,康美药业,15.58,15.67,15.22,15.49,15.21,0.37,2.4326,0.6587,28966230,448423215.0,68511943290.3,68511943290.3
2016-01-05,'600518,康美药业,15.21,15.95,14.5,14.8,15.38,-0.17,-1.1053,1.1422,50229205,771506340.0,66884894572.9,66884894572.9
2016-01-04,'600518,康美药业,15.38,16.85,15.3,16.85,16.95,-1.57,-9.2625,0.6115,26890911,436210834.0,67632457497.1,67632457497.1
2015-12-31,'600518,康美药业,16.95,17.07,16.69,16.87,16.89,0.06,0.3552,0.5949,26160702,440105944.0,74536420973.7,74536420973.7
2015-12-30,'600518,康美药业,16.89,17.03,16.69,16.97,16.9,-0.01,-0.0592,0.5963,26220929,442125456.0,74272575235.7,74272575235.7
2015-12-29,'600518,康美药业,16.9,16.97,16.56,16.64,16.72,0.18,1.0766,0.6788,29851003,498138579.0,74316549525.4,74316549525.4
2015-12-28,'600518,康美药业,16.72,17.41,16.7,17.28,17.33,-0.61,-3.5199,1.6387,72058541,1225361620.0,73525012311.5,73525012311.5
2015-12-25,'600518,康美药业,17.33,17.49,17.22,17.3,17.05,0.28,1.6422,0.7997,35165705,610200418.0,76207443980.8,76207443980.8
2015-12-24,'600518,康美药业,17.05,17.4,16.91,17.24,17.31,-0.26,-1.502,0.9173,40338732,688470442.0,74976163870.3,74976163870.3
2015-12-23,'600518,康美药业,17.31,17.68,17.29,17.46,17.37,-0.06,-0.3454,1.6483,72483265,1269064753.0,76119495401.5,76119495401.5
2015-12-22,'600518,康美药业,17.37,17.72,17.28,17.72,17.49,-0.12,-0.6861,1.3665,60089216,1045455953.0,76383341139.4,76383341139.4
2015-12-21,'600518,康美药业,17.49,17.7,16.94,16.94,16.93,0.56,3.3077,1.7804,78289676,1364643840.0,76911032615.3,76911032615.3
2015-12-18,'600518,康美药业,16.93,17.11,16.82,17.11,17.11,-0.18,-1.052,1.1601,51016756,863864876.0,74448472394.4,74448472394.4
2015-12-17,'600518,康美药业,17.11,17.17,16.85,16.98,16.87,0.24,1.4226,1.3049,57383149,976293297.0,75240009608.3,75240009608.3
2015-12-16,'600518,康美药业,16.87,17.34,16.8,17.28,17.24,-0.37,-2.1462,1.2262,53921179,916732115.0,74184626656.4,74184626656.4
2015-12-15,'600518,康美药业,17.24,17.45,17.1,17.1,17.21,0.03,0.1743,0.7991,35141635,605286615.0,75811675373.8,75811675373.8
2015-12-14,'600518,康美药业,17.21,17.28,16.79,17.26,17.52,-0.31,-1.7694,1.1732,51592362,878490738.0,75679752504.9,75679752504.9
2015-12-11,'600518,康美药业,17.52,18.4,17.11,18.4,18.61,-1.09,-5.8571,2.2105,97205091,1707820517.0,77042955484.3,77042955484.3
2015-12-10,'600518,康美药业,0.0,0.0,0.0,0.0,18.61,None,None,0.0,0,0.0,81836153057.3,81836153057.3
2015-12-09,'600518,康美药业,0.0,0.0,0.0,0.0,18.61,None,None,0.0,0,0.0,81836153057.3,81836153057.3
2015-12-08,'600518,康美药业,0.0,0.0,0.0,0.0,18.61,None,None,0.0,0,0.0,81836153057.3,81836153057.3
2015-12-07,'600518,康美药业,0.0,0.0,0.0,0.0,18.61,None,None,0.0,0,0.0,81836153057.3,81836153057.3
2015-12-04,'600518,康美药业,0.0,0.0,0.0,0.0,18.61,None,None,0.0,0,0.0,81836153057.3,81836153057.3
2015-12-03,'600518,康美药业,0.0,0.0,0.0,0.0,18.61,None,None,0.0,0,0.0,81836153057.3,81836153057.3
2015-12-02,'600518,康美药业,0.0,0.0,0.0,0.0,18.61,None,None,0.0,0,0.0,81836153057.3,81836153057.3
2015-12-01,'600518,康美药业,0.0,0.0,0.0,0.0,18.61,None,None,0.0,0,0.0,81836153057.3,81836153057.3
2015-11-30,'600518,康美药业,0.0,0.0,0.0,0.0,18.61,None,None,0.0,0,0.0,81836153057.3,81836153057.3
2015-11-27,'600518,康美药业,0.0,0.0,0.0,0.0,18.61,None,None,0.0,0,0.0,81836153057.3,81836153057.3
2015-11-26,'600518,康美药业,18.61,18.65,17.71,18.27,18.27,0.34,1.861,3.6135,158900436,2896566896.0,81836153057.3,81836153057.3
2015-11-25,'600518,康美药业,18.27,18.53,16.75,16.88,16.85,1.42,8.4273,3.3032,145254892,2561684193.0,80341027208.8,80341027208.8
2015-11-24,'600518,康美药业,16.85,16.94,16.65,16.7,16.73,0.12,0.7173,0.6483,28506671,479173425.0,74096678077.1,74096678077.1
2015-11-23,'600518,康美药业,16.73,16.96,16.63,16.81,16.89,-0.16,-0.9473,0.8604,37833937,634253517.0,73568986601.2,73568986601.2
2015-11-20,'600518,康美药业,16.89,17.05,16.72,17.05,16.91,-0.02,-0.1183,0.7454,32779001,553704666.0,74272575235.7,74272575235.7
2015-11-19,'600518,康美药业,16.91,16.94,16.52,16.66,16.73,0.18,1.0759,0.7931,34876121,583142428.0,74360523815.1,74360523815.1
2015-11-18,'600518,康美药业,16.73,17.08,16.59,16.74,16.75,-0.02,-0.1194,0.7602,33427509,561092044.0,73568986601.2,73568986601.2
2015-11-17,'600518,康美药业,16.75,17.11,16.64,16.93,16.84,-0.09,-0.5344,1.0224,44959983,759907964.0,73656935180.5,73656935180.5
2015-11-16,'600518,康美药业,16.84,16.93,16.3,16.42,16.64,0.2,1.2019,0.82,36057497,602136608.0,74052703787.4,74052703787.4
2015-11-13,'600518,康美药业,16.64,17.02,16.6,17.01,17.15,-0.51,-2.9738,1.4118,62082134,1040504935.0,73173217994.2,73173217994.2
2015-11-12,'600518,康美药业,17.15,17.9,17.03,17.76,17.44,-0.29,-1.6628,2.1258,93478569,1621075203.0,75415906766.9,75415906766.9
2015-11-11,'600518,康美药业,17.44,17.51,17.16,17.4,17.23,0.21,1.2188,1.6063,70633944,1226820716.0,76691161167.0,76691161167.0
2015-11-10,'600518,康美药业,17.23,17.6,16.9,17.48,17.5,-0.27,-1.5429,2.3451,103125397,1774962871.0,75767701084.2,75767701084.2
2015-11-09,'600518,康美药业,17.5,17.85,16.99,16.99,16.98,0.52,3.0624,2.307,101449775,1765952571.0,76955006905.0,76955006905.0
2015-11-06,'600518,康美药业,16.98,17.09,16.5,16.72,16.63,0.35,2.1046,1.3411,58975648,997268485.0,74668343842.7,74668343842.7
2015-11-05,'600518,康美药业,16.63,17.45,16.41,16.7,16.73,-0.1,-0.5977,2.2081,97100757,1653915777.0,73129243704.6,73129243704.6
2015-11-04,'600518,康美药业,16.73,16.78,16.0,16.0,15.95,0.78,4.8903,1.3183,57972578,954672465.0,73568986601.2,73568986601.2
2015-11-03,'600518,康美药业,15.95,16.3,15.86,16.08,16.17,-0.22,-1.3605,0.8208,36092398,578995443.0,70138992007.7,70138992007.7
2015-11-02,'600518,康美药业,16.17,16.69,16.15,16.57,16.65,-0.48,-2.8829,0.7511,33030961,541116133.0,71106426380.2,71106426380.2
2015-10-30,'600518,康美药业,16.65,17.01,16.61,17.01,17.02,-0.37,-2.1739,0.9111,40062930,672593631.0,73217192283.9,73217192283.9
2015-10-29,'600518,康美药业,17.02,17.29,16.7,17.2,16.9,0.12,0.7101,0.8606,37843595,641813841.0,74844241001.3,74844241001.3
2015-10-28,'600518,康美药业,16.9,17.38,16.81,17.01,16.97,-0.07,-0.4125,1.2473,54848559,937993629.0,74316549525.4,74316549525.4
2015-10-27,'600518,康美药业,16.97,17.23,16.36,17.23,17.24,-0.27,-1.5661,1.2878,56632057,952453921.0,74624369553.0,74624369553.0
2015-10-26,'600518,康美药业,17.24,17.55,17.05,17.45,17.37,-0.13,-0.7484,1.5848,69691467,1201542020.0,75811675373.8,75811675373.8
2015-10-23,'600518,康美药业,17.37,17.66,17.15,17.45,17.34,0.03,0.173,2.133,93798894,1633515538.0,76383341139.4,76383341139.4
2015-10-22,'600518,康美药业,17.34,17.74,16.1,16.23,16.33,1.01,6.1849,2.2953,100934358,1695981656.0,76251418270.4,76251418270.4
2015-10-21,'600518,康美药业,16.33,16.81,15.47,16.65,16.54,-0.21,-1.2696,2.4815,109121418,1767371718.0,71810015014.8,71810015014.8
2015-10-20,'600518,康美药业,16.54,16.6,16.0,16.18,16.19,0.35,2.1618,1.541,67762268,1111599760.0,72733475097.6,72733475097.6
2015-10-19,'600518,康美药业,16.19,16.62,15.96,16.62,16.62,-0.43,-2.5872,2.2314,98123432,1594423347.0,71194374959.5,71194374959.5
2015-10-16,'600518,康美药业,16.62,16.95,16.12,16.2,15.82,0.8,5.0569,3.5659,156808386,2592662842.0,73085269414.9,73085269414.9
2015-10-15,'600518,康美药业,15.82,15.82,14.23,14.3,14.38,1.44,10.0139,2.5043,110123653,1672505263.0,69567326242.1,69567326242.1
2015-10-14,'600518,康美药业,14.38,14.63,14.37,14.56,14.56,-0.18,-1.2363,0.9032,39716085,575738704.0,63235028531.1,63235028531.1
2015-10-13,'600518,康美药业,14.56,14.63,14.42,14.51,14.62,-0.06,-0.4104,1.0235,45008248,654185987.0,64026565745.0,64026565745.0
2015-10-12,'600518,康美药业,14.62,14.89,14.13,14.21,14.12,0.5,3.5411,2.2152,97412987,1418145229.0,64290411482.9,64290411482.9
2015-10-09,'600518,康美药业,14.12,14.2,13.95,14.1,14.07,0.05,0.3554,0.8169,35921419,506789934.0,62091696999.9,62091696999.9
2015-10-08,'600518,康美药业,14.07,14.32,13.97,14.16,13.52,0.55,4.068,1.143,50262061,711362762.0,61871825551.6,61871825551.6
2015-09-30,'600518,康美药业,13.52,13.72,13.4,13.6,13.54,-0.02,-0.1477,0.5157,22678217,307214493.0,59453239620.3,59453239620.3
2015-09-29,'600518,康美药业,13.54,13.84,13.51,13.72,13.88,-0.34,-2.4496,0.5139,22598177,308743237.0,59541188199.6,59541188199.6
2015-09-28,'600518,康美药业,13.88,13.97,13.71,13.83,13.96,-0.08,-0.5731,0.4447,19553364,270640189.0,61036314048.1,61036314048.1
2015-09-25,'600518,康美药业,13.96,14.19,13.77,14.04,14.08,-0.12,-0.8523,0.6957,30592725,427054888.0,61388108365.4,61388108365.4
2015-09-24,'600518,康美药业,14.08,14.2,13.95,14.1,14.04,0.04,0.2849,0.5779,25413877,357124569.0,61915799841.3,61915799841.3
2015-09-23,'600518,康美药业,14.04,14.34,14.01,14.24,14.41,-0.37,-2.5677,0.7955,34981117,494340293.0,61739902682.6,61739902682.6
2015-09-22,'600518,康美药业,14.41,14.75,14.29,14.33,14.27,0.14,0.9811,1.0941,48110477,697899868.0,63366951400.1,63366951400.1
2015-09-21,'600518,康美药业,14.27,14.35,13.82,13.94,14.13,0.14,0.9908,0.8158,35873777,508064948.0,62751311344.8,62751311344.8
2015-09-18,'600518,康美药业,14.13,14.35,13.95,14.2,14.11,0.02,0.1417,0.6965,30626559,432055148.0,62135671289.6,62135671289.6
2015-09-17,'600518,康美药业,14.11,14.86,14.08,14.74,14.82,-0.71,-4.7908,1.4944,65713446,955756832.0,62047722710.3,62047722710.3
2015-09-16,'600518,康美药业,14.82,15.28,13.76,13.92,14.06,0.76,5.4054,1.5544,68353628,993079197.0,65169897276.1,65169897276.1
2015-09-15,'600518,康美药业,14.06,14.33,13.62,14.21,14.65,-0.59,-4.0273,1.3472,59240728,829965735.0,61827851262.0,61827851262.0
2015-09-14,'600518,康美药业,14.65,14.68,13.58,14.21,14.25,0.4,2.807,2.4419,107382162,1514288635.0,64422334351.9,64422334351.9
2015-09-11,'600518,康美药业,14.25,14.47,14.07,14.3,14.38,-0.13,-0.904,0.7198,31652627,451684168.0,62663362765.5,62663362765.5
2015-09-10,'600518,康美药业,14.38,14.6,14.18,14.47,14.69,-0.31,-2.1103,1.3438,59093163,849816412.0,63235028531.1,63235028531.1
2015-09-09,'600518,康美药业,14.69,14.93,14.28,14.55,14.44,0.25,1.7313,1.6872,74195279,1086152232.0,64598231510.5,64598231510.5
2015-09-08,'600518,康美药业,14.44,14.58,13.68,14.0,13.97,0.47,3.3644,1.1964,52611259,741691817.0,63498874269.0,63498874269.0
2015-09-07,'600518,康美药业,13.97,15.05,13.9,14.19,14.31,-0.34,-2.376,1.3584,59736810,866430677.0,61432082655.0,61432082655.0
2015-09-02,'600518,康美药业,14.31,14.58,13.65,13.65,14.29,0.02,0.14,2.7106,119195676,1696812429.0,62927208503.5,62927208503.5
2015-09-01,'600518,康美药业,14.29,14.36,13.26,14.0,14.39,-0.1,-0.6949,2.8644,125958531,1765399599.0,62839259924.1,62839259924.1
2015-08-31,'600518,康美药业,14.39,14.45,13.61,14.15,14.52,-0.13,-0.8953,2.5117,110450965,1547368715.0,63279002820.7,63279002820.7
2015-08-28,'600518,康美药业,14.52,14.55,13.38,14.0,13.61,0.91,6.6863,3.3667,148047152,2065199309.0,63850668586.3,63850668586.3
2015-08-27,'600518,康美药业,13.61,13.94,12.18,13.6,13.18,0.43,3.2625,3.3817,148707032,1961182974.0,59849008227.3,59849008227.3
2015-08-26,'600518,康美药业,13.18,15.08,13.17,14.66,14.63,-1.45,-9.9111,3.8711,170230061,2389931150.0,57958113771.9,57958113771.9
2015-08-25,'600518,康美药业,14.63,15.25,14.63,14.63,16.25,-1.62,-9.9692,3.8838,170788150,2506294085.0,64334385772.6,64334385772.6
2015-08-24,'600518,康美药业,16.25,17.29,16.25,17.05,18.05,-1.8,-9.9723,2.1556,94790694,1559205915.0,71458220697.5,71458220697.5
2015-08-21,'600518,康美药业,18.05,19.19,17.75,18.8,18.22,-0.17,-0.933,3.6248,159399289,2955350078.0,79373592836.3,79373592836.3
2015-08-20,'600518,康美药业,18.22,18.9,17.32,17.69,17.83,0.39,2.1873,3.0379,133587484,2429162370.0,80121155760.5,80121155760.5
2015-08-19,'600518,康美药业,17.83,17.85,16.51,17.0,17.23,0.6,3.4823,2.0456,89952392,1562183721.0,78406158463.8,78406158463.8
2015-08-18,'600518,康美药业,17.23,19.25,17.15,19.1,19.02,-1.79,-9.4111,2.959,130118432,2375050143.0,75767701084.2,75767701084.2
2015-08-17,'600518,康美药业,19.02,19.21,17.97,18.18,18.18,0.84,4.6205,2.9477,129624193,2438167063.0,83639098933.3,83639098933.3
2015-08-14,'600518,康美药业,18.18,18.57,18.08,18.51,18.42,-0.24,-1.3029,1.577,69348706,1268048959.0,79945258601.9,79945258601.9
2015-08-13,'600518,康美药业,18.42,18.47,17.78,18.21,18.22,0.2,1.0977,1.7022,74852735,1359210436.0,81000641553.7,81000641553.7
2015-08-12,'600518,康美药业,18.22,18.76,18.2,18.48,18.81,-0.59,-3.1366,1.7534,77103158,1423748073.0,80121155760.5,80121155760.5
2015-08-11,'600518,康美药业,18.81,19.29,18.63,18.95,18.93,-0.12,-0.6339,2.5883,113820621,2158104470.0,82715638850.5,82715638850.5
2015-08-10,'600518,康美药业,18.93,19.19,18.0,18.39,18.22,0.71,3.8968,2.718,119522218,2230005813.0,83243330326.4,83243330326.4
2015-08-07,'600518,康美药业,18.22,18.44,17.92,18.27,17.91,0.31,1.7309,1.4325,62993170,1147114121.0,80121155760.5,80121155760.5
2015-08-06,'600518,康美药业,17.91,18.4,17.61,17.72,18.14,-0.23,-1.2679,1.1642,51196379,923841726.0,78757952781.1,78757952781.1
2015-08-05,'600518,康美药业,18.14,18.8,18.0,18.8,18.85,-0.71,-3.7666,1.8496,81333842,1496343315.0,79769361443.2,79769361443.2
2015-08-04,'600518,康美药业,18.85,18.95,17.8,17.91,17.82,1.03,5.78,2.3586,103719014,1905358495.0,82891536009.1,82891536009.1
2015-08-03,'600518,康美药业,17.82,18.1,17.37,17.5,17.73,0.09,0.5076,2.2538,99109855,1744805498.0,78362184174.1,78362184174.1
2015-07-31,'600518,康美药业,17.73,17.87,17.21,17.25,17.56,0.17,0.9681,1.8083,79519642,1396138029.0,77966415567.2,77966415567.2
2015-07-30,'600518,康美药业,17.56,18.5,17.29,17.88,18.27,-0.71,-3.8862,2.3831,104794303,1889294546.0,77218852643.0,77218852643.0
2015-07-29,'600518,康美药业,18.27,18.46,16.95,17.23,17.01,1.26,7.4074,3.0126,132478805,2314901841.0,80341027208.8,80341027208.8
2015-07-28,'600518,康美药业,17.01,17.99,16.1,17.0,17.84,-0.83,-4.6525,3.5913,157923811,2666847146.0,74800266711.7,74800266711.7
2015-07-27,'600518,康美药业,17.84,19.6,17.84,19.15,19.82,-1.98,-9.9899,3.4398,151264834,2847242602.0,78450132753.4,78450132753.4
2015-07-24,'600518,康美药业,19.82,20.77,19.51,20.58,20.49,-0.67,-3.2699,4.1214,181237813,3663545748.0,87157042106.1,87157042106.1
2015-07-23,'600518,康美药业,20.49,20.9,19.1,19.5,19.41,1.08,5.5641,4.7736,209914192,4236033733.0,90103319513.3,90103319513.3
2015-07-22,'600518,康美药业,19.41,19.99,19.01,19.9,19.3,0.11,0.5699,2.9783,130967459,2559281072.0,85354096230.1,85354096230.1
2015-07-21,'600518,康美药业,19.3,19.35,18.58,18.87,19.38,-0.08,-0.4128,2.5644,112767476,2152110792.0,84870379043.8,84870379043.8
2015-07-20,'600518,康美药业,19.38,19.96,19.06,19.83,19.8,-0.42,-2.1212,3.9797,175005612,3422219491.0,85222173361.1,85222173361.1
2015-07-17,'600518,康美药业,19.8,20.19,18.7,18.9,18.7,1.1,5.8824,4.2757,188018810,3659177474.0,87069093526.8,87069093526.8
2015-07-16,'600518,康美药业,18.7,19.15,17.38,18.15,18.15,0.55,3.0303,3.1192,137165359,2540165490.0,82231921664.2,82231921664.2
2015-07-15,'600518,康美药业,18.15,18.9,17.25,18.4,19.15,-1.0,-5.2219,3.9415,173325990,3122509583.0,79813335732.9,79813335732.9
2015-07-14,'600518,康美药业,19.15,20.2,18.5,20.2,18.41,0.74,4.0196,6.7427,296503367,5762244606.0,84210764698.9,84210764698.9
2015-07-13,'600518,康美药业,18.41,18.41,18.41,18.41,16.74,1.67,9.9761,0.638,28053699,516468599.0,80956667264.1,80956667264.1
2015-07-10,'600518,康美药业,16.74,16.74,16.74,16.74,15.22,1.52,9.9869,1.0221,44947331,752418321.0,73612960890.8,73612960890.8
2015-07-09,'600518,康美药业,0.0,0.0,0.0,0.0,15.22,None,None,0.0,0,0.0,66928868862.5,66928868862.5
2015-07-08,'600518,康美药业,15.22,15.61,15.22,15.22,16.91,-1.69,-9.9941,5.6724,249441714,3799226553.0,66928868862.5,66928868862.5
2015-07-07,'600518,康美药业,16.91,18.8,16.91,18.0,18.79,-1.88,-10.0053,6.6834,293896787,5090458975.0,74360523815.1,74360523815.1
2015-07-06,'600518,康美药业,18.79,19.48,17.8,19.48,17.71,1.08,6.0982,6.896,303248531,5661579514.0,82627690271.1,82627690271.1
2015-07-03,'600518,康美药业,17.71,19.23,16.61,17.9,18.45,-0.74,-4.0108,5.1532,226609137,4048429364.0,77878466987.9,77878466987.9
2015-07-02,'600518,康美药业,18.45,19.18,17.7,18.51,18.26,0.19,1.0405,5.8907,259040145,4798383314.0,81132564422.7,81132564422.7
2015-07-01,'600518,康美药业,18.26,19.5,17.58,17.73,17.73,0.53,2.9893,6.7275,295836784,5551584462.0,80297052919.2,80297052919.2
2015-06-30,'600518,康美药业,17.73,17.73,15.53,16.67,16.12,1.61,9.9876,6.0766,267216287,4476609981.0,77966415567.2,77966415567.2
2015-06-29,'600518,康美药业,16.12,18.35,15.8,18.22,17.55,-1.43,-8.1481,5.1327,225706804,3813463928.0,70886554931.9,70886554931.9
2015-06-26,'600518,康美药业,17.55,19.45,17.55,18.87,19.5,-1.95,-10.0,3.5824,157533937,2879138286.0,77174878353.3,77174878353.3
2015-06-25,'600518,康美药业,19.5,20.82,19.08,19.83,19.45,0.05,0.2571,3.9915,175523033,3528492215.0,85749864837.0,85749864837.0
2015-06-24,'600518,康美药业,19.45,19.88,18.68,19.44,19.31,0.14,0.725,3.1545,138718980,2691633143.0,85529993388.7,85529993388.7
2015-06-23,'600518,康美药业,19.31,19.95,17.6,19.44,19.44,-0.13,-0.6687,3.0963,136155638,2579923904.0,84914353333.5,84914353333.5
2015-06-19,'600518,康美药业,19.44,21.45,19.44,21.08,21.6,-2.16,-10.0,2.5295,111233010,2276732702.0,85486019099.0,85486019099.0
2015-06-18,'600518,康美药业,21.6,22.68,21.0,22.45,22.7,-1.1,-4.8458,2.7406,120515102,2627693388.0,94984465665.6,94984465665.6
2015-06-17,'600518,康美药业,22.7,22.77,21.16,22.57,23.39,-0.69,-2.95,3.6127,158867518,3491905028.0,99821637528.2,99821637528.2
2015-06-16,'600518,DR康美药,23.39,24.7,22.8,23.58,23.35,0.04,0.1713,2.317,101887819,2428761745.0,1.02855863515e+11,1.02855863515e+11
2015-06-15,'600518,康美药业,47.01,50.58,46.6,49.94,49.98,-2.97,-5.9424,4.1293,90790734,4343267134.0,1.03361567846e+11,1.03361567846e+11
2015-06-12,'600518,康美药业,49.98,51.6,49.71,50.89,49.93,0.05,0.1001,3.3894,74522384,3759689788.0,1.0989174986e+11,1.0989174986e+11
2015-06-11,'600518,康美药业,49.93,51.77,48.61,50.8,50.26,-0.33,-0.6566,3.9687,87259559,4355543585.0,1.09781814136e+11,1.09781814136e+11
2015-06-10,'600518,康美药业,50.26,50.26,45.99,46.5,45.69,4.57,10.0022,3.9782,87468640,4245210799.0,1.10507389916e+11,1.10507389916e+11
2015-06-09,'600518,康美药业,45.69,46.78,45.2,46.48,46.35,-0.66,-1.4239,2.6672,58643811,2696292365.0,1.00459264728e+11,1.00459264728e+11
2015-06-08,'600518,康美药业,46.35,46.7,43.66,45.8,45.31,1.04,2.2953,3.8961,85664012,3856432822.0,1.01910416287e+11,1.01910416287e+11
2015-06-05,'600518,康美药业,45.31,46.57,43.51,46.24,45.68,-0.37,-0.81,3.5536,78132989,3541036227.0,99623753224.7,99623753224.7
2015-06-04,'600518,康美药业,45.68,46.5,41.59,46.04,45.97,-0.29,-0.6308,4.0278,88559223,3929766552.0,1.00437277583e+11,1.00437277583e+11
2015-06-03,'600518,康美药业,45.97,47.4,45.09,47.4,47.95,-1.98,-4.1293,4.1246,90687486,4191014545.0,1.01074904784e+11,1.01074904784e+11
2015-06-02,'600518,康美药业,47.95,48.95,45.45,46.5,44.5,3.45,7.7528,5.3504,117639005,5534925817.0,1.0542835946e+11,1.0542835946e+11
2015-06-01,'600518,康美药业,44.5,44.5,41.02,41.02,40.45,4.05,10.0124,3.8675,85034429,3688834349.0,97842794493.5,97842794493.5
2015-05-29,'600518,康美药业,40.45,41.58,38.11,40.0,40.02,0.43,1.0745,3.7889,83307860,3329980930.0,88938000837.4,88938000837.4
2015-05-28,'600518,康美药业,40.02,44.69,40.0,44.69,44.36,-4.34,-9.7836,4.9668,109206750,4624722027.0,87992553609.7,87992553609.7
2015-05-27,'600518,康美药业,44.36,45.9,44.1,45.38,44.98,-0.62,-1.3784,3.582,78757166,3523392910.0,97534974465.9,97534974465.9
2015-05-26,'600518,康美药业,44.98,46.0,43.2,44.0,43.77,1.21,2.7645,4.1879,92079219,4122186026.0,98898177445.3,98898177445.3
2015-05-25,'600518,康美药业,43.77,44.38,41.24,42.08,41.72,2.05,4.9137,5.1174,112517250,4787057012.0,96237732920.9,96237732920.9
2015-05-22,'600518,康美药业,41.72,42.58,40.5,42.58,41.13,0.59,1.4345,5.3835,118367205,4923078350.0,91730368230.8,91730368230.8
2015-05-21,'600518,康美药业,41.13,41.13,37.6,37.6,37.39,3.74,10.0027,6.2865,138221728,5537638616.0,90433126685.8,90433126685.8
2015-05-20,'600518,康美药业,37.39,38.7,37.03,38.15,37.93,-0.54,-1.4237,4.3425,95479280,3637394540.0,82209934519.4,82209934519.4
2015-05-19,'600518,康美药业,37.93,38.28,35.36,35.9,35.2,2.73,7.7557,4.9607,109071883,4019070548.0,83397240340.2,83397240340.2
2015-05-18,'600518,康美药业,35.2,35.91,34.69,34.88,35.32,-0.12,-0.3398,2.6088,57359784,2025899370.0,77394749801.6,77394749801.6
2015-05-15,'600518,康美药业,35.32,37.1,35.29,37.1,37.11,-1.79,-4.8235,3.1056,68283519,2444123017.0,77658595539.6,77658595539.6
2015-05-14,'600518,康美药业,37.11,38.18,36.9,37.5,37.83,-0.72,-1.9033,2.9391,64622252,2421632944.0,81594294464.1,81594294464.1
2015-05-13,'600518,康美药业,37.83,38.37,36.18,36.86,36.79,1.04,2.8269,4.5168,99310880,3701694886.0,83177368891.9,83177368891.9
2015-05-12,'600518,康美药业,36.79,37.25,36.0,36.68,36.66,0.13,0.3546,3.7613,82700550,3030458527.0,80890705829.6,80890705829.6
2015-05-11,'600518,康美药业,36.66,37.25,34.7,35.88,35.56,1.1,3.0934,4.5092,99145289,3559751254.0,80604872946.8,80604872946.8
2015-05-08,'600518,康美药业,35.56,35.99,34.58,35.5,34.96,0.6,1.7162,2.7569,60617404,2136924115.0,78186287015.5,78186287015.5
2015-05-07,'600518,康美药业,34.96,36.97,34.61,36.97,37.21,-2.25,-6.0468,3.466,76208250,2696575661.0,76867058325.7,76867058325.7
2015-05-06,'600518,康美药业,37.21,39.88,36.3,39.48,37.54,-0.33,-0.8791,3.9195,86177861,3284881052.0,81814165912.4,81814165912.4
2015-05-05,'600518,康美药业,37.54,40.35,37.0,38.4,38.39,-0.85,-2.2141,3.938,86586206,3335309668.0,82539741691.8,82539741691.8
2015-05-04,'600518,康美药业,0.0,0.0,0.0,0.0,38.39,None,None,0.0,0,0.0,84408649002.4,84408649002.4
2015-04-30,'600518,康美药业,38.39,40.7,38.35,40.36,39.95,-1.56,-3.9049,4.6525,102294439,4045244665.0,84408649002.4,84408649002.4
2015-04-29,'600518,康美药业,39.95,39.95,36.05,36.05,36.32,3.63,9.9945,5.4147,119054488,4546615121.0,87838643595.9,87838643595.9
2015-04-28,'600518,康美药业,36.32,38.45,35.88,37.93,37.01,-0.69,-1.8644,4.5055,99063383,3692454716.0,79857310022.6,79857310022.6
2015-04-27,'600518,康美药业,37.01,37.1,35.88,36.13,36.1,0.91,2.5208,4.1509,91265381,3331197492.0,81374423015.8,81374423015.8
2015-04-24,'600518,康美药业,36.1,36.8,35.02,35.2,35.58,0.52,1.4615,3.1428,69101601,2492721367.0,79373592836.3,79373592836.3
2015-04-23,'600518,康美药业,35.58,36.58,35.31,36.51,36.5,-0.92,-2.5205,3.2217,70835801,2531021766.0,78230261305.1,78230261305.1
2015-04-22,'600518,康美药业,36.5,37.19,36.01,36.98,36.47,0.03,0.0823,3.4995,76944744,2806138994.0,80253078629.5,80253078629.5
2015-04-21,'600518,康美药业,36.47,36.65,35.05,35.3,35.31,1.16,3.2852,2.9809,65540862,2367547619.0,80187117195.0,80187117195.0
2015-04-20,'600518,康美药业,35.31,37.07,34.88,34.99,34.99,0.32,0.9145,5.0078,110106592,3951667953.0,77636608394.7,77636608394.7
2015-04-17,'600518,康美药业,34.99,35.3,34.0,34.96,34.86,0.13,0.3729,3.4759,76426140,2647142324.0,76933019760.2,76933019760.2
2015-04-16,'600518,康美药业,34.86,35.46,34.33,34.6,34.43,0.43,1.2489,2.8269,62155820,2168711698.0,76647186877.4,76647186877.4
2015-04-15,'600518,康美药业,34.43,37.1,34.0,37.1,37.11,-2.68,-7.2218,4.5235,99459219,3511154237.0,75701739649.7,75701739649.7
2015-04-14,'600518,康美药业,37.11,38.66,36.85,37.99,37.99,-0.88,-2.3164,4.4787,98473961,3691907914.0,81594294464.1,81594294464.1
2015-04-13,'600518,康美药业,37.99,39.28,37.8,39.28,39.29,-1.3,-3.3087,4.3952,96638614,3690601450.0,83529163209.2,83529163209.2
2015-04-10,'600518,康美药业,39.29,40.8,38.11,39.0,38.74,0.55,1.4197,4.5767,100627663,3945939926.0,86387492037.1,86387492037.1
2015-04-09,'600518,康美药业,38.74,39.67,35.48,38.05,38.74,0.0,0.0,4.3186,94953773,3582575967.0,85178199071.4,85178199071.4
2015-04-08,'600518,康美药业,38.74,38.95,35.28,36.0,35.99,2.75,7.641,4.2355,93125759,3450867850.0,85178199071.4,85178199071.4
2015-04-07,'600518,康美药业,35.99,35.99,32.81,32.86,32.72,3.27,9.9939,4.3261,95118839,3304645880.0,79131734243.2,79131734243.2
2015-04-03,'600518,康美药业,32.72,32.88,31.77,32.21,32.48,0.24,0.7389,2.8503,62669035,2025626795.0,71941937883.8,71941937883.8
2015-04-02,'600518,康美药业,32.48,33.19,31.63,31.8,31.52,0.96,3.0457,3.6667,80619917,2607844862.0,71414246407.8,71414246407.8
2015-04-01,'600518,康美药业,31.52,32.43,31.0,31.1,31.01,0.51,1.6446,3.299,72536199,2305261817.0,69303480504.2,69303480504.2
2015-03-31,'600518,康美药业,31.01,32.6,30.77,30.99,30.99,0.02,0.0645,3.4923,76785764,2439629526.0,68182136117.8,68182136117.8
2015-03-30,'600518,康美药业,30.99,31.3,29.41,30.21,30.1,0.89,2.9568,3.8242,84083689,2555795771.0,68138161828.2,68138161828.2
2015-03-27,'600518,康美药业,30.1,30.5,29.08,30.0,29.83,0.27,0.9051,2.5654,56406581,1683987715.0,66181305938.3,66181305938.3
2015-03-26,'600518,康美药业,29.83,31.8,29.6,31.8,31.79,-1.96,-6.1655,4.5001,98945377,3015014383.0,65587653027.9,65587653027.9
2015-03-25,'600518,康美药业,31.79,32.45,29.51,29.7,29.79,2.0,6.7137,5.3925,118566412,3712289468.0,69897133414.6,69897133414.6
2015-03-24,'600518,康美药业,29.79,30.06,28.7,30.04,29.95,-0.16,-0.5342,4.6356,101923003,3010705237.0,65499704448.6,65499704448.6
2015-03-23,'600518,康美药业,29.95,30.25,28.59,29.0,29.09,0.86,2.9563,5.4767,120417351,3525940084.0,65851498765.8,65851498765.8
2015-03-20,'600518,康美药业,29.09,30.18,28.9,28.98,29.06,0.03,0.1032,3.8617,84907974,2502730234.0,63960604310.5,63960604310.5
2015-03-19,'600518,康美药业,29.06,29.8,28.65,29.7,29.56,-0.5,-1.6915,2.6529,58329544,1691425363.0,63894642876.0,63894642876.0
2015-03-18,'600518,康美药业,29.56,29.95,28.89,28.95,29.16,0.4,1.3717,2.9573,65023147,1908951035.0,64994000117.5,64994000117.5
2015-03-17,'600518,康美药业,29.16,29.5,28.8,29.4,29.76,-0.6,-2.0161,3.6591,80452515,2344172416.0,64114514324.3,64114514324.3
2015-03-16,'600518,康美药业,29.76,30.88,29.1,30.2,28.47,1.29,4.5311,5.1147,112457375,3348595571.0,65433743014.1,65433743014.1
2015-03-13,'600518,康美药业,28.47,28.65,26.0,26.4,26.62,1.85,6.9497,4.9917,109753386,3006580081.0,62597401331.0,62597401331.0
2015-03-12,'600518,康美药业,26.62,27.3,25.4,27.3,27.1,-0.48,-1.7712,5.1306,112807460,2953034177.0,58529779537.5,58529779537.5
2015-03-11,'600518,康美药业,27.1,28.9,26.7,27.9,27.79,-0.69,-2.4829,4.1648,91572254,2515527102.0,59585162489.3,59585162489.3
2015-03-10,'600518,康美药业,27.79,27.88,26.9,27.21,27.69,0.1,0.3611,3.3306,73229713,2010530049.0,61102275482.6,61102275482.6
2015-03-09,'600518,康美药业,27.69,28.43,25.7,26.4,25.95,1.74,6.7052,5.445,119720621,3234514563.0,60882404034.3,60882404034.3
2015-03-06,'600518,康美药业,25.95,28.7,25.89,28.0,26.16,-0.21,-0.8028,6.5271,143513257,3885432394.0,57056640833.8,57056640833.8
2015-03-05,'600518,康美药业,26.16,26.16,24.55,24.8,23.78,2.38,10.0084,2.3586,51857971,1336631821.0,57518370875.3,57518370875.3
2015-03-04,'600518,康美药业,23.78,24.1,23.23,23.66,23.29,0.49,2.1039,3.3349,73325465,1739729465.0,52285430405.7,52285430405.7
2015-03-03,'600518,康美药业,23.29,24.58,23.28,23.91,24.27,-0.98,-4.0379,4.0656,89391527,2131028802.0,51208060309.1,51208060309.1
2015-03-02,'600518,康美药业,24.27,24.78,22.33,22.73,22.63,1.64,7.247,6.3375,139343722,3317999114.0,53362800502.4,53362800502.4
2015-02-27,'600518,康美药业,22.63,22.69,21.46,21.6,21.51,1.12,5.2069,5.4168,119100417,2645805698.0,49756908750.3,49756908750.3
2015-02-26,'600518,康美药业,21.51,23.06,21.41,22.0,22.21,-0.7,-3.1517,5.8302,128188394,2839143205.0,47294348529.3,47294348529.3
2015-02-25,'600518,康美药业,22.21,22.41,21.48,22.24,22.18,0.03,0.1353,4.0811,89731008,1968009453.0,48833448667.4,48833448667.4
2015-02-17,'600518,康美药业,22.18,22.66,21.6,21.96,22.19,-0.01,-0.0451,5.7103,125552377,2771024228.0,48767487232.9,48767487232.9
2015-02-16,'600518,康美药业,22.19,22.3,20.98,21.05,20.27,1.92,9.4721,10.784,237109872,5209088096.0,48789474377.8,48789474377.8
2015-02-13,'600518,康美药业,20.27,20.27,18.7,18.86,18.43,1.84,9.9837,7.8152,171834683,3374094639.0,44567942570.4,44567942570.4
2015-02-12,'600518,康美药业,18.43,18.86,18.15,18.35,18.23,0.2,1.0971,8.601,189112036,3503847549.0,40522307921.7,40522307921.7
2015-02-11,'600518,康美药业,18.23,18.23,16.6,16.65,16.57,1.66,10.0181,8.31,182712496,3232991077.0,40082565025.1,40082565025.1
2015-02-10,'600518,康美药业,16.57,16.65,16.37,16.39,16.39,0.18,1.0982,1.1117,24442671,403523920.0,36432698983.3,36432698983.3
2015-02-09,'600518,康美药业,16.39,16.54,16.2,16.28,16.28,0.11,0.6757,0.9845,21645847,355222404.0,36036930376.4,36036930376.4
2015-02-06,'600518,康美药业,16.28,16.59,16.13,16.29,16.27,0.01,0.0615,1.5401,33862528,554668645.0,35795071783.2,35795071783.2
2015-02-05,'600518,康美药业,16.27,16.75,16.26,16.71,16.57,-0.3,-1.8105,1.507,33135387,548066162.0,35773084638.4,35773084638.4
