2016-02-04,'600527,江南高纤,6.02,6.11,5.9,5.92,5.92,0.1,1.6892,2.3643,18963701,114089795.0,4828578127.8,4828578127.8
2016-02-03,'600527,江南高纤,5.92,5.99,5.76,5.81,5.88,0.04,0.6803,1.6176,12974270,75968622.0,4748369188.8,4748369188.8
2016-02-02,'600527,江南高纤,5.88,5.96,5.61,5.61,5.67,0.21,3.7037,2.3813,19099778,111252790.0,4716285613.2,4716285613.2
2016-02-01,'600527,江南高纤,5.67,5.71,5.48,5.53,5.76,-0.09,-1.5625,1.9839,15912784,89582012.0,4547846841.3,4547846841.3
2016-01-29,'600527,江南高纤,5.76,5.86,5.43,5.6,5.57,0.19,3.4111,2.7088,21726807,122356432.0,4620034886.4,4620034886.4
2016-01-28,'600527,江南高纤,5.57,5.84,5.53,5.56,5.63,-0.06,-1.0657,1.9468,15614821,88821800.0,4467637902.3,4467637902.3
2016-01-27,'600527,江南高纤,5.63,5.69,5.3,5.47,5.54,0.09,1.6245,2.3104,18531091,100814794.0,4515763265.7,4515763265.7
2016-01-26,'600527,江南高纤,5.54,5.75,5.38,5.61,5.7,-0.16,-2.807,2.8221,22636088,125671438.0,4443575220.6,4443575220.6
2016-01-25,'600527,江南高纤,5.7,5.79,5.63,5.69,5.65,0.05,0.885,1.3059,10474570,59871137.0,4571909523.0,4571909523.0
2016-01-22,'600527,江南高纤,5.65,5.71,5.54,5.66,5.63,0.02,0.3552,1.8168,14572291,81901933.0,4531805053.5,4531805053.5
2016-01-21,'600527,江南高纤,5.63,5.83,5.57,5.63,5.7,-0.07,-1.2281,2.5102,20134071,114394315.0,4515763265.7,4515763265.7
2016-01-20,'600527,江南高纤,5.7,5.79,5.6,5.65,5.73,-0.03,-0.5236,2.2308,17893073,101981041.0,4571909523.0,4571909523.0
2016-01-19,'600527,江南高纤,5.73,5.79,5.43,5.49,5.45,0.28,5.1376,2.9256,23466209,132404840.0,4595972204.7,4595972204.7
2016-01-18,'600527,江南高纤,5.45,5.57,5.11,5.11,5.3,0.15,2.8302,2.3539,18880294,102181667.0,4371387175.5,4371387175.5
2016-01-15,'600527,江南高纤,5.3,5.46,5.18,5.28,5.33,-0.03,-0.5629,2.7368,21951690,116961759.0,4251073767.0,4251073767.0
2016-01-14,'600527,江南高纤,5.33,5.35,4.98,5.07,5.16,0.17,3.2946,2.5971,20830700,108439266.0,4275136448.7,4275136448.7
2016-01-13,'600527,江南高纤,5.16,5.25,5.0,5.16,5.16,0.0,0.0,2.8181,22603426,116456633.0,4138781252.4,4138781252.4
2016-01-12,'600527,江南高纤,5.16,5.21,4.8,5.13,5.14,0.02,0.3891,3.214,25778759,130712150.0,4138781252.4,4138781252.4
2016-01-11,'600527,江南高纤,5.14,5.63,5.14,5.57,5.71,-0.57,-9.9825,4.4476,35674004,191197135.0,4122739464.6,4122739464.6
2016-01-08,'600527,江南高纤,5.71,5.99,5.36,5.7,5.72,-0.01,-0.1748,5.6064,44968320,254369519.0,4579930416.9,4579930416.9
2016-01-07,'600527,江南高纤,5.72,6.24,5.72,6.24,6.36,-0.64,-10.0629,0.7309,5862200,35045044.0,4587951310.8,4587951310.8
2016-01-06,'600527,江南高纤,6.36,6.4,6.15,6.33,6.23,0.13,2.0867,2.7696,22214447,139655833.0,5101288520.4,5101288520.4
2016-01-05,'600527,江南高纤,6.23,6.45,5.95,6.14,6.5,-0.27,-4.1538,4.4215,35464528,220557157.0,4997016899.7,4997016899.7
2016-01-04,'600527,江南高纤,6.5,7.23,6.48,7.09,7.2,-0.7,-9.7222,3.1715,25437949,175206415.0,5213581035.0,5213581035.0
2015-12-31,'600527,江南高纤,7.2,7.4,6.96,6.99,7.0,0.2,2.8571,6.816,54670055,394585036.0,5775043608.0,5775043608.0
2015-12-30,'600527,江南高纤,7.0,7.01,6.79,6.89,6.89,0.11,1.5965,2.6316,21107714,145721220.0,5614625730.0,5614625730.0
2015-12-29,'600527,江南高纤,6.89,6.9,6.7,6.86,6.81,0.08,1.1747,1.8944,15194621,103253886.0,5526395897.1,5526395897.1
2015-12-28,'600527,江南高纤,6.81,7.15,6.76,7.0,6.92,-0.11,-1.5896,3.7637,30188088,210571206.0,5462228745.9,5462228745.9
2015-12-25,'600527,江南高纤,6.92,6.96,6.72,6.75,6.76,0.16,2.3669,2.0182,16187752,110884778.0,5550458578.8,5550458578.8
2015-12-24,'600527,江南高纤,6.76,6.87,6.63,6.84,6.87,-0.11,-1.6012,2.1303,17086592,115059211.0,5422124276.4,5422124276.4
2015-12-23,'600527,江南高纤,6.87,7.02,6.84,6.96,6.93,-0.06,-0.8658,2.7246,21854000,151710823.0,5510354109.3,5510354109.3
2015-12-22,'600527,江南高纤,6.93,7.07,6.85,7.07,7.02,-0.09,-1.2821,3.2915,26400961,183546608.0,5558479472.7,5558479472.7
2015-12-21,'600527,江南高纤,7.02,7.13,6.77,6.8,6.82,0.2,2.9326,4.1399,33205300,231821217.0,5630667517.8,5630667517.8
2015-12-18,'600527,江南高纤,6.82,6.96,6.76,6.87,6.86,-0.04,-0.5831,3.2532,26093664,178723556.0,5470249639.8,5470249639.8
2015-12-17,'600527,江南高纤,6.86,6.9,6.72,6.73,6.73,0.13,1.9316,3.9159,31409218,213955494.0,5502333215.4,5502333215.4
2015-12-16,'600527,江南高纤,6.73,6.87,6.54,6.55,6.57,0.16,2.4353,3.6175,29015697,195078069.0,5398061594.7,5398061594.7
2015-12-15,'600527,江南高纤,6.57,6.69,6.5,6.53,6.5,0.07,1.0769,2.632,21111318,139399697.0,5269727292.3,5269727292.3
2015-12-14,'600527,江南高纤,6.5,6.52,6.17,6.21,6.25,0.25,4.0,2.3798,19088135,121245801.0,5213581035.0,5213581035.0
2015-12-11,'600527,江南高纤,6.25,6.46,6.21,6.46,6.47,-0.22,-3.4003,2.7931,22402908,141249013.0,5013058687.5,5013058687.5
2015-12-10,'600527,江南高纤,6.47,6.69,6.21,6.61,6.64,-0.17,-2.5602,2.4523,19669357,129219103.0,5189518353.3,5189518353.3
2015-12-09,'600527,江南高纤,6.64,6.7,6.48,6.6,6.69,-0.05,-0.7474,2.9127,23362205,154087959.0,5325873549.6,5325873549.6
2015-12-08,'600527,江南高纤,6.69,6.92,6.68,6.92,6.98,-0.29,-4.1547,3.1679,25409498,171845608.0,5365978019.1,5365978019.1
2015-12-07,'600527,江南高纤,6.98,6.99,6.81,6.91,6.91,0.07,1.013,2.5457,20418489,141660009.0,5598583942.2,5598583942.2
2015-12-04,'600527,江南高纤,6.91,7.06,6.85,7.0,7.06,-0.15,-2.1246,3.2426,26008750,181067391.0,5542437684.9,5542437684.9
2015-12-03,'600527,江南高纤,7.06,7.07,6.89,7.02,6.95,0.11,1.5827,4.0113,32174332,224821211.0,5662751093.4,5662751093.4
2015-12-02,'600527,江南高纤,6.95,6.99,6.58,6.84,6.84,0.11,1.6082,4.4442,35646580,244525089.0,5574521260.5,5574521260.5
2015-12-01,'600527,江南高纤,6.84,7.0,6.72,6.96,7.0,-0.16,-2.2857,5.4133,43419182,298368067.0,5486291427.6,5486291427.6
2015-11-30,'600527,江南高纤,7.0,7.38,6.61,7.26,7.34,-0.34,-4.6322,8.6008,68986270,482362514.0,5614625730.0,5614625730.0
2015-11-27,'600527,江南高纤,7.34,8.21,7.34,8.21,8.16,-0.82,-10.049,8.9142,71500100,552938646.0,5887336122.6,5887336122.6
2015-11-26,'600527,江南高纤,8.16,8.28,8.03,8.2,8.19,-0.03,-0.3663,8.6014,68990862,562173648.0,6545049422.4,6545049422.4
2015-11-25,'600527,江南高纤,8.19,8.24,7.83,7.86,7.93,0.26,3.2787,7.8865,63256729,510289007.0,6569112104.1,6569112104.1
2015-11-24,'600527,江南高纤,7.93,7.95,7.76,7.78,7.91,0.02,0.2528,3.7859,30366694,238724743.0,6360568862.7,6360568862.7
2015-11-23,'600527,江南高纤,7.91,8.28,7.82,8.0,8.09,-0.18,-2.225,6.5633,52643220,422125394.0,6344527074.9,6344527074.9
2015-11-20,'600527,江南高纤,8.09,8.24,8.02,8.24,8.31,-0.22,-2.6474,10.4044,83452750,677034939.0,6488903165.1,6488903165.1
2015-11-19,'600527,江南高纤,8.31,8.5,7.76,7.85,7.85,0.46,5.8599,14.685,117786729,960386133.0,6665362830.9,6665362830.9
2015-11-18,'600527,江南高纤,7.85,7.94,7.62,7.79,7.86,-0.01,-0.1272,5.5927,44858273,348017076.0,6296401711.5,6296401711.5
2015-11-17,'600527,江南高纤,7.86,8.2,7.83,8.1,8.1,-0.24,-2.963,11.027,88446723,711416567.0,6304422605.4,6304422605.4
2015-11-16,'600527,江南高纤,8.1,8.11,7.4,7.5,7.75,0.35,4.5161,10.5837,84890605,670207296.0,6496924059.0,6496924059.0
2015-11-13,'600527,江南高纤,7.75,8.1,7.63,7.71,7.9,-0.15,-1.8987,8.2003,65773549,516574608.0,6216192772.5,6216192772.5
2015-11-12,'600527,江南高纤,7.9,8.16,7.85,8.16,8.14,-0.24,-2.9484,10.2309,82060755,654889049.0,6336506181.0,6336506181.0
2015-11-11,'600527,江南高纤,8.14,8.25,7.61,7.7,7.82,0.32,4.0921,14.3145,114815125,912553721.0,6529007634.6,6529007634.6
2015-11-10,'600527,江南高纤,7.82,8.0,7.4,7.5,7.62,0.2,2.6247,14.1512,113505190,872814827.0,6272339029.8,6272339029.8
2015-11-09,'600527,江南高纤,7.62,7.68,7.15,7.26,7.43,0.19,2.5572,11.4798,92078375,684658678.0,6111921151.8,6111921151.8
2015-11-06,'600527,江南高纤,7.43,7.53,7.29,7.3,7.4,0.03,0.4054,9.4172,75534236,559570919.0,5959524167.7,5959524167.7
2015-11-05,'600527,江南高纤,7.4,7.58,7.29,7.57,7.68,-0.28,-3.6458,14.8929,119454708,885747020.0,5935461486.0,5935461486.0
2015-11-04,'600527,江南高纤,7.68,7.82,7.25,7.25,7.34,0.34,4.6322,19.2633,154509230,1164660464.0,6160046515.2,6160046515.2
2015-11-03,'600527,江南高纤,7.34,7.99,7.28,7.99,8.09,-0.75,-9.2707,22.1298,177500884,1345080568.0,5887336122.6,5887336122.6
2015-11-02,'600527,江南高纤,8.09,8.09,7.77,8.09,7.35,0.74,10.068,15.7529,126352090,1019192909.0,6488903165.1,6488903165.1
2015-10-30,'600527,江南高纤,7.35,7.35,7.35,7.35,6.68,0.67,10.0299,5.4922,44052070,323782715.0,5895357016.5,5895357016.5
2015-10-29,'600527,江南高纤,6.68,6.69,6.42,6.51,6.47,0.21,3.2457,4.4419,35627645,234703524.0,5357957125.2,5357957125.2
2015-10-28,'600527,江南高纤,6.47,6.87,6.4,6.59,6.63,-0.16,-2.4133,5.4285,43541690,289419300.0,5189518353.3,5189518353.3
2015-10-27,'600527,江南高纤,6.63,6.76,6.31,6.66,6.8,-0.17,-2.5,5.1506,41312161,271722078.0,5317852655.7,5317852655.7
2015-10-26,'600527,江南高纤,6.8,6.9,6.55,6.89,6.87,-0.07,-1.0189,8.149,65362036,437524955.0,5454207852.0,5454207852.0
2015-10-23,'600527,江南高纤,6.87,7.0,6.51,6.58,6.59,0.28,4.2489,8.5845,68855422,464007022.0,5510354109.3,5510354109.3
2015-10-22,'600527,江南高纤,6.59,6.66,6.06,6.35,6.35,0.24,3.7795,8.678,69604968,447121389.0,5285769080.1,5285769080.1
2015-10-21,'600527,江南高纤,6.35,7.29,6.35,7.05,7.05,-0.7,-9.9291,10.3463,82986724,569141718.0,5093267626.5,5093267626.5
2015-10-20,'600527,江南高纤,7.05,7.15,6.86,7.02,7.16,-0.11,-1.5363,7.2538,58182361,407705353.0,5654730199.5,5654730199.5
2015-10-19,'600527,江南高纤,7.16,7.3,6.81,6.95,7.06,0.1,1.4164,13.2354,106159720,748515866.0,5742960032.4,5742960032.4
2015-10-16,'600527,江南高纤,7.06,7.33,6.71,7.15,6.77,0.29,4.2836,16.7511,134358589,939994221.0,5662751093.4,5662751093.4
2015-10-15,'600527,江南高纤,6.77,6.77,6.06,6.1,6.15,0.62,10.0813,9.2975,74574155,486531669.0,5430145170.3,5430145170.3
2015-10-14,'600527,江南高纤,6.15,6.3,6.04,6.25,6.34,-0.19,-2.9968,5.8751,47123349,290815802.0,4932849748.5,4932849748.5
2015-10-13,'600527,江南高纤,6.34,6.44,5.86,5.95,6.02,0.32,5.3156,9.979,80040222,499372183.0,5085246732.6,5085246732.6
2015-10-12,'600527,江南高纤,6.02,6.14,5.61,5.62,5.58,0.44,7.8853,9.201,73800608,433546137.0,4828578127.8,4828578127.8
2015-10-09,'600527,江南高纤,5.58,5.64,5.42,5.57,5.59,-0.01,-0.1789,5.4249,43512809,240429976.0,4475658796.2,4475658796.2
2015-10-08,'600527,江南高纤,5.59,5.74,5.4,5.5,5.35,0.24,4.486,7.4159,59482162,331081948.0,4483679690.1,4483679690.1
2015-09-30,'600527,江南高纤,5.35,5.61,5.19,5.5,5.52,-0.17,-3.0797,6.3536,50961618,271820136.0,4291178236.5,4291178236.5
2015-09-29,'600527,江南高纤,5.52,5.95,5.51,5.9,6.12,-0.6,-9.8039,10.1238,81202132,465002477.0,4427533432.8,4427533432.8
2015-09-28,'600527,江南高纤,6.12,6.37,5.76,5.93,5.91,0.21,3.5533,14.0632,112799346,682037086.0,4908787066.8,4908787066.8
2015-09-25,'600527,江南高纤,5.91,6.03,5.64,6.0,6.16,-0.25,-4.0584,12.2398,98174178,577634101.0,4740348294.9,4740348294.9
2015-09-24,'600527,江南高纤,6.16,6.16,5.51,5.55,5.6,0.56,10.0,16.1009,129143309,759965398.0,4940870642.4,4940870642.4
2015-09-23,'600527,江南高纤,5.6,5.6,4.95,5.0,5.09,0.51,10.0196,5.8725,47102991,253060383.0,4491700584.0,4491700584.0
2015-09-22,'600527,江南高纤,5.09,5.12,4.93,5.09,5.05,0.04,0.7921,2.5013,20062678,101147165.0,4082634995.1,4082634995.1
2015-09-21,'600527,江南高纤,5.05,5.1,4.69,4.71,4.8,0.25,5.2083,2.7233,21843042,108607872.0,4050551419.5,4050551419.5
2015-09-18,'600527,江南高纤,4.8,4.85,4.66,4.75,4.69,0.11,2.3454,1.7894,14352235,68446579.0,3850029072.0,3850029072.0
2015-09-17,'600527,江南高纤,4.69,4.97,4.67,4.78,4.81,-0.12,-2.4948,2.9798,23900500,116174142.0,3761799239.1,3761799239.1
2015-09-16,'600527,江南高纤,4.81,4.83,4.41,4.44,4.39,0.42,9.5672,2.462,19747204,91538514.0,3858049965.9,3858049965.9
2015-09-15,'600527,江南高纤,4.39,4.71,4.3,4.64,4.7,-0.31,-6.5957,2.2012,17655826,79609464.0,3521172422.1,3521172422.1
2015-09-14,'600527,江南高纤,4.7,5.22,4.66,5.2,5.18,-0.48,-9.2664,3.1536,25294414,123542101.0,3769820133.0,3769820133.0
2015-09-11,'600527,江南高纤,5.18,5.33,5.08,5.12,5.12,0.06,1.1719,2.4252,19452083,100927114.0,4154823040.2,4154823040.2
2015-09-10,'600527,江南高纤,5.12,5.32,5.08,5.14,5.22,-0.1,-1.9157,2.6425,21194863,110407732.0,4106697676.8,4106697676.8
2015-09-09,'600527,江南高纤,5.22,5.33,5.04,5.07,5.04,0.18,3.5714,3.4934,28019845,145177348.0,4186906615.8,4186906615.8
2015-09-08,'600527,江南高纤,5.04,5.05,4.69,4.74,4.74,0.3,6.3291,2.0031,16067027,78198937.0,4042530525.6,4042530525.6
2015-09-07,'600527,江南高纤,4.74,4.97,4.68,4.68,4.6,0.14,3.0435,2.2773,18266041,87894001.0,3801903708.6,3801903708.6
2015-09-02,'600527,江南高纤,4.6,4.95,4.51,4.67,4.78,-0.18,-3.7657,2.3315,18700865,88018651.0,3689611194.0,3689611194.0
2015-09-01,'600527,江南高纤,4.78,5.11,4.7,5.1,5.11,-0.33,-6.4579,2.6046,20891300,101504587.0,3833987284.2,3833987284.2
2015-08-31,'600527,江南高纤,5.11,5.39,5.09,5.39,5.47,-0.36,-6.5814,2.7043,21691165,113213020.0,4098676782.9,4098676782.9
2015-08-28,'600527,江南高纤,5.47,5.5,5.03,5.18,5.06,0.41,8.1028,4.7054,37741776,197575753.0,4387428963.3,4387428963.3
2015-08-27,'600527,江南高纤,5.06,5.12,4.71,4.99,4.82,0.24,4.9793,2.9664,23792875,117807161.0,4058572313.4,4058572313.4
2015-08-26,'600527,江南高纤,4.82,5.23,4.64,5.08,5.02,-0.2,-3.9841,3.79,30398868,151688847.0,3866070859.8,3866070859.8
2015-08-25,'600527,江南高纤,5.02,5.25,5.02,5.09,5.58,-0.56,-10.0358,3.2509,26075085,132270646.0,4026488737.8,4026488737.8
2015-08-24,'600527,江南高纤,5.58,5.97,5.58,5.97,6.2,-0.62,-10.0,2.7785,22285935,125937304.0,4475658796.2,4475658796.2
2015-08-21,'600527,江南高纤,6.2,6.65,6.07,6.45,6.6,-0.4,-6.0606,3.3217,26643251,169524611.0,4972954218.0,4972954218.0
2015-08-20,'600527,江南高纤,6.6,6.97,6.56,6.81,6.95,-0.35,-5.036,3.5722,28652402,193751119.0,5293789974.0,5293789974.0
2015-08-19,'600527,江南高纤,6.95,7.05,6.06,6.35,6.67,0.28,4.1979,5.6731,45503516,298964538.0,5574521260.5,5574521260.5
2015-08-18,'600527,江南高纤,6.67,7.37,6.67,7.36,7.41,-0.74,-9.9865,6.218,49874282,348762789.0,5349936231.3,5349936231.3
2015-08-17,'600527,江南高纤,7.41,7.45,6.81,6.95,6.98,0.43,6.1605,7.8621,63061299,448425339.0,5943482379.9,5943482379.9
2015-08-14,'600527,江南高纤,6.98,7.2,6.91,7.2,6.99,-0.01,-0.1431,6.5191,52288669,368598530.0,5598583942.2,5598583942.2
2015-08-13,'600527,江南高纤,6.99,7.0,6.62,6.79,6.81,0.18,2.6432,6.1736,49517706,338498145.0,5606604836.1,5606604836.1
2015-08-12,'600527,江南高纤,6.81,6.93,6.67,6.73,6.77,0.04,0.5908,6.4056,51378344,350699412.0,5462228745.9,5462228745.9
2015-08-11,'600527,江南高纤,6.77,6.95,6.52,6.58,6.6,0.17,2.5758,6.7904,54465401,367497015.0,5430145170.3,5430145170.3
2015-08-10,'600527,江南高纤,6.6,6.71,6.32,6.41,6.25,0.35,5.6,6.2908,50457773,328232691.0,5293789974.0,5293789974.0
2015-08-07,'600527,江南高纤,6.25,6.26,6.03,6.06,6.0,0.25,4.1667,4.359,34963257,216160746.0,5013058687.5,5013058687.5
2015-08-06,'600527,江南高纤,6.0,6.07,5.84,5.89,6.01,-0.01,-0.1664,2.3658,18975614,113489491.0,4812536340.0,4812536340.0
2015-08-05,'600527,江南高纤,6.01,6.25,5.94,6.11,6.13,-0.12,-1.9576,4.3133,34596407,210560641.0,4820557233.9,4820557233.9
2015-08-04,'600527,江南高纤,6.13,6.15,5.62,5.62,5.59,0.54,9.6601,4.2661,34217720,201381647.0,4916807960.7,4916807960.7
2015-08-03,'600527,江南高纤,5.59,6.01,5.46,5.94,5.97,-0.38,-6.3652,3.2704,26231566,150546403.0,4483679690.1,4483679690.1
2015-07-31,'600527,江南高纤,5.97,6.15,5.85,5.93,6.07,-0.1,-1.6474,3.0093,24137016,144283927.0,4788473658.3,4788473658.3
2015-07-30,'600527,江南高纤,6.07,6.44,6.0,6.25,6.28,-0.21,-3.3439,4.6134,37003325,232132881.0,4868682597.3,4868682597.3
2015-07-29,'600527,江南高纤,6.28,6.35,5.82,6.04,5.91,0.37,6.2606,4.7941,38453065,231843399.0,5037121369.2,5037121369.2
2015-07-28,'600527,江南高纤,5.91,6.38,5.85,5.96,6.5,-0.59,-9.0769,7.4122,59452113,357301988.0,4740348294.9,4740348294.9
2015-07-27,'600527,江南高纤,6.5,7.16,6.5,6.98,7.22,-0.72,-9.9723,7.1106,57033036,390951376.0,5213581035.0,5213581035.0
2015-07-24,'600527,江南高纤,7.22,7.69,7.1,7.43,7.51,-0.29,-3.8615,8.8979,71369158,533795597.0,5791085395.8,5791085395.8
2015-07-23,'600527,江南高纤,7.51,7.56,6.87,7.04,7.13,0.38,5.3296,9.2199,73952182,542546685.0,6023691318.9,6023691318.9
2015-07-22,'600527,江南高纤,7.13,7.24,6.82,7.14,7.06,0.07,0.9915,7.5418,60491783,427848163.0,5718897350.7,5718897350.7
2015-07-21,'600527,江南高纤,7.06,7.16,6.65,6.73,6.89,0.17,2.4673,7.6911,61689637,428837398.0,5662751093.4,5662751093.4
2015-07-20,'600527,江南高纤,6.89,7.06,6.65,6.75,6.77,0.12,1.7725,6.4985,52123594,357237694.0,5526395897.1,5526395897.1
2015-07-17,'600527,江南高纤,6.77,6.85,6.24,6.42,6.32,0.45,7.1203,6.1885,49637221,327656515.0,5430145170.3,5430145170.3
2015-07-16,'600527,江南高纤,6.32,6.77,5.9,5.96,6.56,-0.24,-3.6585,7.1224,57128220,363209746.0,5069204944.8,5069204944.8
2015-07-15,'600527,江南高纤,6.56,7.05,6.56,6.99,7.29,-0.73,-10.0137,6.7867,54435118,364396086.0,5261706398.4,5261706398.4
2015-07-14,'600527,江南高纤,7.29,8.12,7.2,7.5,7.63,-0.34,-4.4561,11.7543,94279772,715822516.0,5847231653.1,5847231653.1
2015-07-13,'600527,江南高纤,7.63,7.63,6.96,7.19,6.94,0.69,9.9424,11.4996,92237413,681813157.0,6119942045.7,6119942045.7
2015-07-10,'600527,江南高纤,6.94,6.94,6.21,6.35,6.31,0.63,9.9842,8.2899,66492736,449179779.0,5566500366.6,5566500366.6
2015-07-09,'600527,江南高纤,6.31,6.31,5.17,5.17,5.74,0.57,9.9303,13.1188,105224526,605242760.0,5061184050.9,5061184050.9
2015-07-08,'600527,江南高纤,5.74,5.74,5.74,5.74,6.38,-0.64,-10.0313,0.1485,1191100,6836914.0,4603993098.6,4603993098.6
2015-07-07,'600527,江南高纤,6.38,6.38,6.38,6.38,7.09,-0.71,-10.0141,0.3834,3075000,19618500.0,5117330308.2,5117330308.2
2015-07-06,'600527,江南高纤,7.09,8.5,7.09,8.5,7.88,-0.79,-10.0254,5.9287,47553844,364911086.0,5686813775.1,5686813775.1
2015-07-03,'600527,江南高纤,7.88,8.4,7.88,7.88,8.75,-0.87,-9.9429,7.0219,56322247,446510774.0,6320464393.2,6320464393.2
2015-07-02,'600527,江南高纤,8.75,9.77,8.75,9.45,9.72,-0.97,-9.9794,6.8613,55033489,505282680.0,7018282162.5,7018282162.5
2015-07-01,'600527,江南高纤,9.72,11.06,9.69,10.67,10.74,-1.02,-9.4972,10.7388,86134596,915983087.0,7796308870.8,7796308870.8
2015-06-30,'600527,江南高纤,10.74,10.8,8.86,9.77,9.84,0.9,9.1463,11.5027,92262286,911568270.0,8614440048.6,8614440048.6
2015-06-29,'600527,江南高纤,9.84,10.66,9.26,10.35,10.29,-0.45,-4.3732,9.3233,74780944,737878901.0,7892559597.6,7892559597.6
2015-06-26,'600527,江南高纤,10.29,11.11,10.03,11.0,11.14,-0.85,-7.6302,10.9356,87713309,929834180.0,8253499823.1,8253499823.1
2015-06-25,'600527,江南高纤,11.14,11.14,9.92,10.17,10.13,1.01,9.9704,11.3687,91187287,967627290.0,8935275804.6,8935275804.6
2015-06-24,'600527,江南高纤,10.13,10.28,9.69,10.2,9.96,0.17,1.7068,5.6298,45156038,454114895.0,8125165520.7,8125165520.7
2015-06-23,'600527,江南高纤,9.96,10.72,9.51,10.55,10.57,-0.61,-5.7711,5.7697,46278444,458292850.0,7988810324.4,7988810324.4
2015-06-19,'600527,江南高纤,10.57,11.74,10.57,11.34,11.74,-1.17,-9.9659,3.6876,29577827,326281407.0,8478084852.3,8478084852.3
2015-06-18,'600527,江南高纤,11.74,12.35,11.65,11.9,11.87,-0.13,-1.0952,4.6078,36958849,444825203.0,9416529438.6,9416529438.6
2015-06-17,'600527,江南高纤,11.87,11.92,11.19,11.25,11.34,0.53,4.6737,5.2492,42103308,486827296.0,9520801059.3,9520801059.3
2015-06-16,'600527,江南高纤,11.34,12.24,11.16,12.24,12.37,-1.03,-8.3266,5.7956,46486200,542565446.0,9095693682.6,9095693682.6
2015-06-15,'600527,江南高纤,12.37,13.0,12.25,12.85,12.77,-0.4,-3.1323,6.3989,51325250,649599747.0,9921845754.3,9921845754.3
2015-06-12,'600527,江南高纤,12.77,13.01,12.2,12.41,12.41,0.36,2.9009,8.2048,65809776,828537231.0,10242681510.3,10242681510.3
2015-06-11,'600527,江南高纤,12.41,12.5,12.08,12.25,12.25,0.16,1.3061,5.4302,43554870,536319931.0,9953929329.9,9953929329.9
2015-06-10,'600527,江南高纤,12.25,12.49,11.81,12.11,12.11,0.14,1.1561,5.6255,45121280,553371129.0,9825595027.5,9825595027.5
2015-06-09,'600527,江南高纤,12.11,12.32,11.79,12.13,12.34,-0.23,-1.8639,6.4517,51748583,621631178.0,9713302512.9,9713302512.9
2015-06-08,'600527,XD江南高,12.34,13.2,12.28,13.2,13.37,-1.03,-7.7038,9.6479,77384940,971972696.0,9897783072.6,9897783072.6
2015-06-05,'600527,江南高纤,13.46,14.38,12.64,13.18,13.62,-0.16,-1.1747,17.1984,137946567,1845367475.0,10796123189.4,10796123189.4
2015-06-04,'600527,江南高纤,13.62,13.62,11.37,13.0,12.38,1.24,10.0162,13.7629,110390512,1443163092.0,10924457491.8,10924457491.8
2015-06-03,'600527,江南高纤,12.38,12.38,11.26,11.26,11.25,1.13,10.0444,5.2911,42439281,506340013.0,9929866648.2,9929866648.2
2015-06-02,'600527,江南高纤,11.25,11.33,10.87,11.2,11.12,0.13,1.1691,7.1131,57053134,635520435.0,9023505637.5,9023505637.5
2015-06-01,'600527,江南高纤,11.12,11.17,10.31,10.48,10.48,0.64,6.1069,6.3438,50882731,546111174.0,8919234016.8,8919234016.8
2015-05-29,'600527,江南高纤,10.48,10.59,9.51,10.28,10.27,0.21,2.0448,6.2146,49846436,508220344.0,8405896807.2,8405896807.2
2015-05-28,'600527,江南高纤,10.27,11.43,10.2,11.14,11.14,-0.87,-7.8097,8.0231,64352831,708049580.0,8237458035.3,8237458035.3
2015-05-27,'600527,江南高纤,11.14,11.62,10.98,11.61,11.64,-0.5,-4.2955,7.1897,57667610,646993782.0,8935275804.6,8935275804.6
2015-05-26,'600527,江南高纤,11.64,11.98,11.28,11.55,11.6,0.04,0.3448,7.3606,59038340,682500124.0,9336320499.6,9336320499.6
2015-05-25,'600527,江南高纤,11.6,11.78,11.06,11.3,11.47,0.13,1.1334,6.4459,51701707,588393396.0,9304236924.0,9304236924.0
2015-05-22,'600527,江南高纤,11.47,11.5,10.8,11.2,11.19,0.28,2.5022,7.9676,63907441,713240460.0,9199965303.3,9199965303.3
2015-05-21,'600527,江南高纤,11.19,11.45,10.8,11.25,10.8,0.39,3.6111,8.6851,69662514,777401739.0,8975380274.1,8975380274.1
2015-05-20,'600527,江南高纤,10.8,10.8,9.83,9.83,9.82,0.98,9.9796,7.4077,59416621,635815115.0,8662565412.0,8662565412.0
2015-05-19,'600527,江南高纤,9.82,9.93,9.21,9.38,9.43,0.39,4.1357,6.0062,48175335,463255004.0,7876517809.8,7876517809.8
2015-05-18,'600527,江南高纤,9.43,9.98,9.28,9.51,9.51,-0.08,-0.8412,6.0223,48303880,464027275.0,7563702947.7,7563702947.7
2015-05-15,'600527,江南高纤,9.51,9.9,9.2,9.32,9.39,0.12,1.278,6.4993,52130216,496465495.0,7627870098.9,7627870098.9
2015-05-14,'600527,江南高纤,9.39,9.7,8.68,8.8,8.83,0.56,6.342,7.0537,56576969,526439542.0,7531619372.1,7531619372.1
2015-05-13,'600527,江南高纤,8.83,9.08,8.27,8.43,8.42,0.41,4.8694,6.1928,49671709,432455118.0,7082449313.7,7082449313.7
2015-05-12,'600527,江南高纤,8.42,8.59,8.3,8.55,8.41,0.01,0.1189,3.8546,30917368,260576837.0,6753592663.8,6753592663.8
2015-05-11,'600527,江南高纤,8.41,8.48,8.07,8.1,7.97,0.44,5.5207,4.7854,38383320,319904493.0,6745571769.9,6745571769.9
2015-05-08,'600527,江南高纤,7.97,8.0,7.72,7.8,7.73,0.24,3.1048,3.4945,28029293,220173698.0,6392652438.3,6392652438.3
2015-05-07,'600527,江南高纤,7.73,8.28,7.7,8.2,8.31,-0.58,-6.9795,5.0557,40550949,319675275.0,6200150984.7,6200150984.7
2015-05-06,'600527,江南高纤,8.31,8.88,8.02,8.66,8.66,-0.35,-4.0416,5.5054,44157901,377179532.0,6665362830.9,6665362830.9
2015-05-05,'600527,江南高纤,8.66,9.08,8.3,8.6,8.53,0.13,1.524,9.4041,75429295,664493170.0,6946094117.4,6946094117.4
2015-05-04,'600527,江南高纤,8.53,8.56,8.15,8.3,8.26,0.27,3.2688,5.6751,45519037,380302172.0,6841822496.7,6841822496.7
2015-04-30,'600527,江南高纤,8.26,8.6,8.19,8.5,8.68,-0.42,-4.8387,8.964,71899177,604569811.0,6625258361.4,6625258361.4
2015-04-29,'600527,江南高纤,8.68,8.88,7.75,8.1,8.12,0.56,6.8966,14.9551,119952962,988263712.0,6962135905.2,6962135905.2
2015-04-28,'600527,江南高纤,8.12,8.12,7.5,7.5,7.38,0.74,10.0271,15.8308,126977348,1015048137.0,6512965846.8,6512965846.8
2015-04-27,'600527,江南高纤,7.38,7.49,7.23,7.23,7.21,0.17,2.3578,5.3568,42966678,316002699.0,5919419698.2,5919419698.2
2015-04-24,'600527,江南高纤,7.21,7.29,7.06,7.26,7.34,-0.13,-1.7711,5.2707,42276097,303837452.0,5783064501.9,5783064501.9
2015-04-23,'600527,江南高纤,7.34,7.49,7.2,7.4,7.36,-0.02,-0.2717,5.6415,45249914,331652641.0,5887336122.6,5887336122.6
2015-04-22,'600527,江南高纤,7.36,7.4,7.15,7.15,7.1,0.26,3.662,5.5827,44778041,327320670.0,5903377910.4,5903377910.4
2015-04-21,'600527,江南高纤,7.1,7.12,6.83,6.83,6.83,0.27,3.9531,3.577,28690813,200540879.0,5694834669.0,5694834669.0
2015-04-20,'600527,江南高纤,6.83,7.18,6.78,7.06,7.06,-0.23,-3.2578,5.729,45952009,321615880.0,5478270533.7,5478270533.7
2015-04-17,'600527,江南高纤,7.06,7.25,6.99,7.11,7.01,0.05,0.7133,5.9898,48043863,341297844.0,5662751093.4,5662751093.4
2015-04-16,'600527,江南高纤,7.01,7.26,6.81,7.0,7.08,-0.07,-0.9887,5.3374,42810962,301551572.0,5622646623.9,5622646623.9
2015-04-15,'600527,江南高纤,7.08,7.66,7.06,7.48,7.49,-0.41,-5.474,5.0545,40541671,297602984.0,5678792881.2,5678792881.2
2015-04-14,'600527,江南高纤,7.49,7.8,7.36,7.5,7.49,0.0,0.0,5.7742,46314215,351918413.0,6007649531.1,6007649531.1
2015-04-13,'600527,江南高纤,7.49,7.55,7.3,7.5,7.5,-0.01,-0.1333,5.9343,47598304,354525389.0,6007649531.1,6007649531.1
2015-04-10,'600527,江南高纤,7.5,7.7,7.37,7.52,7.52,-0.02,-0.266,5.0956,40871187,307156879.0,6015670425.0,6015670425.0
2015-04-09,'600527,江南高纤,7.52,7.78,7.1,7.4,7.48,0.04,0.5348,9.0152,72310057,544720090.0,6031712212.8,6031712212.8
2015-04-08,'600527,江南高纤,7.48,7.6,6.88,6.96,7.07,0.41,5.7992,11.2084,89901123,640336375.0,5999628637.2,5999628637.2
2015-04-07,'600527,江南高纤,7.07,7.25,6.9,6.99,6.99,0.08,1.1445,7.3085,58620514,414382712.0,5670771987.3,5670771987.3
2015-04-03,'600527,江南高纤,6.99,7.19,6.65,6.7,6.79,0.2,2.9455,10.3944,83372090,577202722.0,5606604836.1,5606604836.1
2015-04-02,'600527,江南高纤,6.79,7.02,6.51,6.6,6.46,0.33,5.1084,12.5675,100802712,678378822.0,5446186958.1,5446186958.1
2015-04-01,'600527,江南高纤,6.46,6.46,5.83,5.86,5.87,0.59,10.0511,8.4257,67581620,417635642.0,5181497459.4,5181497459.4
2015-03-31,'600527,江南高纤,5.87,6.04,5.87,6.01,5.99,-0.12,-2.0033,3.6915,29609342,176228288.0,4708264719.3,4708264719.3
2015-03-30,'600527,江南高纤,5.99,6.01,5.84,5.91,5.89,0.1,1.6978,5.4055,43356797,256409982.0,4804515446.1,4804515446.1
2015-03-27,'600527,江南高纤,5.89,5.94,5.81,5.84,5.86,0.03,0.5119,3.0229,24246209,142720132.0,4724306507.1,4724306507.1
2015-03-26,'600527,江南高纤,5.86,5.91,5.73,5.81,5.86,0.0,0.0,3.6898,29595465,172546577.0,4700243825.4,4700243825.4
2015-03-25,'600527,江南高纤,5.86,5.96,5.79,5.95,5.98,-0.12,-2.0067,5.0384,40412232,236386382.0,4700243825.4,4700243825.4
2015-03-24,'600527,江南高纤,5.98,6.13,5.68,5.99,5.99,-0.01,-0.1669,6.2433,50076515,297684978.0,4796494552.2,4796494552.2
2015-03-23,'600527,江南高纤,5.99,6.0,5.77,5.81,5.8,0.19,3.2759,4.6731,37482463,220954019.0,4804515446.1,4804515446.1
2015-03-20,'600527,江南高纤,5.8,5.87,5.66,5.66,5.68,0.12,2.1127,4.9316,39555562,229578064.0,4652118462.0,4652118462.0
2015-03-19,'600527,江南高纤,5.68,5.69,5.51,5.55,5.57,0.11,1.9749,4.3036,34519022,193718532.0,4555867735.2,4555867735.2
2015-03-18,'600527,江南高纤,5.57,5.58,5.46,5.49,5.5,0.07,1.2727,4.8138,38610692,213115813.0,4467637902.3,4467637902.3
2015-03-17,'600527,江南高纤,5.5,5.54,5.43,5.48,5.46,0.04,0.7326,4.8501,38901817,213343335.0,4411491645.0,4411491645.0
2015-03-16,'600527,江南高纤,5.46,5.52,5.4,5.41,5.38,0.08,1.487,3.4822,27930320,152397801.0,4379408069.4,4379408069.4
2015-03-13,'600527,江南高纤,5.38,5.46,5.34,5.42,5.41,-0.03,-0.5545,2.3419,18784127,100892638.0,4315240918.2,4315240918.2
2015-03-12,'600527,江南高纤,5.41,5.5,5.35,5.42,5.41,0.0,0.0,4.0038,32113820,174263155.0,4339303599.9,4339303599.9
2015-03-11,'600527,江南高纤,5.41,5.47,5.24,5.28,5.28,0.13,2.4621,4.9162,39432310,211388361.0,4339303599.9,4339303599.9
2015-03-10,'600527,江南高纤,5.28,5.35,5.24,5.27,5.27,0.01,0.1898,2.6128,20956910,110697525.0,4235031979.2,4235031979.2
2015-03-09,'600527,江南高纤,5.27,5.33,5.1,5.17,5.18,0.09,1.7375,3.2663,26198916,137348047.0,4227011085.3,4227011085.3
2015-03-06,'600527,江南高纤,5.18,5.21,5.07,5.17,5.17,0.01,0.1934,3.1246,25062103,129002806.0,4154823040.2,4154823040.2
2015-03-05,'600527,江南高纤,5.17,5.22,5.12,5.14,5.16,0.01,0.1938,2.6549,21294287,110207030.0,4146802146.3,4146802146.3
2015-03-04,'600527,江南高纤,5.16,5.17,5.01,5.03,5.04,0.12,2.381,3.3274,26688941,136413177.0,4138781252.4,4138781252.4
2015-03-03,'600527,江南高纤,5.04,5.09,5.01,5.05,5.05,-0.01,-0.198,2.9261,23470163,118689009.0,4042530525.6,4042530525.6
2015-03-02,'600527,江南高纤,5.05,5.08,4.98,5.03,5.0,0.05,1.0,2.58,20693860,104123741.0,4050551419.5,4050551419.5
2015-02-27,'600527,江南高纤,5.0,5.04,4.9,4.91,4.91,0.09,1.833,3.1889,25578070,127462470.0,4010446950.0,4010446950.0
2015-02-26,'600527,江南高纤,4.91,4.92,4.86,4.87,4.87,0.04,0.8214,1.9713,15811459,77388951.0,3938258904.9,3938258904.9
2015-02-25,'600527,江南高纤,4.87,4.9,4.85,4.87,4.88,-0.01,-0.2049,1.1917,9558199,46569260.0,3906175329.3,3906175329.3
2015-02-17,'600527,江南高纤,4.88,4.92,4.83,4.91,4.89,-0.01,-0.2045,1.608,12897430,62768410.0,3914196223.2,3914196223.2
2015-02-16,'600527,江南高纤,4.89,4.9,4.84,4.85,4.81,0.08,1.6632,1.4472,11608203,56607669.0,3922217117.1,3922217117.1
2015-02-13,'600527,江南高纤,4.81,4.84,4.74,4.75,4.74,0.07,1.4768,1.5816,12685712,60946607.0,3858049965.9,3858049965.9
2015-02-12,'600527,江南高纤,4.74,4.76,4.7,4.72,4.72,0.02,0.4237,0.9774,7840005,37088490.0,3801903708.6,3801903708.6
2015-02-11,'600527,江南高纤,4.72,4.73,4.68,4.71,4.69,0.03,0.6397,1.281,10275086,48302386.0,3785861920.8,3785861920.8
2015-02-10,'600527,江南高纤,4.69,4.71,4.66,4.69,4.68,0.01,0.2137,1.0991,8816002,41308682.0,3761799239.1,3761799239.1
2015-02-09,'600527,江南高纤,4.68,4.73,4.66,4.67,4.67,0.01,0.2141,0.8436,6766718,31733469.0,3753778345.2,3753778345.2
2015-02-06,'600527,江南高纤,4.67,4.79,4.66,4.76,4.77,-0.1,-2.0964,1.6234,13020846,61311319.0,3745757451.3,3745757451.3
2015-02-05,'600527,江南高纤,4.77,4.88,4.76,4.87,4.84,-0.07,-1.4463,1.6062,12883127,62154040.0,3825966390.3,3825966390.3
2015-02-04,'600527,江南高纤,4.84,4.89,4.82,4.87,4.88,-0.04,-0.8197,0.9912,7950270,38627807.0,3882112647.6,3882112647.6
