2016-02-05,'600571,信雅达,40.22,41.37,40.18,40.78,41.0,-0.78,-1.9024,2.4717,5003129,203612987.0,8841949073.98,8141323551.6
2016-02-04,'600571,信雅达,41.0,41.77,40.58,40.7,40.54,0.46,1.1347,3.929,7953152,327516743.0,9013423969.0,8299210980.0
2016-02-03,'600571,信雅达,40.54,41.08,38.61,39.51,40.59,-0.05,-0.1232,3.7859,7663508,303620490.0,8912297748.86,8206097881.2
2016-02-02,'600571,信雅达,40.59,41.38,37.89,37.89,37.93,2.66,7.0129,4.9606,10041283,404825988.0,8923289729.31,8216218870.2
2016-02-01,'600571,信雅达,37.93,38.85,36.8,38.5,38.41,-0.48,-1.2497,4.8259,9768592,370947280.0,8338516369.37,7677782255.4
2016-01-29,'600571,信雅达,38.41,38.41,35.02,35.03,34.92,3.49,9.9943,4.8286,9774100,365901075.0,8444039381.69,7774943749.8
2016-01-28,'600571,信雅达,34.92,36.97,34.34,36.01,37.07,-2.15,-5.7998,2.8487,5766347,207124419.0,7676799146.28,7068498717.6
2016-01-27,'600571,信雅达,37.07,38.15,34.4,38.04,37.76,-0.69,-1.8273,4.6772,9467504,343035866.0,8149454305.63,7503701244.6
2016-01-26,'600571,信雅达,37.76,41.48,37.76,41.48,41.95,-4.19,-9.9881,3.073,6220436,245408662.0,8301143635.84,7643370892.8
2016-01-25,'600571,信雅达,41.95,42.5,41.3,42.11,41.79,0.16,0.3829,2.4585,4976538,209370069.0,9222271597.55,8491509771.0
2016-01-22,'600571,信雅达,41.79,42.17,40.08,41.4,40.94,0.85,2.0762,2.9048,5879859,242895880.0,9187097260.11,8459122606.2
2016-01-21,'600571,信雅达,40.94,44.02,40.7,41.54,42.5,-1.56,-3.6706,4.2124,8526827,364989739.0,9000233592.46,8287065793.2
2016-01-20,'600571,信雅达,42.5,43.5,42.01,42.64,43.34,-0.84,-1.9382,3.2866,6652684,284495276.0,9343183382.5,8602840650.0
2016-01-19,'600571,信雅达,43.34,43.47,40.8,41.72,41.72,1.62,3.883,4.202,8505775,359570696.0,9527848654.06,8772873265.2
2016-01-18,'600571,信雅达,41.72,42.68,38.5,39.0,40.19,1.53,3.8069,3.7836,7658655,318636386.0,9171708487.48,8444953221.6
2016-01-15,'600571,信雅达,40.19,42.42,39.5,41.8,42.42,-2.23,-5.257,3.3394,6759584,277001294.0,8835353885.71,8135250958.2
2016-01-14,'600571,信雅达,42.42,43.0,36.82,36.85,39.28,3.14,7.9939,4.3682,8842093,355911976.0,9325596213.78,8586647067.6
2016-01-13,'600571,信雅达,39.28,43.05,39.19,42.66,42.53,-3.25,-7.6417,3.0528,6179373,256621403.0,8635299841.52,7951048958.4
2016-01-12,'600571,信雅达,42.53,43.26,40.1,41.95,41.93,0.6,1.431,3.7954,7682712,323503126.0,9349778570.77,8608913243.4
2016-01-11,'600571,信雅达,41.93,45.98,41.93,45.01,46.59,-4.66,-10.0021,3.6517,7391856,323092639.0,9217874805.37,8487461375.4
2016-01-08,'600571,信雅达,46.59,48.19,42.88,47.71,46.51,0.08,0.172,3.802,7695940,356247999.0,10242327383.3,9430737550.2
2016-01-07,'600571,信雅达,46.51,50.39,46.51,50.39,51.68,-5.17,-10.0039,1.0632,2152177,103149207.0,10224740214.6,9414543967.8
2016-01-06,'600571,信雅达,51.68,52.09,50.21,50.48,49.76,1.92,3.8585,3.2188,6515393,333115403.0,11361310993.1,10461054230.4
2016-01-05,'600571,信雅达,49.76,52.03,47.91,49.5,53.17,-3.41,-6.4134,4.0187,8134707,408636019.0,10939218943.8,10072408252.8
2016-01-04,'600571,信雅达,53.17,59.18,53.17,59.18,59.08,-5.91,-10.0034,3.1944,6466002,356080600.0,11688872010.5,10762659702.6
2015-12-31,'600571,信雅达,59.08,61.1,59.0,61.0,61.11,-2.03,-3.3219,2.9557,5982868,357966246.0,12988124099.7,11958960602.4
2015-12-30,'600571,信雅达,61.11,61.34,60.1,61.0,60.47,0.64,1.0584,2.6625,5389491,328024781.0,13434398506.0,12369872755.8
2015-12-29,'600571,信雅达,60.47,60.55,59.4,59.52,60.11,0.36,0.5989,2.5867,5235980,313534886.0,13293701156.2,12240324096.6
2015-12-28,'600571,信雅达,60.11,62.29,60.0,60.51,60.51,-0.4,-0.661,3.8297,7751987,473767195.0,13214558897.0,12167452975.8
2015-12-25,'600571,信雅达,60.51,61.72,59.9,61.25,61.18,-0.67,-1.0951,3.5148,7114572,430884630.0,13302494740.6,12248420887.8
2015-12-24,'600571,信雅达,61.18,61.74,59.43,61.31,62.15,-0.97,-1.5607,3.7138,7517415,455367212.0,13449787278.6,12384042140.4
2015-12-23,'600571,信雅达,62.15,64.15,61.8,64.1,64.07,-1.92,-2.9967,4.405,8916641,558809631.0,13663031699.4,12580389327.0
2015-12-22,'600571,信雅达,64.07,64.48,61.93,62.13,62.08,1.99,3.2055,5.3395,10808237,686333771.0,14085123748.6,12969035304.6
2015-12-21,'600571,信雅达,62.08,64.5,60.8,63.37,63.26,-1.18,-1.8653,7.0344,14239108,883294867.0,13647642926.7,12566219942.4
2015-12-18,'600571,信雅达,0.0,0.0,0.0,0.0,63.26,None,None,0.0,0,0.0,13907053665.3,12805075282.8
2015-12-17,'600571,信雅达,0.0,0.0,0.0,0.0,63.26,None,None,0.0,0,0.0,13907053665.3,12805075282.8
2015-12-16,'600571,信雅达,0.0,0.0,0.0,0.0,63.26,None,None,0.0,0,0.0,13907053665.3,12805075282.8
2015-12-15,'600571,信雅达,0.0,0.0,0.0,0.0,63.26,None,None,0.0,0,0.0,13907053665.3,12805075282.8
2015-12-14,'600571,信雅达,0.0,0.0,0.0,0.0,63.26,None,None,0.0,0,0.0,13907053665.3,12805075282.8
2015-12-11,'600571,信雅达,63.26,65.2,61.12,61.72,62.24,1.02,1.6388,5.8073,11755025,745750171.0,13907053665.3,12805075282.8
2015-12-10,'600571,信雅达,62.24,63.97,61.01,61.01,61.19,1.05,1.716,4.9257,9970556,621946244.0,13682817264.2,12598607107.2
2015-12-09,'600571,信雅达,61.19,62.54,60.0,60.35,61.13,0.06,0.0982,3.5664,7219005,443373852.0,13451985674.7,12386066338.2
2015-12-08,'600571,信雅达,61.13,63.66,60.88,63.66,64.33,-3.2,-4.9744,4.5104,9129934,564808874.0,13438795298.2,12373921151.4
2015-12-07,'600571,信雅达,64.33,64.59,62.3,62.93,62.29,2.04,3.275,4.7593,9633717,614475002.0,14142282047.0,13021664447.4
2015-12-04,'600571,信雅达,62.29,64.33,62.0,64.23,64.4,-2.11,-3.2764,4.4656,9039283,571743246.0,13693809244.6,12608728096.2
2015-12-03,'600571,信雅达,64.4,64.55,61.5,61.82,61.11,3.29,5.3837,5.8055,11751416,746632303.0,14157670819.6,13035833832.0
2015-12-02,'600571,信雅达,61.11,61.65,58.21,61.24,61.21,-0.1,-0.1634,3.9068,7908059,478356830.0,13434398506.0,12369872755.8
2015-12-01,'600571,信雅达,61.21,62.11,60.0,61.65,61.81,-0.6,-0.9707,4.4145,8935738,545350747.0,13456382466.9,12390114733.8
2015-11-30,'600571,信雅达,61.81,63.49,57.5,62.85,62.8,-0.99,-1.5764,6.8352,13835748,838718375.0,13588286232.3,12511566601.8
2015-11-27,'600571,信雅达,62.8,69.12,62.8,68.8,69.78,-6.98,-10.0029,7.2129,14600411,964007770.0,13805927445.2,12711962184.0
2015-11-26,'600571,信雅达,69.78,73.5,69.51,72.1,71.96,-2.18,-3.0295,7.0761,14323498,1013568422.0,15340407916.0,14124852248.4
2015-11-25,'600571,信雅达,71.96,74.0,68.29,68.98,69.36,2.6,3.7486,8.6138,17436030,1243747607.0,15819658263.6,14566127368.8
2015-11-24,'600571,信雅达,69.36,69.46,66.4,66.7,66.95,2.41,3.5997,5.4954,11123819,757216677.0,15248075280.2,14039835940.8
2015-11-23,'600571,信雅达,66.95,68.68,66.55,68.01,67.82,-0.87,-1.2828,5.4807,11093981,749552045.0,14718261822.5,13552004271.0
2015-11-20,'600571,信雅达,67.82,68.99,67.05,68.65,68.98,-1.16,-1.6816,5.9423,12028450,817235911.0,14909522282.4,13728109479.6
2015-11-19,'600571,信雅达,68.98,69.0,66.2,68.0,67.34,1.64,2.4354,6.6549,13470917,913235035.0,15164536228.8,13962916424.4
2015-11-18,'600571,信雅达,67.34,71.4,66.8,70.29,70.76,-3.42,-4.8332,7.6599,15505149,1069177948.0,14803999270.1,13630947985.2
2015-11-17,'600571,信雅达,70.76,77.9,70.25,76.52,74.85,-4.09,-5.4643,9.5892,19410508,1430802199.0,15555850732.8,14323223632.8
2015-11-16,'600571,信雅达,74.85,75.0,70.0,70.01,72.52,2.33,3.2129,7.0928,14357321,1044819712.0,16454994733.6,15151120533.0
2015-11-13,'600571,信雅达,72.52,75.2,68.88,69.3,69.99,2.53,3.6148,9.416,19059907,1368460489.0,15942768444.7,14679482445.6
2015-11-12,'600571,信雅达,69.99,73.56,69.3,73.03,72.14,-2.15,-2.9803,6.8302,13825638,978650953.0,15386574233.9,14167360402.2
2015-11-11,'600571,信雅达,72.14,73.5,70.0,72.01,71.82,0.32,0.4456,6.5045,13166323,935216495.0,15859229393.3,14602562929.2
2015-11-10,'600571,信雅达,71.82,75.3,70.89,72.25,73.75,-1.93,-2.6169,8.1552,16507808,1204112069.0,15788880718.4,14537788599.6
2015-11-09,'600571,信雅达,73.75,76.0,67.0,69.01,70.08,3.67,5.2369,10.5086,21271506,1516909784.0,16213171163.8,14928458775.0
2015-11-06,'600571,信雅达,70.08,71.5,67.07,67.36,66.92,3.16,4.7221,9.62,19472805,1352302540.0,15406359798.7,14185578182.4
2015-11-05,'600571,信雅达,66.92,69.74,65.6,68.18,67.56,-0.64,-0.9473,9.6273,19487559,1318370443.0,14711666634.3,13545931677.6
2015-11-04,'600571,信雅达,67.56,67.56,61.6,61.6,61.42,6.14,9.9967,10.5114,21277154,1393808047.0,14852363984.0,13675480336.8
2015-11-03,'600571,信雅达,61.42,62.6,60.5,61.42,60.74,0.68,1.1195,4.4743,9056928,556392040.0,13502548784.8,12432622887.6
2015-11-02,'600571,信雅达,60.74,64.06,60.18,60.18,62.88,-2.14,-3.4033,5.7944,11729058,726034583.0,13353057850.7,12294977437.2
2015-10-30,'600571,信雅达,62.88,64.14,59.7,62.4,62.29,0.59,0.9472,7.2765,14728991,920535636.0,13823514613.9,12728155766.4
2015-10-29,'600571,信雅达,62.29,64.29,60.01,62.71,62.08,0.21,0.3383,6.866,13898240,865529227.0,13693809244.6,12608728096.2
2015-10-28,'600571,信雅达,62.08,66.2,61.5,65.45,67.29,-5.21,-7.7426,7.9959,16185236,1035385336.0,13647642926.7,12566219942.4
2015-10-27,'600571,信雅达,67.29,68.92,60.53,65.0,66.3,0.99,1.4932,10.2146,20676428,1336855041.0,14793007289.6,13620826996.2
2015-10-26,'600571,信雅达,66.3,70.5,64.35,70.1,69.27,-2.97,-4.2876,10.9825,22230716,1484882454.0,14575366076.7,13420431414.0
2015-10-23,'600571,信雅达,69.27,72.3,66.9,69.0,68.65,0.62,0.9031,12.8599,26030953,1818629540.0,15228289715.4,14021618160.6
2015-10-22,'600571,信雅达,68.65,68.65,63.0,63.88,62.41,6.24,9.9984,13.5228,27372912,1795052221.0,15091989157.9,13896117897.0
2015-10-21,'600571,信雅达,62.41,71.47,61.11,68.48,65.87,-3.46,-5.2528,16.6096,33621082,2250106247.0,13720189997.7,12633018469.8
2015-10-20,'600571,信雅达,65.87,65.87,60.68,60.68,59.88,5.99,10.0033,10.249,20745999,1344883034.0,14480835044.8,13333390908.6
2015-10-19,'600571,信雅达,59.88,63.63,58.66,61.8,61.78,-1.9,-3.0754,11.8776,24042659,1467907969.0,13163995786.9,12120896426.4
2015-10-16,'600571,信雅达,61.78,61.93,58.47,60.0,58.58,3.2,5.4626,13.6672,27665184,1664748684.0,13581691044.0,12505494008.4
2015-10-15,'600571,信雅达,58.58,58.65,53.12,53.59,53.68,4.9,9.1282,10.8379,21937999,1235287948.0,12878204295.2,11857750712.4
2015-10-14,'600571,信雅达,53.68,55.26,52.8,55.26,55.26,-1.58,-2.8592,9.9363,20113015,1081191778.0,11800990211.1,10865893790.4
2015-10-13,'600571,信雅达,55.26,56.5,52.98,53.5,53.63,1.63,3.0393,12.3899,25079584,1378186423.0,12148336793.3,11185717042.8
2015-10-12,'600571,信雅达,53.63,53.63,49.01,49.49,48.75,4.88,10.0103,12.7306,25769166,1346259534.0,11789998230.7,10855772801.4
2015-10-09,'600571,信雅达,48.75,49.5,47.25,47.95,48.14,0.61,1.2671,7.7662,15720399,757104345.0,10717180938.8,9867964275.0
2015-10-08,'600571,信雅达,48.14,48.98,46.33,46.99,44.85,3.29,7.3356,7.0654,14301790,686786490.0,10583078777.3,9744488209.2
2015-09-30,'600571,信雅达,44.85,46.3,43.92,46.0,45.24,-0.39,-0.8621,4.081,8260728,372331609.0,9859806463.65,9078527133.0
2015-09-29,'600571,信雅达,45.24,46.6,44.35,45.72,47.15,-1.91,-4.0509,5.3395,10808135,491592418.0,9945543911.16,9157470847.2
2015-09-28,'600571,信雅达,47.15,47.55,42.53,44.81,44.48,2.67,6.0027,7.3301,14837511,674459030.0,10365437564.4,9544092627.0
2015-09-25,'600571,信雅达,44.48,48.5,44.06,48.0,48.95,-4.47,-9.1318,8.2083,16615131,765844844.0,9003631814.4,9003631814.4
2015-09-24,'600571,信雅达,48.95,51.0,48.16,48.56,48.57,0.38,0.7824,8.7288,17668810,872982834.0,9908448231.0,9908448231.0
2015-09-23,'600571,信雅达,48.57,50.0,46.9,47.18,48.57,0.0,0.0,9.7655,19767402,956628957.0,9831528714.6,9831528714.6
2015-09-22,'600571,信雅达,48.57,50.13,46.38,49.5,48.63,-0.06,-0.1234,15.0897,30544526,1482341877.0,9831528714.6,9831528714.6
2015-09-21,'600571,信雅达,48.63,48.63,42.33,42.7,44.21,4.42,9.9977,13.4808,27287857,1280626955.0,9843673901.4,9843673901.4
2015-09-18,'600571,信雅达,44.21,44.9,42.6,43.88,42.51,1.7,3.9991,8.0593,16313518,711370448.0,8948978473.8,8948978473.8
2015-09-17,'600571,信雅达,42.51,46.88,42.41,45.0,43.4,-0.89,-2.0507,11.2216,22714713,1020432530.0,8604864847.8,8604864847.8
2015-09-16,'600571,信雅达,43.4,43.4,39.83,39.88,39.45,3.95,10.0127,9.0497,18318284,761656476.0,8785018452.0,8785018452.0
2015-09-15,'600571,信雅达,39.45,42.18,39.45,39.8,43.83,-4.38,-9.9932,8.1205,16437489,660103052.0,7985460321.0,7985460321.0
2015-09-14,'600571,信雅达,43.83,48.69,43.83,48.6,48.7,-4.87,-10.0,5.7227,11583782,529664336.0,8872058957.4,8872058957.4
2015-09-11,'600571,信雅达,48.7,49.77,47.2,47.2,47.4,1.3,2.7426,6.8348,13834938,674531699.0,9857843286.0,9857843286.0
2015-09-10,'600571,信雅达,47.4,49.4,47.01,47.99,49.88,-2.48,-4.9719,7.5246,15231223,735376002.0,9594697572.0,9594697572.0
2015-09-09,'600571,信雅达,49.88,51.55,47.2,47.8,47.2,2.68,5.678,15.7194,31819168,1569077753.0,10096698626.4,10096698626.4
2015-09-08,'600571,信雅达,47.2,47.2,40.3,42.5,42.91,4.29,9.9977,14.7127,29781510,1286007353.0,9554213616.0,9554213616.0
2015-09-07,'600571,信雅达,42.91,42.91,39.32,39.97,39.01,3.9,9.9974,15.3453,31061827,1311055758.0,8685832759.8,8685832759.8
2015-09-02,'600571,信雅达,39.01,42.59,35.26,35.26,38.72,0.29,0.749,12.8127,25935374,1048958651.0,7896395617.8,7896395617.8
2015-09-01,'600571,信雅达,38.72,42.09,38.72,42.09,43.02,-4.3,-9.9954,6.3044,12761326,510247822.0,7837693881.6,7837693881.6
2015-08-31,'600571,信雅达,43.02,46.97,43.02,46.0,47.8,-4.78,-10.0,8.3339,16869392,756345263.0,8708098935.6,8708098935.6
2015-08-28,'600571,信雅达,47.8,47.95,42.8,44.9,43.59,4.21,9.6582,12.3125,24922922,1114826007.0,9675665484.0,9675665484.0
2015-08-27,'600571,信雅达,43.59,43.59,38.06,40.8,39.63,3.96,9.9924,10.0259,20294479,844408801.0,8823478210.2,8823478210.2
2015-08-26,'600571,信雅达,39.63,46.01,39.63,44.03,44.03,-4.4,-9.9932,9.5218,19274022,818048430.0,8021895881.4,8021895881.4
2015-08-25,'600571,信雅达,44.03,46.03,44.03,44.03,48.92,-4.89,-9.9959,5.5828,11300677,502314220.0,8912542913.4,8912542913.4
2015-08-24,'600571,信雅达,48.92,52.99,48.92,51.88,54.35,-5.43,-9.9908,6.1207,12389500,615541516.0,9902375637.6,9902375637.6
2015-08-21,'600571,信雅达,54.35,58.85,53.88,57.0,59.43,-5.08,-8.5479,8.4193,17042350,967040260.0,11001515043.0,11001515043.0
2015-08-20,'600571,信雅达,59.43,64.35,59.1,62.69,64.94,-5.51,-8.4848,9.7254,19686132,1217754605.0,12029807525.4,12029807525.4
2015-08-19,'600571,信雅达,64.94,66.8,55.49,58.12,61.66,3.28,5.3195,12.5344,25372096,1524007497.0,13145140513.2,13145140513.2
2015-08-18,'600571,信雅达,61.66,71.56,61.66,68.61,68.51,-6.85,-9.9985,11.6306,23542588,1595838452.0,12481203634.8,12481203634.8
2015-08-17,'600571,信雅达,68.51,70.12,65.31,67.17,69.19,-0.68,-0.9828,8.6925,17595415,1194235883.0,13867779127.8,13867779127.8
2015-08-14,'600571,信雅达,69.19,73.99,69.0,70.2,69.65,-0.46,-0.6604,14.2136,28771194,2050790855.0,14005424578.2,14005424578.2
2015-08-13,'600571,信雅达,69.65,69.72,61.79,62.6,63.38,6.27,9.8927,11.2549,22782079,1482100048.0,14098537677.0,14098537677.0
2015-08-12,'600571,信雅达,63.38,69.0,62.88,66.6,68.43,-5.05,-7.3798,10.6028,21462135,1412767862.0,12829365656.4,12829365656.4
2015-08-11,'600571,信雅达,68.43,72.45,67.08,68.18,67.9,0.53,0.7806,12.651,25608143,1784491859.0,13851585545.4,13851585545.4
2015-08-10,'600571,信雅达,67.9,67.9,61.9,64.0,61.73,6.17,9.9951,15.0584,30481201,1961841513.0,13744303062.0,13744303062.0
2015-08-07,'600571,信雅达,61.73,61.73,56.86,57.43,56.12,5.61,9.9964,16.0545,32497510,1978272442.0,12495373019.4,12495373019.4
2015-08-06,'600571,信雅达,56.12,59.36,53.5,54.0,57.97,-1.85,-3.1913,9.4396,19107589,1070213515.0,11359798053.6,11359798053.6
2015-08-05,'600571,信雅达,57.97,62.83,57.3,59.99,61.39,-3.42,-5.5709,16.1566,32704215,1975098547.0,11734274646.6,11734274646.6
2015-08-04,'600571,信雅达,61.39,61.39,51.5,53.4,55.81,5.58,9.9982,18.1317,36702069,2037460856.0,12426550294.2,12426550294.2
2015-08-03,'600571,信雅达,55.81,57.65,55.81,57.65,62.01,-6.2,-9.9984,6.3998,12954448,725639709.0,11297047921.8,11297047921.8
2015-07-31,'600571,信雅达,62.01,68.09,61.28,64.59,68.09,-6.08,-8.9294,8.8533,17920847,1140327128.0,12552050557.8,12552050557.8
2015-07-30,'600571,信雅达,68.09,73.48,68.09,73.0,75.65,-7.56,-9.9934,9.4327,19093728,1353455891.0,13782762820.2,13782762820.2
2015-07-29,'600571,信雅达,75.65,76.0,65.48,73.5,72.76,2.89,3.972,11.769,23822819,1650882485.0,15313056357.0,15313056357.0
2015-07-28,'600571,信雅达,72.76,80.79,72.76,72.76,80.84,-8.08,-9.9951,8.2409,16681302,1228681287.0,14728063192.8,14728063192.8
2015-07-27,'600571,信雅达,80.84,88.98,80.84,86.66,89.82,-8.98,-9.9978,6.4267,13008848,1094534893.0,16363615015.2,16363615015.2
2015-07-24,'600571,信雅达,89.82,96.0,88.0,91.97,90.01,-0.19,-0.2111,7.247,14669416,1359158975.0,18181344639.6,18181344639.6
2015-07-23,'600571,信雅达,90.01,91.8,82.5,84.5,86.42,3.59,4.1541,8.6696,17548947,1523226488.0,18219804397.8,18219804397.8
2015-07-22,'600571,信雅达,86.42,88.35,79.66,83.5,83.35,3.07,3.6833,9.9353,20111028,1697057130.0,17493117387.6,17493117387.6
2015-07-21,'600571,信雅达,83.35,83.35,75.5,76.0,75.77,7.58,10.004,11.0638,22395258,1777438046.0,16871688663.0,16871688663.0
2015-07-20,'600571,信雅达,75.77,75.77,72.33,75.76,68.88,6.89,10.0029,8.9666,18150171,1370394470.0,15337346730.6,15337346730.6
2015-07-17,'600571,信雅达,68.88,68.88,62.55,63.49,62.62,6.26,9.9968,8.4939,17193291,1151790760.0,13942674446.4,13942674446.4
2015-07-16,'600571,信雅达,62.62,65.0,55.8,55.8,62.0,0.62,1.0,10.7337,21727126,1287791896.0,12675526623.6,12675526623.6
2015-07-15,'600571,信雅达,62.0,75.64,61.88,75.64,68.76,-6.76,-9.8313,17.7796,35989495,2456195421.0,12550026360.0,12550026360.0
2015-07-14,'600571,信雅达,68.76,68.76,68.76,68.76,62.51,6.25,9.9984,0.133,269248,18513492.0,13918384072.8,13918384072.8
2015-07-13,'600571,信雅达,0.0,0.0,0.0,0.0,62.51,None,None,0.0,0,0.0,12653260447.8,12653260447.8
2015-07-10,'600571,信雅达,0.0,0.0,0.0,0.0,62.51,None,None,0.0,0,0.0,12653260447.8,12653260447.8
2015-07-09,'600571,信雅达,0.0,0.0,0.0,0.0,62.51,None,None,0.0,0,0.0,12653260447.8,12653260447.8
2015-07-08,'600571,信雅达,0.0,0.0,0.0,0.0,62.51,None,None,0.0,0,0.0,12653260447.8,12653260447.8
2015-07-07,'600571,信雅达,62.51,62.51,62.51,62.51,69.45,-6.94,-9.9928,0.0758,153400,9589034.0,12653260447.8,12653260447.8
2015-07-06,'600571,信雅达,69.45,81.0,69.45,81.0,77.17,-7.72,-10.0039,3.1421,6360200,469617045.0,14058053721.0,14058053721.0
2015-07-03,'600571,信雅达,77.17,86.0,77.17,77.17,85.74,-8.57,-9.9953,4.7747,9664920,757760952.0,15620734422.6,15620734422.6
2015-07-02,'600571,信雅达,85.74,90.0,85.74,87.0,95.27,-9.53,-10.0031,4.9336,9986533,858996079.0,17355471937.2,17355471937.2
2015-07-01,'600571,信雅达,95.27,107.0,95.27,105.85,105.85,-10.58,-9.9953,5.4484,11028587,1099596330.0,19284532440.6,19284532440.6
2015-06-30,'600571,信雅达,105.85,109.65,89.71,89.71,99.68,6.17,6.1898,6.1309,12410113,1230826690.0,21426133713.0,21426133713.0
2015-06-29,'600571,信雅达,99.68,104.99,99.68,99.68,110.75,-11.07,-9.9955,1.1649,2357900,235234517.0,20177203670.4,20177203670.4
2015-06-26,'600571,信雅达,110.75,114.45,110.75,114.45,123.06,-12.31,-10.0033,0.3721,753300,83705354.0,22417990635.0,22417990635.0
2015-06-25,'600571,信雅达,123.06,135.0,123.06,133.0,136.73,-13.67,-9.9978,3.3628,6807007,864344238.0,24909778126.8,24909778126.8
2015-06-24,'600571,信雅达,136.73,147.0,136.73,136.94,151.92,-15.19,-9.9987,3.0868,6248310,861055365.0,27676856519.4,27676856519.4
2015-06-23,'600571,信雅达,151.92,151.92,151.92,151.92,168.8,-16.88,-10.0,0.0632,127900,19430568.0,30751612977.6,30751612977.6
2015-06-19,'600571,信雅达,0.0,0.0,0.0,0.0,168.8,None,None,0.0,0,0.0,34168458864.0,34168458864.0
2015-06-18,'600571,信雅达,0.0,0.0,0.0,0.0,168.8,None,None,0.0,0,0.0,34168458864.0,34168458864.0
2015-06-17,'600571,信雅达,0.0,0.0,0.0,0.0,168.8,None,None,0.0,0,0.0,34168458864.0,34168458864.0
2015-06-16,'600571,XD信雅达,0.0,0.0,0.0,0.0,168.8,None,None,0.0,0,0.0,34168458864.0,34168458864.0
2015-06-15,'600571,信雅达,0.0,0.0,0.0,0.0,168.97,None,None,0.0,0,0.0,34202870226.6,34202870226.6
2015-06-12,'600571,信雅达,0.0,0.0,0.0,0.0,168.97,None,None,0.0,0,0.0,34202870226.6,34202870226.6
2015-06-11,'600571,信雅达,0.0,0.0,0.0,0.0,168.97,None,None,0.0,0,0.0,34202870226.6,34202870226.6
2015-06-10,'600571,信雅达,168.97,172.49,155.0,163.0,163.95,5.02,3.0619,2.1536,4359334,717581852.0,34202870226.6,34202870226.6
2015-06-09,'600571,信雅达,163.95,169.0,152.0,161.9,166.53,-2.58,-1.5493,3.1447,6365523,1002053742.0,33186722931.0,33186722931.0
2015-06-08,'600571,信雅达,166.53,180.49,166.53,180.49,185.03,-18.5,-9.9984,2.1189,4288979,722692504.0,33708965963.4,33708965963.4
2015-06-05,'600571,信雅达,185.03,210.94,180.0,187.0,191.76,-6.73,-3.5096,2.0561,4161920,826357696.0,37453731893.4,37453731893.4
2015-06-04,'600571,信雅达,191.76,191.76,160.0,174.8,174.33,17.43,9.9983,3.4551,6993866,1290935266.0,38816017012.8,38816017012.8
2015-06-03,'600571,信雅达,174.33,174.33,159.5,165.0,158.48,15.85,10.0013,2.0427,4134788,699863993.0,35287840247.4,35287840247.4
2015-06-02,'600571,信雅达,158.48,165.0,151.5,158.28,158.31,0.17,0.1074,1.7283,3498462,548669229.0,32079486734.4,32079486734.4
2015-06-01,'600571,信雅达,158.31,159.5,143.5,143.5,145.0,13.31,9.1793,2.3242,4704656,723123049.0,32045075371.8,32045075371.8
2015-05-29,'600571,信雅达,145.0,146.26,127.04,128.08,132.96,12.04,9.0554,4.0457,8189223,1148989025.0,29350868100.0,29350868100.0
2015-05-28,'600571,信雅达,132.96,151.0,132.96,149.0,147.73,-14.77,-9.998,4.8998,9918147,1352338168.0,26913733948.8,26913733948.8
2015-05-27,'600571,信雅达,147.73,154.4,145.1,154.0,154.68,-6.95,-4.4931,2.1262,4303927,645606339.0,29903474099.4,29903474099.4
2015-05-26,'600571,信雅达,154.68,157.0,142.01,145.0,145.89,8.79,6.0251,2.8895,5848860,885574974.0,31310291570.4,31310291570.4
2015-05-25,'600571,信雅达,145.89,153.6,136.88,139.3,145.91,-0.02,-0.0137,3.014,6100907,890779217.0,29531021704.2,29531021704.2
2015-05-22,'600571,信雅达,145.91,155.8,141.5,152.0,155.53,-9.62,-6.1853,3.8987,7891691,1154022416.0,29535070099.8,29535070099.8
2015-05-21,'600571,信雅达,155.53,176.06,149.11,172.0,165.68,-10.15,-6.1263,5.0133,10147825,1598835525.0,31482348383.4,31482348383.4
2015-05-20,'600571,信雅达,165.68,165.68,140.0,149.95,150.62,15.06,9.9987,2.9035,5877183,914109424.0,33536909150.4,33536909150.4
2015-05-19,'600571,信雅达,150.62,156.83,139.01,156.83,142.57,8.05,5.6463,4.4525,9012723,1360838706.0,30488467263.6,30488467263.6
2015-05-18,'600571,信雅达,142.57,142.57,133.01,133.01,129.61,12.96,9.9992,0.801,1621287,227696527.0,28858988034.6,28858988034.6
2015-05-15,'600571,信雅达,129.61,129.61,112.1,114.81,117.83,11.78,9.9975,3.8302,7753127,968269008.0,26235627685.8,26235627685.8
2015-05-14,'600571,信雅达,117.83,129.09,116.0,128.0,124.83,-7.0,-5.6076,3.3055,6690998,808743253.0,23851122677.4,23851122677.4
2015-05-13,'600571,信雅达,124.83,144.02,122.2,125.5,133.36,-8.53,-6.3962,3.2435,6565411,863154035.0,25268061137.4,25268061137.4
2015-05-12,'600571,信雅达,133.36,133.82,116.5,131.2,121.65,11.71,9.626,4.7413,9597313,1199247067.0,26994701860.8,26994701860.8
2015-05-11,'600571,信雅达,121.65,121.65,116.0,118.0,110.59,11.06,10.0009,2.4663,4992339,604295220.0,24624366237.0,24624366237.0
2015-05-08,'600571,信雅达,110.59,110.59,97.71,98.5,100.54,10.05,9.996,2.7209,5507594,586051064.0,22385603470.2,22385603470.2
2015-05-07,'600571,信雅达,100.54,100.56,92.15,92.6,91.42,9.12,9.9759,6.055,12256433,1215743485.0,20351284681.2,20351284681.2
2015-05-06,'600571,信雅达,91.42,91.42,82.1,82.1,83.11,8.31,9.9988,4.9612,10042388,909999849.0,18505216287.6,18505216287.6
2015-05-05,'600571,信雅达,83.11,85.3,78.0,80.5,80.56,2.55,3.1653,3.4837,7051663,583559625.0,16823107915.8,16823107915.8
2015-05-04,'600571,信雅达,80.56,84.0,77.0,84.0,83.14,-2.58,-3.1032,3.6244,7336419,590266169.0,16306937476.8,16306937476.8
2015-04-30,'600571,信雅达,83.14,83.14,75.0,76.96,75.58,7.56,10.0026,3.2813,6641939,534376954.0,16829180509.2,16829180509.2
2015-04-29,'600571,信雅达,75.58,77.89,72.0,74.91,75.49,0.09,0.1192,4.4262,8959537,674176109.0,15298886972.4,15298886972.4
2015-04-28,'600571,信雅达,75.49,82.03,74.01,81.0,79.93,-4.44,-5.5549,3.2336,6545448,507852792.0,15280669192.2,15280669192.2
2015-04-27,'600571,信雅达,79.93,87.0,79.36,82.8,82.76,-2.83,-3.4195,3.0585,6191034,510260586.0,16179413015.4,16179413015.4
2015-04-24,'600571,信雅达,82.76,85.99,80.0,85.02,86.93,-4.17,-4.797,2.9834,6038942,498244912.0,16752260992.8,16752260992.8
2015-04-23,'600571,信雅达,86.93,92.0,82.11,85.53,83.75,3.18,3.797,3.6454,7379027,636439898.0,17596351475.4,17596351475.4
2015-04-22,'600571,信雅达,83.75,85.5,76.53,78.0,78.32,5.43,6.9331,2.0037,4055901,334565122.0,16952656575.0,16952656575.0
2015-04-21,'600571,信雅达,78.32,79.66,70.8,72.89,74.35,3.97,5.3396,2.3439,4744456,362430251.0,15853517169.6,15853517169.6
2015-04-20,'600571,信雅达,74.35,80.9,71.73,80.3,79.69,-5.34,-6.701,2.7732,5613410,421743410.0,15049910643.0,15049910643.0
2015-04-17,'600571,信雅达,79.69,84.88,75.0,80.0,82.25,-2.56,-3.1125,3.2159,6509674,527799787.0,16130832268.2,16130832268.2
2015-04-16,'600571,信雅达,82.25,84.36,75.0,75.0,76.69,5.56,7.25,3.1649,6406419,529715820.0,16649026905.0,16649026905.0
2015-04-15,'600571,信雅达,76.69,83.99,73.0,77.7,78.74,-2.05,-2.6035,3.6241,7335976,576776938.0,15523572928.2,15523572928.2
2015-04-14,'600571,信雅达,78.74,88.35,78.0,81.5,81.83,-3.09,-3.7761,4.3186,8741692,742377032.0,15938533477.2,15938533477.2
2015-04-13,'600571,信雅达,81.83,81.83,74.11,75.5,74.39,7.44,10.0013,3.9115,7917662,633288022.0,16564010597.4,16564010597.4
2015-04-10,'600571,信雅达,74.39,74.61,63.33,66.98,67.83,6.56,9.6712,4.2085,8518870,612738679.0,15058007434.2,15058007434.2
2015-04-09,'600571,信雅达,67.83,69.66,61.12,67.03,67.91,-0.08,-0.1178,4.7954,9706845,616986931.0,13730133677.4,13730133677.4
2015-04-08,'600571,信雅达,67.91,70.83,64.76,68.79,66.01,1.9,2.8784,4.7264,9567164,653990204.0,13746327259.8,13746327259.8
2015-04-07,'600571,信雅达,66.01,66.01,60.5,60.5,60.01,6.0,9.9983,3.7128,7515373,486008782.0,13361729677.8,13361729677.8
2015-04-03,'600571,信雅达,60.01,63.33,59.7,61.2,62.03,-2.02,-3.2565,2.8189,5706042,348083079.0,12147210997.8,12147210997.8
2015-04-02,'600571,信雅达,62.03,62.8,59.1,59.57,59.77,2.26,3.7812,3.2294,6536867,398440959.0,12556098953.4,12556098953.4
2015-04-01,'600571,信雅达,59.77,60.1,55.0,56.02,55.97,3.8,6.7894,3.9737,8043650,461579640.0,12098630250.6,12098630250.6
2015-03-31,'600571,信雅达,55.97,56.85,54.0,54.93,54.89,1.08,1.9676,3.1615,6399445,356102956.0,11329435086.6,11329435086.6
2015-03-30,'600571,信雅达,54.89,57.8,54.03,56.32,56.92,-2.03,-3.5664,3.0004,6073347,335200109.0,11110821724.2,11110821724.2
2015-03-27,'600571,信雅达,56.92,58.04,54.4,56.55,56.67,0.25,0.4412,4.6338,9379666,527530730.0,11521733877.6,11521733877.6
2015-03-26,'600571,信雅达,56.67,61.0,56.65,60.2,62.94,-6.27,-9.9619,6.155,12458984,718360793.0,11471128932.6,11471128932.6
2015-03-25,'600571,信雅达,62.94,68.85,61.0,64.0,65.22,-2.28,-3.4959,4.7408,9596375,624885183.0,12740300953.2,12740300953.2
2015-03-24,'600571,信雅达,65.22,65.22,57.5,60.1,59.29,5.93,10.0017,5.7194,11577225,717796726.0,13201818051.6,13201818051.6
2015-03-23,'600571,信雅达,59.29,59.58,53.13,53.13,54.22,5.07,9.3508,4.3807,8867463,504986203.0,12001468756.2,12001468756.2
2015-03-20,'600571,信雅达,54.22,55.48,49.5,50.0,50.44,3.78,7.4941,3.8805,7854872,418996715.0,10975200471.6,10975200471.6
2015-03-19,'600571,信雅达,50.44,50.71,45.7,46.3,46.7,3.74,8.0086,3.8673,7828221,379984453.0,10210053703.2,10210053703.2
2015-03-18,'600571,信雅达,46.7,47.47,42.71,43.1,44.57,2.13,4.779,4.0962,8291520,375186194.0,9453003726.0,9453003726.0
2015-03-17,'600571,信雅达,44.57,46.36,43.68,44.91,44.9,-0.33,-0.735,3.5479,7181680,320774775.0,9021849594.6,9021849594.6
2015-03-16,'600571,信雅达,44.9,45.49,42.02,42.05,41.35,3.55,8.5852,5.6767,11490812,505240484.0,9088648122.0,9088648122.0
2015-03-13,'600571,信雅达,41.35,41.4,37.6,38.2,37.99,3.36,8.8444,4.0764,8251369,330585014.0,8370057903.0,8370057903.0
2015-03-12,'600571,信雅达,37.99,39.62,37.48,38.83,38.78,-0.79,-2.0371,2.0664,4182772,159746609.0,7689927442.2,7689927442.2
2015-03-11,'600571,信雅达,38.78,39.99,38.33,39.83,39.31,-0.53,-1.3483,1.9124,3871043,150271356.0,7849839068.4,7849839068.4
2015-03-10,'600571,信雅达,39.31,40.05,38.9,39.9,40.09,-0.78,-1.9456,2.6887,5442471,215476807.0,7957121551.8,7957121551.8
2015-03-09,'600571,信雅达,40.09,40.65,37.6,38.75,38.75,1.34,3.4581,2.684,5432917,213119065.0,8115008980.2,8115008980.2
2015-03-06,'600571,信雅达,38.75,41.43,38.45,40.8,40.9,-2.15,-5.2567,2.8447,5758206,226985330.0,7843766475.0,7843766475.0
2015-03-05,'600571,信雅达,40.9,43.2,40.25,42.0,42.35,-1.45,-3.4238,2.6979,5461068,226144910.0,8278969002.0,8278969002.0
2015-03-04,'600571,信雅达,42.35,44.3,42.0,42.8,43.16,-0.81,-1.8767,2.3806,4818732,207412216.0,8572477683.0,8572477683.0
2015-03-03,'600571,信雅达,43.16,45.2,42.11,43.18,43.18,-0.02,-0.0463,2.9003,5870757,257953139.0,8736437704.8,8736437704.8
2015-03-02,'600571,信雅达,43.18,44.44,40.61,42.0,41.51,1.67,4.0231,3.4082,6898963,293768306.0,8740486100.4,8740486100.4
2015-02-27,'600571,信雅达,41.51,42.3,39.9,41.2,41.62,-0.11,-0.2643,3.826,7744577,316672593.0,8402445067.8,8402445067.8
2015-02-26,'600571,信雅达,41.62,43.01,39.72,42.29,42.73,-1.11,-2.5977,3.2287,6535483,267990910.0,8424711243.6,8424711243.6
2015-02-25,'600571,信雅达,42.73,47.0,41.7,47.0,45.45,-2.72,-5.9846,2.3534,4763706,209652401.0,8649397199.4,8649397199.4
2015-02-17,'600571,信雅达,45.45,45.51,42.5,42.98,43.35,2.1,4.8443,2.2966,4648767,205106627.0,9199979001.0,9199979001.0
2015-02-16,'600571,信雅达,43.35,44.35,40.35,42.89,41.95,1.4,3.3373,3.1675,6411629,272021773.0,8774897463.0,8774897463.0
2015-02-13,'600571,信雅达,41.95,44.35,40.81,42.29,42.17,-0.22,-0.5217,2.5988,5260409,223731947.0,8491509771.0,8491509771.0
2015-02-12,'600571,信雅达,42.17,44.59,40.98,41.01,41.27,0.9,2.1808,3.3538,6788754,291958447.0,8536042122.6,8536042122.6
2015-02-11,'600571,信雅达,41.27,42.65,39.01,39.5,39.43,1.84,4.6665,3.2952,6670119,274857358.0,8353864320.6,8353864320.6
2015-02-10,'600571,信雅达,39.43,40.0,36.8,37.5,37.6,1.83,4.867,2.44,4938988,189111565.0,7981411925.4,7981411925.4
2015-02-09,'600571,信雅达,37.6,39.95,37.2,38.6,39.43,-1.83,-4.6411,2.726,5518044,211667521.0,7610983728.0,7610983728.0
2015-02-06,'600571,信雅达,39.43,44.7,38.55,44.0,42.8,-3.37,-7.8738,4.3656,8836861,360329119.0,7981411925.4,7981411925.4
2015-02-05,'600571,信雅达,42.8,42.8,37.49,38.0,38.91,3.89,9.9974,3.5984,7283888,300996902.0,8663566584.0,8663566584.0
