2016-02-05,'600556,慧球科技,0.0,0.0,0.0,0.0,15.8,None,None,0.0,0,0.0,6237740586.4,6237740586.4
2016-02-04,'600556,慧球科技,0.0,0.0,0.0,0.0,15.8,None,None,0.0,0,0.0,6237740586.4,6237740586.4
2016-02-03,'600556,慧球科技,0.0,0.0,0.0,0.0,15.8,None,None,0.0,0,0.0,6237740586.4,6237740586.4
2016-02-02,'600556,慧球科技,0.0,0.0,0.0,0.0,15.8,None,None,0.0,0,0.0,6237740586.4,6237740586.4
2016-02-01,'600556,慧球科技,0.0,0.0,0.0,0.0,15.8,None,None,0.0,0,0.0,6237740586.4,6237740586.4
2016-01-29,'600556,慧球科技,0.0,0.0,0.0,0.0,15.8,None,None,0.0,0,0.0,6237740586.4,6237740586.4
2016-01-28,'600556,慧球科技,0.0,0.0,0.0,0.0,15.8,None,None,0.0,0,0.0,6237740586.4,6237740586.4
2016-01-27,'600556,慧球科技,0.0,0.0,0.0,0.0,15.8,None,None,0.0,0,0.0,6237740586.4,6237740586.4
2016-01-26,'600556,慧球科技,0.0,0.0,0.0,0.0,15.8,None,None,0.0,0,0.0,6237740586.4,6237740586.4
2016-01-25,'600556,慧球科技,0.0,0.0,0.0,0.0,15.8,None,None,0.0,0,0.0,6237740586.4,6237740586.4
2016-01-22,'600556,慧球科技,0.0,0.0,0.0,0.0,15.8,None,None,0.0,0,0.0,6237740586.4,6237740586.4
2016-01-21,'600556,慧球科技,0.0,0.0,0.0,0.0,15.8,None,None,0.0,0,0.0,6237740586.4,6237740586.4
2016-01-20,'600556,慧球科技,0.0,0.0,0.0,0.0,15.8,None,None,0.0,0,0.0,6237740586.4,6237740586.4
2016-01-19,'600556,慧球科技,15.8,15.8,15.8,15.8,17.56,-1.76,-10.0228,0.6778,2676100,42282380.0,6237740586.4,6237740586.4
2016-01-18,'600556,慧球科技,17.56,18.87,16.94,16.99,18.7,-1.14,-6.0963,6.4675,25533155,455811946.0,6932577512.48,6932577512.48
2016-01-15,'600556,慧球科技,0.0,0.0,0.0,0.0,18.7,None,None,0.0,0,0.0,7382642339.6,7382642339.6
2016-01-14,'600556,慧球科技,0.0,0.0,0.0,0.0,18.7,None,None,0.0,0,0.0,7382642339.6,7382642339.6
2016-01-13,'600556,慧球科技,0.0,0.0,0.0,0.0,18.7,None,None,0.0,0,0.0,7382642339.6,7382642339.6
2016-01-12,'600556,慧球科技,18.7,20.94,18.7,20.0,20.78,-2.08,-10.0096,7.6124,30053380,572332736.0,7382642339.6,7382642339.6
2016-01-11,'600556,慧球科技,20.78,22.9,20.78,22.9,23.09,-2.31,-10.0043,5.0678,20007320,425585952.0,8203813252.24,8203813252.24
2016-01-08,'600556,慧球科技,23.09,23.53,20.2,23.22,22.33,0.76,3.4035,5.2321,20655875,470180148.0,9115786717.72,9115786717.72
2016-01-07,'600556,慧球科技,22.33,24.5,22.33,24.5,24.81,-2.48,-9.996,0.894,3529505,81796582.0,8815743499.64,8815743499.64
2016-01-06,'600556,慧球科技,24.81,25.19,23.58,24.85,24.69,0.12,0.486,3.5265,13922458,341226858.0,9794831895.48,9794831895.48
2016-01-05,'600556,慧球科技,24.69,25.8,22.2,22.2,24.43,0.26,1.0643,5.1915,20495584,493169984.0,9747456650.52,9747456650.52
2016-01-04,'600556,慧球科技,24.43,28.49,24.36,26.87,27.07,-2.64,-9.7525,4.1416,16350651,441953952.0,9644810286.44,9644810286.44
2015-12-31,'600556,慧球科技,27.07,27.43,26.45,27.15,27.1,-0.03,-0.1107,2.4997,9868761,266294240.0,10687065675.6,10687065675.6
2015-12-30,'600556,慧球科技,27.1,27.63,26.54,27.0,26.99,0.11,0.4076,3.1361,12381090,334681861.0,10698909486.8,10698909486.8
2015-12-29,'600556,慧球科技,26.99,27.32,25.85,26.0,25.71,1.28,4.9786,4.241,16743040,445126245.0,10655482178.9,10655482178.9
2015-12-28,'600556,慧球科技,25.71,27.93,25.4,27.86,27.78,-2.07,-7.4514,6.1626,24329373,648547684.0,10150146232.7,10150146232.7
2015-12-25,'600556,慧球科技,27.78,28.04,27.04,27.75,27.66,0.12,0.4338,1.9544,7715815,212974939.0,10967369208.2,10967369208.2
2015-12-24,'600556,慧球科技,27.66,28.08,26.65,27.07,27.63,0.03,0.1086,2.7544,10874007,296772875.0,10919993963.3,10919993963.3
2015-12-23,'600556,慧球科技,27.63,28.66,27.3,28.58,28.7,-1.07,-3.7282,3.5527,14026014,390603238.0,10908150152.0,10908150152.0
2015-12-22,'600556,慧球科技,28.7,29.01,27.77,28.98,28.96,-0.26,-0.8978,3.5284,13929785,395955318.0,11330579419.6,11330579419.6
2015-12-21,'600556,慧球科技,28.96,29.87,28.46,29.02,29.04,-0.08,-0.2755,3.7568,14831557,431270696.0,11433225783.7,11433225783.7
2015-12-18,'600556,慧球科技,29.04,29.35,27.15,27.3,27.3,1.74,6.3736,5.9445,23468529,668462604.0,11464809280.3,11464809280.3
2015-12-17,'600556,慧球科技,27.3,27.6,26.22,26.58,26.5,0.8,3.0189,5.2088,20564165,553371775.0,10777868228.4,10777868228.4
2015-12-16,'600556,慧球科技,26.5,27.8,26.35,27.5,26.91,-0.41,-1.5236,3.8395,15158280,407175942.0,10462033262.0,10462033262.0
2015-12-15,'600556,慧球科技,26.91,27.5,25.31,25.35,25.11,1.8,7.1685,5.9085,23326321,618541462.0,10623898682.3,10623898682.3
2015-12-14,'600556,慧球科技,25.11,26.99,23.88,26.0,26.34,-1.23,-4.6697,6.4226,25355931,639568402.0,9913270007.88,9913270007.88
2015-12-11,'600556,慧球科技,26.34,26.4,25.37,25.5,25.56,0.78,3.0516,4.2717,16864255,437111334.0,10398866268.7,10398866268.7
2015-12-10,'600556,慧球科技,25.56,26.92,25.36,26.49,26.21,-0.65,-2.48,5.0119,19786660,513858228.0,10090927176.5,10090927176.5
2015-12-09,'600556,慧球科技,26.21,27.87,25.7,27.06,27.08,-0.87,-3.2127,6.6351,26194935,699900432.0,10347543086.7,10347543086.7
2015-12-08,'600556,慧球科技,27.08,28.3,26.79,27.91,27.87,-0.79,-2.8346,6.2176,24546849,672868085.0,10691013612.6,10691013612.6
2015-12-07,'600556,慧球科技,27.87,27.87,26.0,26.0,25.34,2.53,9.9842,7.1259,28132630,764264758.0,11002900642.0,11002900642.0
2015-12-04,'600556,慧球科技,25.34,26.19,24.52,25.11,25.07,0.27,1.077,6.3891,25223908,642441101.0,10004072560.7,10004072560.7
2015-12-03,'600556,慧球科技,25.07,25.48,23.5,24.42,24.4,0.67,2.7459,5.0485,19931146,491832654.0,9897478259.56,9897478259.56
2015-12-02,'600556,慧球科技,24.4,25.09,22.35,24.3,24.49,-0.09,-0.3675,5.622,22195437,529057246.0,9632966475.2,9632966475.2
2015-12-01,'600556,慧球科技,24.49,26.1,23.81,24.85,23.82,0.67,2.8128,10.4487,41250898,1030259869.0,9668497908.92,9668497908.92
2015-11-30,'600556,慧球科技,23.82,23.82,21.5,21.51,21.65,2.17,10.0231,9.8966,39071004,901287861.0,9403986124.56,9403986124.56
2015-11-27,'600556,慧球科技,21.65,23.5,20.88,23.22,22.76,-1.11,-4.877,5.4066,21344937,476871946.0,8547283778.2,8547283778.2
2015-11-26,'600556,慧球科技,22.76,24.68,22.52,23.7,23.67,-0.91,-3.8445,5.8747,23192815,542542466.0,8985504794.08,8985504794.08
2015-11-25,'600556,慧球科技,23.67,24.68,22.92,23.2,23.03,0.64,2.779,7.7606,30638414,730899423.0,9344767068.36,9344767068.36
2015-11-24,'600556,慧球科技,23.03,23.05,20.7,20.9,20.95,2.08,9.9284,5.4037,21333311,467620061.0,9092099095.24,9092099095.24
2015-11-23,'600556,慧球科技,20.95,21.85,20.41,20.5,20.74,0.21,1.0125,5.1341,20269260,429750828.0,8270928182.6,8270928182.6
2015-11-20,'600556,慧球科技,20.74,20.96,19.15,19.3,19.33,1.41,7.2944,7.0761,27936067,566210653.0,8188021503.92,8188021503.92
2015-11-19,'600556,慧球科技,19.33,19.61,18.85,19.2,19.26,0.07,0.3634,3.679,14524358,279215786.0,7631362375.64,7631362375.64
2015-11-18,'600556,慧球科技,19.26,20.0,19.13,19.5,18.89,0.37,1.9587,6.0856,24025484,469518802.0,7603726816.08,7603726816.08
2015-11-17,'600556,慧球科技,18.89,20.04,18.86,19.68,19.44,-0.55,-2.8292,5.8634,23148275,444002925.0,7457653144.12,7457653144.12
2015-11-16,'600556,慧球科技,19.44,20.42,18.85,19.35,19.7,-0.26,-1.3198,7.8801,31110146,605066425.0,7674789683.52,7674789683.52
2015-11-13,'600556,慧球科技,19.7,19.99,18.23,18.81,18.81,0.89,4.7315,5.8258,22999842,440635886.0,7777436047.6,7777436047.6
2015-11-12,'600556,慧球科技,18.81,19.2,18.2,18.84,18.3,0.51,2.7869,5.4992,21710634,406420028.0,7426069647.48,7426069647.48
2015-11-11,'600556,慧球科技,18.3,18.3,16.88,17.1,16.64,1.66,9.976,8.3091,32803908,588376858.0,7224724856.4,7224724856.4
2015-11-10,'600556,慧球科技,16.64,17.45,16.16,16.8,16.89,-0.25,-1.4802,5.9083,23325616,391741315.0,6569367301.12,6569367301.12
2015-11-09,'600556,慧球科技,16.89,17.4,15.61,15.7,15.82,1.07,6.7636,8.0342,31718418,530467947.0,6668065728.12,6668065728.12
2015-11-06,'600556,慧球科技,15.82,16.07,14.42,14.6,14.61,1.21,8.282,8.2444,32548374,506491401.0,6245636460.56,6245636460.56
2015-11-05,'600556,慧球科技,14.61,14.88,13.88,13.98,13.98,0.63,4.5064,6.1477,24270622,349936838.0,5767936073.88,5767936073.88
2015-11-04,'600556,慧球科技,13.98,14.01,13.28,13.38,13.25,0.73,5.5094,4.0166,15857472,218955072.0,5519216037.84,5519216037.84
2015-11-03,'600556,慧球科技,13.25,13.67,13.09,13.15,13.16,0.09,0.6839,2.1576,8517915,113200947.0,5231016631.0,5231016631.0
2015-11-02,'600556,慧球科技,13.16,13.59,13.0,13.0,13.77,-0.61,-4.4299,3.2078,12664228,168686234.0,5195485197.28,5195485197.28
2015-10-30,'600556,慧球科技,13.77,14.18,13.63,14.18,14.13,-0.36,-2.5478,3.0016,11850028,163935303.0,5436309359.16,5436309359.16
2015-10-29,'600556,慧球科技,14.13,14.47,13.75,14.03,13.98,0.15,1.073,3.2934,13001952,183963481.0,5578435094.04,5578435094.04
2015-10-28,'600556,慧球科技,13.98,14.7,13.91,14.7,14.71,-0.73,-4.9626,4.5208,17847710,254131121.0,5519216037.84,5519216037.84
2015-10-27,'600556,慧球科技,14.71,14.97,14.01,14.97,14.76,-0.05,-0.3388,4.4877,17717140,258307276.0,5807415444.68,5807415444.68
2015-10-26,'600556,慧球科技,14.76,14.95,14.3,14.83,14.58,0.18,1.2346,5.3597,21159792,309501028.0,5827155130.08,5827155130.08
2015-10-23,'600556,慧球科技,14.58,14.78,14.1,14.41,14.53,0.05,0.3441,6.6114,26101465,376955237.0,5756092262.64,5756092262.64
2015-10-22,'600556,慧球科技,14.53,14.54,13.3,13.47,13.41,1.12,8.352,7.1562,28252277,393572608.0,5736352577.24,5736352577.24
2015-10-21,'600556,慧球科技,13.41,14.96,12.8,14.4,13.97,-0.56,-4.0086,10.5853,41790171,593136307.0,5294183624.28,5294183624.28
2015-10-20,'600556,慧球科技,13.97,14.16,13.02,13.25,13.23,0.74,5.5933,7.0869,27978717,382725378.0,5515268100.76,5515268100.76
2015-10-19,'600556,慧球科技,13.23,13.66,12.99,13.38,13.41,-0.18,-1.3423,9.5408,37666429,503539561.0,5223120756.84,5223120756.84
2015-10-16,'600556,慧球科技,13.41,13.41,11.94,12.2,12.19,1.22,10.0082,10.5525,41660788,528991238.0,5294183624.28,5294183624.28
2015-10-15,'600556,慧球科技,12.19,12.4,11.18,11.18,11.33,0.86,7.5905,7.014,27690762,327725484.0,4812535300.52,4812535300.52
2015-10-14,'600556,慧球科技,11.33,11.99,11.28,11.81,11.8,-0.47,-3.9831,5.9986,23682049,274733488.0,4473012711.64,4473012711.64
2015-10-13,'600556,慧球科技,11.8,12.08,11.1,11.2,11.54,0.26,2.253,6.3556,25091567,295904096.0,4658565754.4,4658565754.4
2015-10-12,'600556,慧球科技,11.54,11.71,10.84,10.85,10.68,0.86,8.0524,5.5658,21973252,248511201.0,4555919390.32,4555919390.32
2015-10-09,'600556,慧球科技,10.68,10.87,10.4,10.48,10.55,0.13,1.2322,3.8847,15336578,162310181.0,4216396801.44,4216396801.44
2015-10-08,'600556,慧球科技,10.55,10.68,10.27,10.45,10.05,0.5,4.9751,4.0622,16037184,168255969.0,4165073619.4,4165073619.4
2015-09-30,'600556,慧球科技,10.05,10.21,9.92,10.15,10.02,0.03,0.2994,2.0883,8244445,83223107.0,3967676765.4,3967676765.4
2015-09-29,'600556,慧球科技,10.02,10.12,9.8,9.89,10.16,-0.14,-1.378,2.405,9494770,94613832.0,3955832954.16,3955832954.16
2015-09-28,'600556,慧球科技,10.16,10.24,9.72,9.81,9.74,0.42,4.3121,2.5596,10105292,101140247.0,4011104073.28,4011104073.28
2015-09-25,'600556,慧球科技,9.74,10.59,9.61,10.3,10.34,-0.6,-5.8027,3.9158,15459148,154846030.0,3845290715.92,3845290715.92
2015-09-24,'600556,慧球科技,10.34,10.7,10.19,10.22,10.17,0.17,1.6716,3.6695,14486955,150608111.0,4082166940.72,4082166940.72
2015-09-23,'600556,慧球科技,10.17,10.44,9.86,9.96,10.24,-0.07,-0.6836,4.9183,19417028,196172299.0,4015052010.36,4015052010.36
2015-09-22,'600556,慧球科技,10.24,10.5,9.85,10.28,10.21,0.03,0.2938,6.2374,24624791,250216568.0,4042687569.92,4042687569.92
2015-09-21,'600556,慧球科技,10.21,10.29,9.41,9.48,9.68,0.53,5.4752,4.3745,17270340,172297110.0,4030843758.68,4030843758.68
2015-09-18,'600556,慧球科技,9.68,9.8,9.22,9.5,9.41,0.27,2.8693,3.0821,12167931,115788974.0,3821603093.44,3821603093.44
2015-09-17,'600556,慧球科技,9.41,10.19,9.38,9.7,9.53,-0.12,-1.2592,5.0564,19962323,196257229.0,3715008792.28,3715008792.28
2015-09-16,'600556,慧球科技,9.53,9.53,8.66,8.75,8.66,0.87,10.0462,4.541,17927392,162525802.0,3762384037.24,3762384037.24
2015-09-15,'600556,慧球科技,8.66,9.22,8.66,9.0,9.62,-0.96,-9.9792,5.0276,19848550,175501984.0,3418913511.28,3418913511.28
2015-09-14,'600556,慧球科技,9.62,10.8,9.62,10.69,10.69,-1.07,-10.0094,4.3213,17060090,171013920.0,3797915470.96,3797915470.96
2015-09-11,'600556,慧球科技,10.69,10.97,10.13,10.45,10.41,0.28,2.6897,5.0611,19981030,214403982.0,4220344738.52,4220344738.52
2015-09-10,'600556,慧球科技,10.41,10.8,10.35,10.5,10.76,-0.35,-3.2528,3.9184,15469713,163723866.0,4109802500.28,4109802500.28
2015-09-09,'600556,慧球科技,10.76,10.89,10.1,10.33,10.02,0.74,7.3852,7.3355,28960123,304848040.0,4247980298.08,4247980298.08
2015-09-08,'600556,慧球科技,10.02,10.02,8.86,9.01,9.11,0.91,9.989,4.7292,18670623,174476811.0,3955832954.16,3955832954.16
2015-09-07,'600556,慧球科技,9.11,9.38,8.93,8.98,8.66,0.45,5.1963,4.0829,16119227,147479225.0,3596570679.88,3596570679.88
2015-09-02,'600556,慧球科技,8.66,9.71,8.33,8.6,9.09,-0.43,-4.7305,5.6044,22125808,197455754.0,3418913511.28,3418913511.28
2015-09-01,'600556,慧球科技,9.09,9.73,9.09,9.65,10.1,-1.01,-10.0,8.4937,33532721,307858263.0,3588674805.72,3588674805.72
2015-08-31,'600556,慧球科技,10.1,11.05,10.07,10.39,11.19,-1.09,-9.7408,8.6736,34242771,362666610.0,3987416450.8,3987416450.8
2015-08-28,'600556,慧球科技,11.19,11.35,9.9,10.88,10.53,0.66,6.2678,12.5813,49670111,523894745.0,4417741592.52,4417741592.52
2015-08-27,'600556,慧球科技,10.53,10.8,9.34,10.4,10.38,0.15,1.4451,6.2885,24826633,249829875.0,4157177745.24,4157177745.24
2015-08-26,'600556,慧球科技,10.38,11.78,10.38,11.2,11.53,-1.15,-9.974,6.4978,25652716,276175513.0,4097958689.04,4097958689.04
2015-08-25,'600556,慧球科技,11.53,11.78,11.53,11.53,12.81,-1.28,-9.9922,2.3267,9185733,106032132.0,4551971453.24,4551971453.24
2015-08-24,'600556,慧球科技,12.81,13.42,12.81,13.4,14.23,-1.42,-9.9789,2.2844,9018839,116350967.0,5057307399.48,5057307399.48
2015-08-21,'600556,慧球科技,14.23,14.88,13.5,13.9,14.37,-0.14,-0.9743,4.689,18511710,261382553.0,5617914464.84,5617914464.84
2015-08-20,'600556,慧球科技,14.37,15.43,14.35,14.98,15.12,-0.75,-4.9603,3.8849,15337394,229159023.0,5673185583.96,5673185583.96
2015-08-19,'600556,慧球科技,15.12,15.46,13.56,13.78,15.07,0.05,0.3318,5.9309,23414877,333004840.0,5969280864.96,5969280864.96
2015-08-18,'600556,慧球科技,15.07,16.73,15.07,16.73,16.74,-1.67,-9.9761,5.4264,21422895,341184008.0,5949541179.56,5949541179.56
2015-08-17,'600556,慧球科技,16.74,16.97,16.15,16.96,17.12,-0.38,-2.2196,5.3203,21004184,347567096.0,6608846671.92,6608846671.92
2015-08-14,'600556,慧球科技,17.12,17.35,16.12,16.41,16.36,0.76,4.6455,6.8504,27044980,449210997.0,6758868280.96,6758868280.96
2015-08-13,'600556,慧球科技,16.36,16.56,15.0,15.8,15.88,0.48,3.0227,7.3005,28821746,457577357.0,6458825062.88,6458825062.88
2015-08-12,'600556,慧球科技,15.88,16.43,15.65,16.19,16.26,-0.38,-2.337,5.4995,21711877,347669664.0,6269324083.04,6269324083.04
2015-08-11,'600556,慧球科技,16.26,16.88,15.68,15.94,15.97,0.29,1.8159,7.3325,28948295,469319017.0,6419345692.08,6419345692.08
2015-08-10,'600556,慧球科技,15.97,16.12,15.2,15.81,15.08,0.89,5.9019,8.6581,34181610,535436939.0,6304855516.76,6304855516.76
2015-08-07,'600556,慧球科技,15.08,15.1,13.82,14.15,13.96,1.12,8.0229,6.8107,26888076,390433029.0,5953489116.64,5953489116.64
2015-08-06,'600556,慧球科技,13.96,14.38,12.6,12.7,13.23,0.73,5.5178,5.1331,20265304,274835540.0,5511320163.68,5511320163.68
2015-08-05,'600556,慧球科技,13.23,13.96,12.88,13.6,13.44,-0.21,-1.5625,4.6725,18446602,248818984.0,5223120756.84,5223120756.84
2015-08-04,'600556,慧球科技,13.44,13.44,12.27,12.41,12.22,1.22,9.9836,4.9372,19491723,251420147.0,5306027435.52,5306027435.52
2015-08-03,'600556,慧球科技,12.22,13.36,12.14,13.08,13.49,-1.27,-9.4144,4.8203,19030313,235978807.0,4824379111.76,4824379111.76
2015-07-31,'600556,慧球科技,13.49,14.12,13.02,13.8,14.13,-0.64,-4.5294,3.3075,13057994,178125340.0,5325767120.92,5325767120.92
2015-07-30,'600556,慧球科技,14.13,15.18,13.81,14.9,15.07,-0.94,-6.2376,4.57,18042161,266440653.0,5578435094.04,5578435094.04
2015-07-29,'600556,慧球科技,15.07,15.18,13.0,14.85,14.25,0.82,5.7544,5.5578,21941838,310476957.0,5949541179.56,5949541179.56
2015-07-28,'600556,慧球科技,14.25,15.78,14.25,14.31,15.83,-1.58,-9.981,7.3049,28839166,418199272.0,5625810339.0,5625810339.0
2015-07-27,'600556,慧球科技,15.83,17.59,15.83,17.0,17.59,-1.76,-10.0057,6.0305,23807914,395977406.0,6249584397.64,6249584397.64
2015-07-24,'600556,慧球科技,17.59,18.99,17.35,18.5,18.29,-0.7,-3.8272,7.7998,30793063,564443622.0,6944421323.72,6944421323.72
2015-07-23,'600556,慧球科技,18.29,18.39,17.1,17.1,17.01,1.28,7.525,8.4701,33439585,593605941.0,7220776919.32,7220776919.32
2015-07-22,'600556,慧球科技,17.01,17.3,16.3,17.29,17.1,-0.09,-0.5263,5.217,20596312,347533818.0,6715440973.08,6715440973.08
2015-07-21,'600556,慧球科技,17.1,17.15,15.8,16.05,16.4,0.7,4.2683,5.6764,22409874,373961434.0,6750972406.8,6750972406.8
2015-07-20,'600556,慧球科技,16.4,17.0,15.72,16.0,16.04,0.36,2.2444,6.0025,23697676,388189327.0,6474616811.2,6474616811.2
2015-07-17,'600556,慧球科技,16.04,16.49,14.7,15.15,14.99,1.05,7.0047,5.8729,23185875,364325876.0,6332491076.32,6332491076.32
2015-07-16,'600556,慧球科技,14.99,16.34,14.25,14.25,15.83,-0.84,-5.3064,7.5614,29852079,449263128.0,5917957682.92,5917957682.92
2015-07-15,'600556,慧球科技,15.83,17.45,15.83,17.0,17.59,-1.76,-10.0057,5.1813,20455461,333811808.0,6249584397.64,6249584397.64
2015-07-14,'600556,慧球科技,17.59,19.3,16.7,17.0,17.55,0.04,0.2279,12.3317,48684710,878652446.0,6944421323.72,6944421323.72
2015-07-13,'600556,慧球科技,17.55,17.55,15.54,16.21,15.95,1.6,10.0313,12.4888,49304947,823122532.0,6928629575.4,6928629575.4
2015-07-10,'600556,慧球科技,15.95,15.95,13.68,14.69,14.5,1.45,10.0,11.1744,44115838,686454636.0,6296959642.6,6296959642.6
2015-07-09,'600556,慧球科技,14.5,14.5,11.86,11.86,13.18,1.32,10.0152,12.6135,49797345,644043986.0,5724508766.0,5724508766.0
2015-07-08,'600556,慧球科技,0.0,0.0,0.0,0.0,13.18,None,None,0.0,0,0.0,5203381071.44,5203381071.44
2015-07-07,'600556,慧球科技,13.18,13.18,13.18,13.18,14.64,-1.46,-9.9727,0.2239,884100,11652438.0,5203381071.44,5203381071.44
2015-07-06,'600556,慧球科技,14.64,17.5,14.64,17.3,16.27,-1.63,-10.0184,6.1044,24099643,371856642.0,5779779885.12,5779779885.12
2015-07-03,'600556,慧球科技,16.27,17.18,16.27,16.31,18.08,-1.81,-10.0111,4.7726,18841883,309787211.0,6423293629.16,6423293629.16
2015-07-02,'600556,慧球科技,18.08,20.3,18.08,20.0,20.09,-2.01,-10.005,4.9527,19553029,370856410.0,7137870240.64,7137870240.64
2015-07-01,'600556,慧球科技,20.09,21.7,18.88,19.25,19.81,0.28,1.4134,7.5718,29893009,616052169.0,7931405593.72,7931405593.72
2015-06-30,'600556,慧球科技,19.81,20.12,17.15,18.14,19.05,0.76,3.9895,6.2617,24720645,454184157.0,7820863355.48,7820863355.48
2015-06-29,'600556,慧球科技,19.05,21.72,19.05,21.72,21.17,-2.12,-10.0142,5.3215,21008791,411898921.0,7520820137.4,7520820137.4
2015-06-26,'600556,慧球科技,21.17,22.5,21.17,22.41,23.52,-2.35,-9.9915,4.301,16980251,362413056.0,8357782798.36,8357782798.36
2015-06-25,'600556,慧球科技,23.52,26.36,23.48,26.13,26.09,-2.57,-9.8505,4.3597,17211790,435011679.0,9285548012.16,9285548012.16
2015-06-24,'600556,慧球科技,26.09,26.94,25.0,26.01,25.58,0.51,1.9937,3.9668,15660749,407710559.0,10300167841.7,10300167841.7
2015-06-23,'600556,慧球科技,25.58,26.86,24.38,26.85,27.09,-1.51,-5.574,4.656,18381639,463899447.0,10098823050.6,10098823050.6
2015-06-19,'600556,慧球科技,27.09,29.69,27.09,29.69,30.1,-3.01,-10.0,3.3585,13259332,375333441.0,10694961549.7,10694961549.7
2015-06-18,'600556,慧球科技,30.1,32.15,30.0,31.71,31.96,-1.86,-5.8198,2.5404,10029213,311868188.0,11883290610.8,11883290610.8
2015-06-17,'600556,慧球科技,31.96,32.09,29.25,31.15,31.18,0.78,2.5016,4.2455,16761015,514824498.0,12617606907.7,12617606907.7
2015-06-16,'600556,慧球科技,31.18,32.72,30.21,32.72,33.47,-2.29,-6.8419,4.465,17627507,555570774.0,12309667815.4,12309667815.4
2015-06-15,'600556,慧球科技,33.47,35.5,32.9,35.5,35.56,-2.09,-5.8774,5.5735,22003761,751007047.0,13213745406.8,13213745406.8
2015-06-12,'600556,慧球科技,35.56,36.98,34.68,35.55,35.51,0.05,0.1408,5.5145,21770839,780978702.0,14038864256.5,14038864256.5
2015-06-11,'600556,慧球科技,35.51,35.91,32.38,32.5,32.94,2.57,7.8021,5.8243,22994137,778690809.0,14019124571.1,14019124571.1
2015-06-10,'600556,慧球科技,32.94,34.29,30.2,30.8,31.19,1.75,5.6108,5.1998,20528504,668754562.0,13004504741.5,13004504741.5
2015-06-09,'600556,慧球科技,31.19,31.51,29.7,30.0,30.51,0.68,2.2288,5.7091,22539316,695792166.0,12313615752.5,12313615752.5
2015-06-08,'600556,慧球科技,30.51,31.48,28.92,29.7,29.72,0.79,2.6581,7.1937,28400307,865137686.0,12045156031.1,12045156031.1
2015-06-05,'600556,慧球科技,29.72,29.99,27.05,27.67,27.35,2.37,8.6654,6.5474,25848777,738707221.0,11733269001.8,11733269001.8
2015-06-04,'600556,慧球科技,27.35,28.09,25.2,27.6,27.66,-0.31,-1.1208,4.082,16115369,435449778.0,10797607913.8,10797607913.8
2015-06-03,'600556,慧球科技,27.66,28.87,27.1,28.3,28.32,-0.66,-2.3305,5.102,20142540,565465995.0,10919993963.3,10919993963.3
2015-06-02,'600556,慧球科技,28.32,28.75,27.75,27.76,26.14,2.18,8.3397,5.6712,22389683,631053871.0,11180557810.6,11180557810.6
2015-06-01,'600556,慧球科技,26.14,26.65,24.55,25.25,25.19,0.95,3.7713,4.957,19570039,504467026.0,10319907527.1,10319907527.1
2015-05-29,'600556,慧球科技,25.19,26.39,23.77,25.44,26.39,-1.2,-4.5472,6.8091,26881936,677995200.0,9944853504.52,9944853504.52
2015-05-28,'600556,慧球科技,26.39,29.99,26.39,29.3,29.32,-2.93,-9.9932,7.2411,28587408,806380620.0,10418605954.1,10418605954.1
2015-05-27,'600556,慧球科技,29.32,29.8,27.73,28.31,28.25,1.07,3.7876,8.6101,33992165,989073854.0,11575351518.6,11575351518.6
2015-05-26,'600556,慧球科技,28.25,28.25,25.76,25.76,25.68,2.57,10.0078,8.4118,33209250,917168329.0,11152922251.0,11152922251.0
2015-05-25,'600556,慧球科技,25.68,25.9,24.56,25.0,25.02,0.66,2.6379,6.2586,24708637,623239993.0,10138302421.4,10138302421.4
2015-05-22,'600556,慧球科技,25.02,25.98,24.63,25.18,25.07,-0.05,-0.1994,4.368,17244693,433301367.0,9877738574.16,9877738574.16
2015-05-21,'600556,慧球科技,25.07,25.1,24.3,24.39,24.47,0.6,2.452,4.4834,17700268,437883454.0,9897478259.56,9897478259.56
2015-05-20,'600556,慧球科技,24.47,25.35,24.0,24.26,24.28,0.19,0.7825,3.7962,14987105,370135179.0,9660602034.76,9660602034.76
2015-05-19,'600556,慧球科技,24.28,24.99,23.61,23.88,23.94,0.34,1.4202,3.1415,12402461,301137878.0,9585591230.24,9585591230.24
2015-05-18,'600556,慧球科技,23.94,24.02,23.5,23.9,24.08,-0.14,-0.5814,2.7332,10790650,256238834.0,9451361369.52,9451361369.52
2015-05-15,'600556,慧球科技,24.08,25.0,24.02,25.0,25.15,-1.07,-4.2545,3.2812,12953974,315164326.0,9506632488.64,9506632488.64
2015-05-14,'600556,慧球科技,25.15,26.28,25.0,25.5,24.92,0.23,0.923,4.4191,17446215,444612089.0,9929061756.2,9929061756.2
2015-05-13,'600556,慧球科技,24.92,25.76,23.8,24.17,24.18,0.74,3.0604,5.2917,20891159,520174250.0,9838259203.36,9838259203.36
2015-05-12,'600556,慧球科技,24.18,24.38,23.75,24.09,24.09,0.09,0.3736,3.8114,15047251,360955811.0,9546111859.44,9546111859.44
2015-05-11,'600556,慧球科技,24.09,24.29,22.0,23.02,23.2,0.89,3.8362,5.3018,20931041,483251121.0,9510580425.72,9510580425.72
2015-05-08,'600556,慧球科技,23.2,24.2,22.5,23.6,23.57,-0.37,-1.5698,4.2223,16669238,382992120.0,9159214025.6,9159214025.6
2015-05-07,'600556,慧球科技,23.57,24.9,23.4,24.4,24.4,-0.83,-3.4016,3.1757,12537437,302873990.0,9305287697.56,9305287697.56
2015-05-06,'600556,慧球科技,24.4,25.6,23.59,24.1,23.5,0.9,3.8298,5.2937,20899300,514450010.0,9632966475.2,9632966475.2
2015-05-05,'600556,慧球科技,23.5,24.8,23.06,23.9,24.02,-0.52,-2.1649,3.2358,12774777,306965194.0,9277652138.0,9277652138.0
2015-05-04,'600556,慧球科技,24.02,24.49,22.42,22.85,22.89,1.13,4.9367,3.4925,13787975,321129559.0,9482944866.16,9482944866.16
2015-04-30,'600556,慧球科技,22.89,23.58,22.32,23.43,22.86,0.03,0.1312,3.4668,13686734,313328976.0,9036827976.12,9036827976.12
2015-04-29,'600556,慧球科技,22.86,23.18,22.16,22.5,22.88,-0.02,-0.0874,2.4374,9622740,218564599.0,9024984164.88,9024984164.88
2015-04-28,'600556,慧球科技,22.88,23.79,22.5,23.16,23.15,-0.27,-1.1663,3.6462,14395165,331642325.0,9032880039.04,9032880039.04
2015-04-27,'600556,慧球科技,23.15,24.3,22.44,22.51,22.44,0.71,3.164,5.9254,23393303,546123932.0,9139474340.2,9139474340.2
2015-04-24,'600556,慧球科技,22.44,22.65,20.39,20.95,20.96,1.48,7.0611,5.0703,20017318,436103421.0,8859170807.52,8859170807.52
2015-04-23,'600556,慧球科技,20.96,21.7,20.69,21.7,21.05,-0.09,-0.4276,5.1735,20424832,432717450.0,8274876119.68,8274876119.68
2015-04-22,'600556,慧球科技,21.05,21.05,19.18,19.18,19.14,1.91,9.9791,7.268,28693432,587924444.0,8310407553.4,8310407553.4
2015-04-21,'600556,慧球科技,19.14,19.18,18.6,18.91,18.87,0.27,1.4308,2.6412,10427270,197732742.0,7556351571.12,7556351571.12
2015-04-20,'600556,慧球科技,18.87,19.29,18.8,19.29,19.23,-0.36,-1.8721,3.2289,12747398,241683811.0,7449757269.96,7449757269.96
2015-04-17,'600556,慧球科技,19.23,19.5,18.97,19.38,19.32,-0.09,-0.4658,3.2969,13015853,249933116.0,7591883004.84,7591883004.84
2015-04-16,'600556,慧球科技,19.32,19.6,18.35,19.1,19.3,0.02,0.1036,3.1452,12417007,238180868.0,7627414438.56,7627414438.56
2015-04-15,'600556,慧球科技,19.3,19.9,19.01,19.3,19.09,0.21,1.1001,3.8703,15279745,296691087.0,7619518564.4,7619518564.4
2015-04-14,'600556,慧球科技,19.09,19.35,19.0,19.33,19.37,-0.28,-1.4455,2.727,10766113,205816287.0,7536611885.72,7536611885.72
2015-04-13,'600556,慧球科技,19.37,20.15,19.05,19.69,19.19,0.18,0.938,4.6928,18527035,359612028.0,7647154123.96,7647154123.96
2015-04-10,'600556,慧球科技,19.19,19.2,18.77,18.98,18.98,0.21,1.1064,3.2781,12941770,245171631.0,7576091256.52,7576091256.52
2015-04-09,'600556,慧球科技,18.98,19.55,18.2,18.7,18.56,0.42,2.2629,4.2314,16705114,315890309.0,7493184577.84,7493184577.84
2015-04-08,'600556,慧球科技,18.56,19.13,17.93,19.0,19.1,-0.54,-2.8272,4.5701,18042661,335218397.0,7327371220.48,7327371220.48
2015-04-07,'600556,慧球科技,19.1,19.98,19.0,19.42,19.44,-0.34,-1.749,5.1995,20527150,399945786.0,7540559822.8,7540559822.8
2015-04-03,'600556,慧球科技,19.44,19.55,18.5,18.91,18.9,0.54,2.8571,6.0874,24032687,459221496.0,7674789683.52,7674789683.52
2015-04-02,'600556,慧球科技,18.9,19.21,17.8,17.8,17.7,1.2,6.7797,5.3027,20934704,385114834.0,7461601081.2,7461601081.2
2015-04-01,'600556,慧球科技,17.7,17.89,17.42,17.5,17.58,0.12,0.6826,2.1616,8533978,150454507.0,6987848631.6,6987848631.6
2015-03-31,'600556,慧球科技,17.58,18.22,17.55,18.22,17.94,-0.36,-2.0067,3.057,12068829,214320302.0,6940473386.64,6940473386.64
2015-03-30,'600556,慧球科技,17.94,18.11,17.18,17.53,17.22,0.72,4.1812,5.238,20679160,366822450.0,7082599121.52,7082599121.52
2015-03-27,'600556,慧球科技,17.22,17.52,16.8,17.05,17.05,0.17,0.9971,2.4841,9807140,168997778.0,6798347651.76,6798347651.76
2015-03-26,'600556,慧球科技,17.05,17.73,16.55,17.65,17.54,-0.49,-2.7936,4.6965,18541424,316399423.0,6731232721.4,6731232721.4
2015-03-25,'600556,慧球科技,17.54,18.05,17.4,17.84,17.89,-0.35,-1.9564,3.6362,14355451,254049635.0,6924681638.32,6924681638.32
2015-03-24,'600556,慧球科技,17.89,18.1,17.16,17.16,17.08,0.81,4.7424,7.1383,28181624,497521160.0,7062859436.12,7062859436.12
2015-03-23,'600556,慧球科技,17.08,17.51,15.85,16.0,16.06,1.02,6.3512,6.566,25922011,432952221.0,6743076532.64,6743076532.64
2015-03-20,'600556,慧球科技,16.06,16.27,15.96,16.07,16.07,-0.01,-0.0622,2.6428,10433724,167548682.0,6340386950.48,6340386950.48
2015-03-19,'600556,慧球科技,16.07,16.4,15.95,16.16,16.16,-0.09,-0.5569,3.6106,14254490,229552902.0,6344334887.56,6344334887.56
2015-03-18,'600556,慧球科技,16.16,16.26,16.0,16.26,16.37,-0.21,-1.2828,2.9625,11695866,188652834.0,6379866321.28,6379866321.28
2015-03-17,'600556,慧球科技,16.37,16.4,15.85,16.3,16.48,-0.11,-0.6675,6.0907,24045854,386826033.0,6462772999.96,6462772999.96
2015-03-16,'600556,慧球科技,16.48,17.17,16.35,16.53,16.47,0.01,0.0607,4.7117,18601380,308986912.0,6506200307.84,6506200307.84
2015-03-13,'600556,慧球科技,16.47,16.59,15.8,15.8,15.76,0.71,4.5051,2.3209,9162702,148682854.0,6502252370.76,6502252370.76
2015-03-12,'600556,慧球科技,15.76,15.92,15.57,15.66,15.93,-0.17,-1.0672,1.4563,5749464,90271785.0,6221948838.08,6221948838.08
2015-03-11,'600556,慧球科技,15.93,16.18,15.51,15.98,16.06,-0.13,-0.8095,2.4185,9548069,150723775.0,6289063768.44,6289063768.44
2015-03-10,'600556,慧球科技,16.06,16.46,15.91,16.28,16.36,-0.3,-1.8337,2.6198,10342611,166448150.0,6340386950.48,6340386950.48
2015-03-09,'600556,慧球科技,16.36,16.45,15.5,16.02,16.07,0.29,1.8046,2.9191,11524563,186581933.0,6458825062.88,6458825062.88
2015-03-06,'600556,慧球科技,16.07,16.3,15.66,15.85,15.84,0.23,1.452,2.8192,11130006,177954209.0,6344334887.56,6344334887.56
2015-03-05,'600556,慧球科技,15.84,16.5,15.52,15.52,15.52,0.32,2.0619,5.4697,21594203,348637365.0,6253532334.72,6253532334.72
2015-03-04,'600556,慧球科技,15.52,15.99,15.18,15.73,15.7,-0.18,-1.1465,4.2009,16584901,257568058.0,6127198348.16,6127198348.16
2015-03-03,'600556,慧球科技,15.7,15.71,14.29,14.3,14.28,1.42,9.944,8.9886,35486469,546261927.0,6198261215.6,6198261215.6
2015-03-02,'600556,慧球科技,14.28,14.5,13.7,13.7,13.69,0.59,4.3097,3.1564,12461265,177084513.0,5637654150.24,5637654150.24
2015-02-27,'600556,慧球科技,13.69,13.8,13.6,13.64,13.64,0.05,0.3666,1.0826,4274118,58399043.0,5404725862.52,5404725862.52
2015-02-26,'600556,慧球科技,13.64,13.82,13.61,13.71,13.71,-0.07,-0.5106,0.9416,3717550,50858269.0,5384986177.12,5384986177.12
2015-02-25,'600556,慧球科技,13.71,13.86,13.35,13.35,13.44,0.27,2.0089,1.7701,6988300,95946215.0,5412621736.68,5412621736.68
2015-02-17,'600556,慧球科技,13.44,13.78,13.26,13.55,13.55,-0.11,-0.8118,1.4198,5605461,75326931.0,5306027435.52,5306027435.52
2015-02-16,'600556,慧球科技,13.55,13.61,13.15,13.19,13.12,0.43,3.2774,1.9676,7768116,104781189.0,5349454743.4,5349454743.4
2015-02-13,'600556,慧球科技,13.12,13.15,12.52,12.52,12.51,0.61,4.8761,1.464,5779610,74554503.0,5179693448.96,5179693448.96
2015-02-12,'600556,慧球科技,12.51,12.87,12.42,12.51,12.52,-0.01,-0.0799,1.2686,5008187,62974098.0,4938869287.08,4938869287.08
2015-02-11,'600556,慧球科技,12.52,12.95,12.46,12.63,12.62,-0.1,-0.7924,1.1555,4561988,57587954.0,4942817224.16,4942817224.16
2015-02-10,'600556,慧球科技,12.62,12.63,12.25,12.43,12.43,0.19,1.5286,0.7731,3051971,38015998.0,4982296594.96,4982296594.96
2015-02-09,'600556,慧球科技,12.43,12.8,12.3,12.76,12.79,-0.36,-2.8147,1.0929,4314614,53776769.0,4907285790.44,4907285790.44
2015-02-06,'600556,慧球科技,12.79,12.95,12.31,12.87,12.85,-0.06,-0.4669,1.5498,6118548,77137586.0,5049411525.32,5049411525.32
2015-02-05,'600556,慧球科技,12.85,13.6,12.8,13.51,13.5,-0.65,-4.8148,2.4217,9560787,125861678.0,5073099147.8,5073099147.8
2016-02-15,'600556,慧球科技,0.0,0.0,0.0,0.0,15.8,None,None,0.0,0,0.0,6237740586.4,6237740586.4

