2016-02-05,'600545,新疆城建,7.36,7.5,7.33,7.41,7.45,-0.09,-1.2081,1.149,7764554,57643156.0,4973783326.08,4973783326.08
2016-02-04,'600545,新疆城建,7.45,7.56,7.28,7.29,7.28,0.17,2.3352,1.6608,11223156,83174124.0,5034604046.1,5034604046.1
2016-02-03,'600545,新疆城建,7.28,7.35,7.12,7.24,7.25,0.03,0.4138,1.4121,9542461,69264417.0,4919720463.84,4919720463.84
2016-02-02,'600545,新疆城建,7.25,7.33,7.05,7.16,7.04,0.21,2.983,1.2679,8568314,62012789.0,4899446890.5,4899446890.5
2016-02-01,'600545,新疆城建,7.04,7.25,6.87,7.06,7.05,-0.01,-0.1418,1.3753,9294346,65792145.0,4757531877.12,4757531877.12
2016-01-29,'600545,新疆城建,7.05,7.15,6.78,6.78,6.75,0.3,4.4444,1.5848,10709703,74733071.0,4764289734.9,4764289734.9
2016-01-28,'600545,新疆城建,6.75,7.43,6.72,7.39,7.45,-0.7,-9.396,1.6496,11147861,79091165.0,4561554001.5,4561554001.5
2016-01-27,'600545,新疆城建,7.45,7.79,7.0,7.77,7.69,-0.24,-3.1209,2.1703,14666278,109012024.0,5034604046.1,5034604046.1
2016-01-26,'600545,新疆城建,7.69,8.6,7.69,8.38,8.54,-0.85,-9.9532,2.4137,16311648,133117080.0,5196792632.82,5196792632.82
2016-01-25,'600545,新疆城建,8.54,8.66,8.41,8.43,8.41,0.13,1.5458,1.7494,11822129,100647557.0,5771210544.12,5771210544.12
2016-01-22,'600545,新疆城建,8.41,8.54,8.12,8.33,8.39,0.02,0.2384,2.0096,13580417,113866960.0,5683358392.98,5683358392.98
2016-01-21,'600545,新疆城建,8.39,8.96,8.12,8.21,8.39,0.0,0.0,2.798,18908657,160696218.0,5669842677.42,5669842677.42
2016-01-20,'600545,新疆城建,8.39,8.55,8.27,8.45,8.51,-0.12,-1.4101,2.1003,14193837,119538225.0,5669842677.42,5669842677.42
2016-01-19,'600545,新疆城建,8.51,8.6,8.04,8.11,8.12,0.39,4.803,2.3933,16173596,135726869.0,5750936970.78,5750936970.78
2016-01-18,'600545,新疆城建,8.12,8.2,7.75,7.75,7.98,0.14,1.7544,1.4076,9512555,76715228.0,5487380517.36,5487380517.36
2016-01-15,'600545,新疆城建,7.98,8.44,7.9,8.44,8.41,-0.43,-5.113,1.9926,13465991,109715384.0,5392770508.44,5392770508.44
2016-01-14,'600545,新疆城建,8.41,8.43,7.7,7.78,8.13,0.28,3.444,2.1291,14388181,116610561.0,5683358392.98,5683358392.98
2016-01-13,'600545,新疆城建,8.13,8.58,8.12,8.52,8.29,-0.16,-1.93,2.1807,14736944,123822611.0,5494138375.14,5494138375.14
2016-01-12,'600545,新疆城建,8.29,8.46,7.93,8.25,8.21,0.08,0.9744,1.9098,12906279,106011965.0,5602264099.62,5602264099.62
2016-01-11,'600545,新疆城建,8.21,9.15,8.18,8.79,8.91,-0.7,-7.8563,2.4133,16309047,142264913.0,5548201237.38,5548201237.38
2016-01-08,'600545,新疆城建,8.91,9.25,8.3,9.1,8.86,0.05,0.5643,2.4436,16513528,147769238.0,6021251281.98,6021251281.98
2016-01-07,'600545,新疆城建,8.86,9.7,8.86,9.7,9.84,-0.98,-9.9593,0.6324,4273800,39023381.0,5987461993.08,5987461993.08
2016-01-06,'600545,新疆城建,9.84,9.87,9.55,9.55,9.52,0.32,3.3613,1.981,13387507,130084920.0,6649732055.52,6649732055.52
2016-01-05,'600545,新疆城建,9.52,9.95,9.06,9.45,9.96,-0.44,-4.4177,3.1611,21362539,203197649.0,6433480606.56,6433480606.56
2016-01-04,'600545,新疆城建,9.96,11.14,9.96,11.04,11.07,-1.11,-10.0271,1.7315,11701154,122928472.0,6730826348.88,6730826348.88
2015-12-31,'600545,新疆城建,11.07,11.23,11.0,11.18,11.19,-0.12,-1.0724,1.3151,8887151,98984315.0,7480948562.46,7480948562.46
2015-12-30,'600545,新疆城建,11.19,11.25,11.05,11.13,11.22,-0.03,-0.2674,1.8412,12442656,138634302.0,7562042855.82,7562042855.82
2015-12-29,'600545,新疆城建,11.22,11.24,10.89,11.05,11.02,0.2,1.8149,1.8154,12268103,135608052.0,7582316429.16,7582316429.16
2015-12-28,'600545,新疆城建,11.02,11.44,11.01,11.38,11.34,-0.32,-2.8219,2.6469,17887620,201351408.0,7447159273.56,7447159273.56
2015-12-25,'600545,新疆城建,11.34,11.49,11.28,11.36,11.33,0.01,0.0883,1.8355,12404359,140837784.0,7663410722.52,7663410722.52
2015-12-24,'600545,新疆城建,11.33,11.6,11.16,11.49,11.6,-0.27,-2.3276,2.5052,16929846,191804082.0,7656652864.74,7656652864.74
2015-12-23,'600545,新疆城建,11.6,12.1,11.59,11.97,11.8,-0.2,-1.6949,3.6386,24589239,292125753.0,7839115024.8,7839115024.8
2015-12-22,'600545,新疆城建,11.8,11.84,11.63,11.77,11.77,0.03,0.2549,2.9347,19832249,232817535.0,7974272180.4,7974272180.4
2015-12-21,'600545,新疆城建,11.77,11.92,11.52,11.64,11.64,0.13,1.1168,3.288,22219651,260590701.0,7953998607.06,7953998607.06
2015-12-18,'600545,新疆城建,11.64,11.85,11.46,11.6,11.62,0.02,0.1721,3.1654,21391345,249132903.0,7866146455.92,7866146455.92
2015-12-17,'600545,新疆城建,11.62,11.68,11.33,11.33,11.32,0.3,2.6502,3.1937,21582633,249325048.0,7852630740.36,7852630740.36
2015-12-16,'600545,新疆城建,11.32,11.48,11.26,11.37,11.3,0.02,0.177,1.8164,12274681,139562176.0,7649895006.96,7649895006.96
2015-12-15,'600545,新疆城建,11.3,11.47,11.21,11.34,11.3,0.0,0.0,2.2922,15490103,176025897.0,7636379291.4,7636379291.4
2015-12-14,'600545,新疆城建,11.3,11.4,10.81,10.81,10.9,0.4,3.6697,2.2701,15341207,170734862.0,7636379291.4,7636379291.4
2015-12-11,'600545,新疆城建,10.9,11.1,10.82,11.09,11.2,-0.3,-2.6786,2.2974,15525697,170174371.0,7366064980.2,7366064980.2
2015-12-10,'600545,新疆城建,11.2,11.44,11.16,11.33,11.33,-0.13,-1.1474,2.3691,16009942,180959182.0,7568800713.6,7568800713.6
2015-12-09,'600545,新疆城建,11.33,11.37,10.87,11.13,11.14,0.19,1.7056,3.1713,21431049,238069907.0,7656652864.74,7656652864.74
2015-12-08,'600545,新疆城建,11.14,11.66,11.12,11.66,11.7,-0.56,-4.7863,3.7206,25143332,283214411.0,7528253566.92,7528253566.92
2015-12-07,'600545,新疆城建,11.7,11.74,11.5,11.63,11.64,0.06,0.5155,2.0786,14047034,163492236.0,7906693602.6,7906693602.6
2015-12-04,'600545,新疆城建,11.64,11.96,11.59,11.95,11.98,-0.34,-2.8381,3.7873,25594297,300249227.0,7866146455.92,7866146455.92
2015-12-03,'600545,新疆城建,11.98,11.99,11.7,11.8,11.78,0.2,1.6978,2.6441,17868504,211912444.0,8095913620.44,8095913620.44
2015-12-02,'600545,新疆城建,11.78,12.05,11.44,11.87,11.89,-0.11,-0.9251,2.7082,18301701,215256469.0,7960756464.84,7960756464.84
2015-12-01,'600545,新疆城建,11.89,12.09,11.52,11.76,11.76,0.13,1.1054,3.8532,26039091,306495306.0,8035092900.42,8035092900.42
2015-11-30,'600545,新疆城建,11.76,12.25,11.1,12.03,12.26,-0.5,-4.0783,4.9911,33729384,397225235.0,7947240749.28,7947240749.28
2015-11-27,'600545,新疆城建,12.26,13.73,12.14,13.56,13.49,-1.23,-9.1179,7.6527,51715827,675258744.0,8285133638.28,8285133638.28
2015-11-26,'600545,新疆城建,13.49,13.58,13.05,13.22,13.18,0.31,2.352,9.4274,63708873,850054608.0,9116350145.22,9116350145.22
2015-11-25,'600545,新疆城建,13.18,13.27,12.65,12.79,12.83,0.35,2.728,5.2647,35578105,461989640.0,8906856554.04,8906856554.04
2015-11-24,'600545,新疆城建,12.83,12.94,12.5,12.83,12.91,-0.08,-0.6197,3.5104,23722783,301648525.0,8670331531.74,8670331531.74
2015-11-23,'600545,新疆城建,12.91,13.36,12.85,13.19,13.18,-0.27,-2.0486,5.0609,34200775,449397265.0,8724394393.98,8724394393.98
2015-11-20,'600545,新疆城建,13.18,13.4,13.01,13.03,12.91,0.27,2.0914,5.7611,38932516,513612085.0,8906856554.04,8906856554.04
2015-11-19,'600545,新疆城建,12.91,12.96,12.61,12.9,12.73,0.18,1.414,3.5083,23708532,303669593.0,8724394393.98,8724394393.98
2015-11-18,'600545,新疆城建,12.73,13.27,12.67,13.08,13.07,-0.34,-2.6014,5.6007,37848549,491909094.0,8602752953.94,8602752953.94
2015-11-17,'600545,新疆城建,13.07,13.5,12.87,12.95,12.74,0.33,2.5903,8.0508,54406119,717058483.0,8832520118.46,8832520118.46
2015-11-16,'600545,新疆城建,12.74,12.77,12.21,12.35,12.67,0.07,0.5525,3.5823,24208558,303610199.0,8609510811.72,8609510811.72
2015-11-13,'600545,新疆城建,12.67,13.07,12.5,12.8,13.09,-0.42,-3.2086,5.6903,38454167,491849436.0,8562205807.26,8562205807.26
2015-11-12,'600545,新疆城建,13.09,13.58,12.96,13.58,13.58,-0.49,-3.6082,8.0294,54261850,716797800.0,8846035834.02,8846035834.02
2015-11-11,'600545,新疆城建,13.58,13.75,12.89,13.3,13.26,0.32,2.4133,10.8126,73070107,968357694.0,9177170865.24,9177170865.24
2015-11-10,'600545,新疆城建,13.26,13.42,12.7,12.78,12.88,0.38,2.9503,9.8378,66482263,872458806.0,8960919416.28,8960919416.28
2015-11-09,'600545,新疆城建,12.88,13.09,12.39,12.67,12.78,0.1,0.7825,7.6109,51433458,658087672.0,8704120820.64,8704120820.64
2015-11-06,'600545,新疆城建,12.78,12.9,12.49,12.67,12.64,0.14,1.1076,6.8794,46489698,591325449.0,8636542242.84,8636542242.84
2015-11-05,'600545,新疆城建,12.64,12.98,12.33,12.39,12.4,0.24,1.9355,8.6609,58528947,740913136.0,8541932233.92,8541932233.92
2015-11-04,'600545,新疆城建,12.4,12.47,11.93,11.93,11.89,0.51,4.2893,5.1202,34601911,424277567.0,8379743647.2,8379743647.2
2015-11-03,'600545,新疆城建,11.89,12.29,11.7,12.18,12.14,-0.25,-2.0593,2.9495,19932127,239026903.0,8035092900.42,8035092900.42
2015-11-02,'600545,新疆城建,12.14,12.46,11.6,11.8,12.01,0.13,1.0824,4.4787,30266381,368051401.0,8204039344.92,8204039344.92
2015-10-30,'600545,新疆城建,12.01,12.3,11.85,12.15,12.33,-0.32,-2.5953,3.5482,23978192,289718798.0,8116187193.78,8116187193.78
2015-10-29,'600545,新疆城建,12.33,12.66,12.12,12.52,12.53,-0.2,-1.5962,4.853,32795777,405296427.0,8332438642.74,8332438642.74
2015-10-28,'600545,新疆城建,12.53,13.1,12.1,12.16,12.31,0.22,1.7872,8.2908,56027925,711065090.0,8467595798.34,8467595798.34
2015-10-27,'600545,新疆城建,12.31,12.6,11.65,12.54,12.73,-0.42,-3.2993,6.5019,43938596,533362832.0,8318922927.18,8318922927.18
2015-10-26,'600545,新疆城建,12.73,13.1,12.51,12.69,12.58,0.15,1.1924,7.2107,48728702,622692418.0,8602752953.94,8602752953.94
2015-10-23,'600545,新疆城建,12.58,12.78,12.23,12.45,12.49,0.09,0.7206,7.8073,52760555,661465563.0,8501385087.24,8501385087.24
2015-10-22,'600545,新疆城建,12.49,12.59,11.81,12.08,12.3,0.19,1.5447,7.5468,51000068,626443027.0,8440564367.22,8440564367.22
2015-10-21,'600545,新疆城建,12.3,13.77,12.3,13.77,13.67,-1.37,-10.0219,9.0852,61396512,799186704.0,8312165069.4,8312165069.4
2015-10-20,'600545,新疆城建,13.67,13.86,13.13,13.2,13.32,0.35,2.6276,9.1462,61808564,833709504.0,9237991585.26,9237991585.26
2015-10-19,'600545,新疆城建,13.32,13.73,13.08,13.6,13.81,-0.49,-3.5482,10.7766,72826938,976917617.0,9001466562.96,9001466562.96
2015-10-16,'600545,新疆城建,13.81,14.11,12.73,13.09,12.93,0.88,6.8059,16.5894,112108532,1485640200.0,9332601594.18,9332601594.18
2015-10-15,'600545,新疆城建,12.93,12.98,12.19,12.26,12.46,0.47,3.7721,8.0914,54680807,687828319.0,8737910109.54,8737910109.54
2015-10-14,'600545,新疆城建,12.46,13.32,12.41,13.06,13.04,-0.58,-4.4479,8.7817,59345346,764601828.0,8420290793.88,8420290793.88
2015-10-13,'600545,新疆城建,13.04,13.08,12.5,12.65,12.84,0.2,1.5576,10.5805,71501299,917115222.0,8812246545.12,8812246545.12
2015-10-12,'600545,新疆城建,12.84,13.0,12.12,12.22,12.23,0.61,4.9877,11.7262,79244003,999502520.0,8677089389.52,8677089389.52
2015-10-09,'600545,新疆城建,12.23,12.3,11.8,12.0,11.94,0.29,2.4288,7.4669,50460047,611135062.0,8264860064.94,8264860064.94
2015-10-08,'600545,新疆城建,11.94,12.15,11.65,11.8,11.56,0.38,3.2872,7.2718,49141645,585530728.0,8068882189.32,8068882189.32
2015-09-30,'600545,新疆城建,11.56,12.37,11.5,12.34,12.17,-0.61,-5.0123,7.0054,47341399,560185569.0,7812083593.68,7812083593.68
2015-09-29,'600545,新疆城建,12.17,12.88,12.0,12.21,12.68,-0.51,-4.0221,8.6145,58215694,720811352.0,8224312918.26,8224312918.26
2015-09-28,'600545,新疆城建,12.68,13.1,11.99,12.97,13.32,-0.64,-4.8048,10.4228,70435805,875331963.0,8568963665.04,8568963665.04
2015-09-25,'600545,新疆城建,13.32,13.97,13.0,13.39,13.56,-0.24,-1.7699,12.2075,82496652,1115373903.0,9001466562.96,9001466562.96
2015-09-24,'600545,新疆城建,13.56,14.07,13.21,13.87,13.76,-0.2,-1.4535,10.7502,72648242,988899288.0,9163655149.68,9163655149.68
2015-09-23,'600545,新疆城建,13.76,14.5,13.6,13.68,14.04,-0.28,-1.9943,17.0553,115257344,1619847921.0,9298812305.28,9298812305.28
2015-09-22,'600545,新疆城建,14.04,14.18,12.8,13.07,13.07,0.97,7.4216,16.3237,110313147,1486803456.0,9488032323.12,9488032323.12
2015-09-21,'600545,新疆城建,13.07,13.39,11.86,11.96,12.33,0.74,6.0016,10.7997,72982941,928963751.0,8832520118.46,8832520118.46
2015-09-18,'600545,新疆城建,12.33,12.65,11.88,12.23,12.17,0.16,1.3147,9.183,62057270,762108932.0,8332438642.74,8332438642.74
2015-09-17,'600545,新疆城建,12.17,13.66,12.12,12.51,12.69,-0.52,-4.0977,18.4668,124795864,1589469536.0,8224312918.26,8224312918.26
2015-09-16,'600545,新疆城建,12.69,12.69,11.3,11.54,11.54,1.15,9.9653,13.8746,93762590,1128868462.0,8575721522.82,8575721522.82
2015-09-15,'600545,新疆城建,11.54,11.99,10.65,10.8,11.33,0.21,1.8535,14.2731,96455594,1104642301.0,7798567878.12,7798567878.12
2015-09-14,'600545,新疆城建,11.33,13.46,11.32,12.7,12.58,-1.25,-9.9364,18.7733,126867041,1588782023.0,7656652864.74,7656652864.74
2015-09-11,'600545,新疆城建,12.58,12.58,11.1,11.5,11.44,1.14,9.965,17.1456,115867345,1383505708.0,8501385087.24,8501385087.24
2015-09-10,'600545,新疆城建,11.44,11.9,10.71,10.71,11.19,0.25,2.2341,13.9618,94351655,1085422491.0,7730989300.32,7730989300.32
2015-09-09,'600545,新疆城建,11.19,11.52,10.3,10.31,10.47,0.72,6.8768,15.1852,102619162,1131988291.0,7562042855.82,7562042855.82
2015-09-08,'600545,新疆城建,10.47,10.7,8.81,9.72,9.79,0.68,6.9459,7.4015,50018486,496260211.0,7075477095.66,7075477095.66
2015-09-07,'600545,新疆城建,9.79,11.24,9.5,10.69,10.48,-0.69,-6.584,9.5426,64487541,670873656.0,6615942766.62,6615942766.62
2015-09-02,'600545,新疆城建,10.48,11.86,10.48,10.48,11.64,-1.16,-9.9656,7.9034,53410022,571719173.0,7082234953.44,7082234953.44
2015-09-01,'600545,新疆城建,11.64,12.48,11.64,12.47,12.93,-1.29,-9.9768,7.0903,47914980,562422733.0,7866146455.92,7866146455.92
2015-08-31,'600545,新疆城建,12.93,13.8,12.57,13.16,13.2,-0.27,-2.0455,13.4574,90943323,1195200816.0,8737910109.54,8737910109.54
2015-08-28,'600545,新疆城建,13.2,13.2,11.87,12.15,12.0,1.2,10.0,15.6213,105566713,1356059667.0,8920372269.6,8920372269.6
2015-08-27,'600545,新疆城建,12.0,12.44,10.76,12.18,11.95,0.05,0.4184,10.9238,73821367,858204916.0,8109429336.0,8109429336.0
2015-08-26,'600545,新疆城建,11.95,13.58,11.95,13.0,13.28,-1.33,-10.0151,11.6795,78928547,989367452.0,8075640047.1,8075640047.1
2015-08-25,'600545,新疆城建,13.28,14.02,13.28,13.38,14.76,-1.48,-10.0271,7.6075,51410142,688531118.0,8974435131.84,8974435131.84
2015-08-24,'600545,新疆城建,14.76,16.0,14.76,15.6,16.4,-1.64,-10.0,9.395,63489767,963490994.0,9974598083.28,9974598083.28
2015-08-21,'600545,新疆城建,16.4,18.7,16.27,17.0,18.08,-1.68,-9.292,19.581,132325492,2215372872.0,11082886759.2,11082886759.2
2015-08-20,'600545,新疆城建,18.08,19.11,17.5,17.89,17.37,0.71,4.0875,26.7023,180450041,3321179752.0,12218206866.2,12218206866.2
2015-08-19,'600545,新疆城建,17.37,17.37,15.47,15.5,15.79,1.58,10.0063,22.7383,153662394,2612384807.0,11738398963.9,11738398963.9
2015-08-18,'600545,新疆城建,15.79,16.96,15.02,16.55,15.81,-0.02,-0.1265,20.8925,141188857,2290505877.0,10670657434.6,10670657434.6
2015-08-17,'600545,新疆城建,15.81,15.81,14.4,14.6,14.37,1.44,10.0209,10.6266,71813033,1087577811.0,10684173150.2,10684173150.2
2015-08-14,'600545,新疆城建,14.37,15.14,13.8,14.0,13.89,0.48,3.4557,9.6895,65479987,944506292.0,9711041629.86,9711041629.86
2015-08-13,'600545,新疆城建,13.89,13.99,13.25,13.31,13.32,0.57,4.2793,5.4304,36697688,502783486.0,9386664456.42,9386664456.42
2015-08-12,'600545,新疆城建,13.32,13.89,13.29,13.61,13.97,-0.65,-4.6528,5.2371,35391875,481813381.0,9001466562.96,9001466562.96
2015-08-11,'600545,新疆城建,13.97,14.33,13.8,14.1,14.41,-0.44,-3.0534,9.1598,61900422,870788008.0,9440727318.66,9440727318.66
2015-08-10,'600545,新疆城建,14.41,14.65,13.4,13.6,13.68,0.73,5.3363,11.83,79945425,1119034744.0,9738073060.98,9738073060.98
2015-08-07,'600545,新疆城建,13.68,14.39,13.51,13.95,13.27,0.41,3.0897,10.9494,73994794,1023081829.0,9244749443.04,9244749443.04
2015-08-06,'600545,新疆城建,13.27,13.5,12.25,12.35,12.91,0.36,2.7885,9.941,67179913,877591176.0,8967677274.06,8967677274.06
2015-08-05,'600545,新疆城建,12.91,13.45,12.18,12.5,12.47,0.44,3.5285,9.7508,65894488,842724053.0,8724394393.98,8724394393.98
2015-08-04,'600545,新疆城建,12.47,12.51,11.25,11.62,11.57,0.9,7.7787,7.5411,50961636,607068041.0,8427048651.66,8427048651.66
2015-08-03,'600545,新疆城建,11.57,12.28,11.2,11.4,11.66,-0.09,-0.7719,5.7026,38537508,453273206.0,7818841451.46,7818841451.46
2015-07-31,'600545,新疆城建,11.66,12.07,11.23,11.5,11.46,0.2,1.7452,4.522,30558713,358893518.0,7879662171.48,7879662171.48
2015-07-30,'600545,新疆城建,11.46,12.38,11.06,11.57,11.56,-0.1,-0.8651,5.4198,36626396,433748122.0,7744505015.88,7744505015.88
2015-07-29,'600545,新疆城建,11.56,11.61,10.49,10.99,10.61,0.95,8.9538,4.2495,28717798,314226299.0,7812083593.68,7812083593.68
2015-07-28,'600545,新疆城建,10.61,11.6,10.31,11.1,11.46,-0.85,-7.4171,5.4964,37144137,399725373.0,7170087104.58,7170087104.58
2015-07-27,'600545,新疆城建,11.46,13.09,11.46,12.2,12.73,-1.27,-9.9764,5.982,40425737,499830172.0,7744505015.88,7744505015.88
2015-07-24,'600545,新疆城建,12.73,13.69,12.13,13.08,13.21,-0.48,-3.6336,8.8942,60105732,786406724.0,8602752953.94,8602752953.94
2015-07-23,'600545,新疆城建,13.21,13.9,12.37,12.84,12.78,0.43,3.3646,10.4206,70420690,917629780.0,8927130127.38,8927130127.38
2015-07-22,'600545,新疆城建,12.78,12.78,11.41,11.5,11.62,1.16,9.9828,8.8097,59534696,712746105.0,8636542242.84,8636542242.84
2015-07-21,'600545,新疆城建,11.62,11.9,10.8,11.0,11.2,0.42,3.75,6.6119,44682603,514189097.0,7852630740.36,7852630740.36
2015-07-20,'600545,新疆城建,11.2,11.45,10.72,10.95,10.87,0.33,3.0359,5.3422,36101920,402048985.0,7568800713.6,7568800713.6
2015-07-17,'600545,新疆城建,10.87,11.07,10.22,10.25,10.2,0.67,6.5686,4.4969,30389227,325403764.0,7345791406.86,7345791406.86
2015-07-16,'600545,新疆城建,10.2,10.6,9.08,10.03,10.03,0.17,1.6949,4.6796,31624289,316478802.0,6893014935.6,6893014935.6
2015-07-15,'600545,新疆城建,10.03,10.92,10.03,10.6,11.14,-1.11,-9.9641,4.0387,27293284,283411846.0,6778131353.34,6778131353.34
2015-07-14,'600545,新疆城建,11.14,11.8,10.7,11.15,10.93,0.21,1.9213,10.1357,68495407,775625670.0,7528253566.92,7528253566.92
2015-07-13,'600545,新疆城建,10.93,10.93,10.22,10.5,9.94,0.99,9.9598,7.2126,48741391,519988626.0,7386338553.54,7386338553.54
2015-07-10,'600545,新疆城建,9.94,9.94,9.25,9.31,9.04,0.9,9.9558,5.0366,34036831,333764127.0,6717310633.32,6717310633.32
2015-07-09,'600545,新疆城建,9.04,9.04,7.46,7.46,8.22,0.82,9.9757,6.3644,43009712,371292762.0,6109103433.12,6109103433.12
2015-07-08,'600545,新疆城建,8.22,8.66,8.22,8.22,9.13,-0.91,-9.9671,10.841,73261955,607786766.0,5554959095.16,5554959095.16
2015-07-07,'600545,新疆城建,9.13,9.75,9.13,9.7,10.14,-1.01,-9.9606,2.8013,18930465,174749429.0,6169924153.14,6169924153.14
2015-07-06,'600545,新疆城建,10.14,11.99,9.85,11.99,10.94,-0.8,-7.3126,6.8788,46485723,494401783.0,6852467788.92,6852467788.92
2015-07-03,'600545,新疆城建,10.94,12.25,10.94,11.5,12.16,-1.22,-10.0329,4.3807,29604184,331564299.0,7393096411.32,7393096411.32
2015-07-02,'600545,新疆城建,12.16,13.8,12.16,13.66,13.51,-1.35,-9.9926,4.8006,32441629,412178389.0,8217555060.48,8217555060.48
2015-07-01,'600545,新疆城建,13.51,15.5,13.51,14.7,15.01,-1.5,-9.9933,5.1334,34690451,506284773.0,9129865860.78,9129865860.78
2015-06-30,'600545,新疆城建,15.01,15.18,12.98,13.99,14.42,0.59,4.0915,6.2983,42562697,597133158.0,10143544527.8,10143544527.8
2015-06-29,'600545,新疆城建,14.42,16.9,14.42,16.5,16.02,-1.6,-9.9875,5.1003,34466949,524559394.0,9744830918.76,9744830918.76
2015-06-26,'600545,新疆城建,16.02,17.73,16.02,16.97,17.8,-1.78,-10.0,5.342,36100406,602637961.0,10826088163.6,10826088163.6
2015-06-25,'600545,新疆城建,17.8,18.71,17.0,17.55,17.49,0.31,1.7724,7.5973,51341391,912194299.0,12028986848.4,12028986848.4
2015-06-24,'600545,新疆城建,17.49,17.57,16.85,17.25,17.18,0.31,1.8044,5.2534,35501503,614125413.0,11819493257.2,11819493257.2
2015-06-23,'600545,新疆城建,17.18,17.48,15.55,17.18,17.25,-0.07,-0.4058,4.9932,33743384,564149624.0,11609999666.0,11609999666.0
2015-06-19,'600545,新疆城建,17.25,18.83,17.25,18.83,19.17,-1.92,-10.0156,5.5458,37477714,670986503.0,11657304670.5,11657304670.5
2015-06-18,'600545,新疆城建,19.17,20.65,18.98,20.49,20.47,-1.3,-6.3508,4.9594,33514810,672385240.0,12954813364.3,12954813364.3
2015-06-17,'600545,新疆城建,20.47,20.5,19.38,20.0,20.01,0.46,2.2989,5.3345,36049727,722691166.0,13833334875.7,13833334875.7
2015-06-16,'600545,新疆城建,20.01,21.12,19.57,21.12,21.6,-1.59,-7.3611,6.8603,46361077,946123788.0,13522473417.8,13522473417.8
2015-06-15,'600545,新疆城建,21.6,22.83,21.5,22.7,22.67,-1.07,-4.7199,9.0208,60961239,1351387098.0,14596972804.8,14596972804.8
2015-06-12,'600545,新疆城建,22.67,23.27,22.01,22.5,22.88,-0.21,-0.9178,12.6616,85565279,1933612725.0,15320063587.3,15320063587.3
2015-06-11,'600545,新疆城建,22.88,23.45,22.22,22.6,22.09,0.79,3.5763,16.458,111220654,2541215717.0,15461978600.6,15461978600.6
2015-06-10,'600545,新疆城建,22.09,22.5,20.28,20.78,21.15,0.94,4.4444,13.2571,89589916,1956360228.0,14928107836.0,14928107836.0
2015-06-09,'600545,XD新疆城,21.15,21.79,20.61,21.79,21.78,-0.63,-2.8926,7.7922,52658558,1111105715.0,14292869204.7,14292869204.7
2015-06-08,'600545,新疆城建,21.82,22.15,21.2,21.67,21.67,0.15,0.6922,13.4673,91010100,1982734114.0,14745645676.0,14745645676.0
2015-06-05,'600545,新疆城建,21.67,21.8,20.01,20.35,20.19,1.48,7.3304,14.4081,97367834,2049894354.0,14644277809.3,14644277809.3
2015-06-04,'600545,新疆城建,20.19,20.85,18.66,20.76,20.44,-0.25,-1.2231,5.9145,39969360,801959375.0,13644114857.8,13644114857.8
2015-06-03,'600545,新疆城建,20.44,21.06,19.99,20.83,21.21,-0.77,-3.6304,7.7414,52315082,1074798007.0,13813061302.3,13813061302.3
2015-06-02,'600545,新疆城建,21.21,21.5,19.51,20.0,19.77,1.44,7.2838,9.9199,67037589,1371158071.0,14333416351.4,14333416351.4
2015-06-01,'600545,新疆城建,19.77,19.88,19.0,19.11,19.11,0.66,3.4537,6.3635,43003773,837113380.0,13360284831.1,13360284831.1
2015-05-29,'600545,新疆城建,19.11,20.38,18.18,20.0,20.1,-0.99,-4.9254,8.2285,55606786,1074962019.0,12914266217.6,12914266217.6
2015-05-28,'600545,新疆城建,20.1,22.77,19.58,22.27,21.64,-1.54,-7.1165,16.9087,114266664,2503600379.0,13583294137.8,13583294137.8
2015-05-27,'600545,新疆城建,21.64,21.78,20.05,20.58,20.58,1.06,5.1506,14.9726,101182823,2109911814.0,14624004235.9,14624004235.9
2015-05-26,'600545,新疆城建,20.58,20.75,19.95,20.65,20.62,-0.04,-0.194,10.9073,73710240,1500967632.0,13907671311.2,13907671311.2
2015-05-25,'600545,新疆城建,20.62,20.81,20.15,20.36,20.22,0.4,1.9782,10.5854,71534918,1467538689.0,13934702742.4,13934702742.4
2015-05-22,'600545,新疆城建,20.22,20.47,19.56,19.56,19.54,0.68,3.48,10.809,73045430,1464860700.0,13664388431.2,13664388431.2
2015-05-21,'600545,新疆城建,19.54,19.67,18.69,18.99,18.93,0.61,3.2224,8.0393,54328512,1045429669.0,13204854102.1,13204854102.1
2015-05-20,'600545,新疆城建,18.93,19.17,18.55,18.72,18.69,0.24,1.2841,6.9955,47274784,890889352.0,12792624777.5,12792624777.5
2015-05-19,'600545,新疆城建,18.69,18.78,18.1,18.1,18.1,0.59,3.2597,5.7369,38768882,720230991.0,12630436190.8,12630436190.8
2015-05-18,'600545,新疆城建,18.1,18.6,17.79,17.93,18.16,-0.06,-0.3304,3.6934,24959474,455716865.0,12231722581.8,12231722581.8
2015-05-15,'600545,新疆城建,18.16,18.85,18.01,18.85,18.85,-0.69,-3.6605,4.5397,30678740,560800672.0,12272269728.5,12272269728.5
2015-05-14,'600545,新疆城建,18.85,19.5,18.49,19.21,19.59,-0.74,-3.7774,6.7365,45524131,859049744.0,12738561915.3,12738561915.3
2015-05-13,'600545,新疆城建,19.59,19.9,18.7,18.91,18.9,0.69,3.6508,8.2268,55595845,1082769382.0,13238643391.0,13238643391.0
2015-05-12,'600545,新疆城建,18.9,19.17,18.51,18.9,18.89,0.01,0.0529,5.4545,36861009,693554203.0,12772351204.2,12772351204.2
2015-05-11,'600545,新疆城建,18.89,18.9,18.01,18.28,18.05,0.84,4.6537,5.6129,37931337,701101108.0,12765593346.4,12765593346.4
2015-05-08,'600545,新疆城建,18.05,18.07,17.4,17.9,17.59,0.46,2.6151,5.3153,35919841,637565837.0,12197933292.9,12197933292.9
2015-05-07,'600545,新疆城建,17.59,18.89,17.19,18.78,18.72,-1.13,-6.0363,6.0101,40615596,722330543.0,11887071835.0,11887071835.0
2015-05-06,'600545,新疆城建,18.72,19.98,18.38,19.85,19.64,-0.92,-4.6843,5.302,35830037,690972456.0,12650709764.2,12650709764.2
2015-05-05,'600545,新疆城建,19.64,20.68,19.55,20.4,20.12,-0.48,-2.3857,6.436,43493486,877096587.0,13272432679.9,13272432679.9
2015-05-04,'600545,新疆城建,20.12,20.64,19.89,20.53,20.49,-0.37,-1.8058,4.9032,33135049,667055067.0,13596809853.4,13596809853.4
2015-04-30,'600545,新疆城建,20.49,20.88,19.8,19.96,19.89,0.6,3.0166,7.9757,53898719,1104093967.0,13846850591.2,13846850591.2
2015-04-29,'600545,新疆城建,19.89,20.29,19.0,19.6,19.99,-0.1,-0.5003,6.6505,44942944,884974550.0,13441379124.4,13441379124.4
2015-04-28,'600545,新疆城建,19.99,21.0,19.9,20.99,21.21,-1.22,-5.752,8.8156,59574884,1213951545.0,13508957702.2,13508957702.2
2015-04-27,'600545,新疆城建,21.21,21.49,20.65,21.01,21.1,0.11,0.5213,10.4331,70505294,1485483747.0,14333416351.4,14333416351.4
2015-04-24,'600545,新疆城建,21.1,21.48,20.2,20.35,20.85,0.25,1.199,9.1355,61736177,1293467043.0,14259079915.8,14259079915.8
2015-04-23,'600545,新疆城建,20.85,21.46,20.66,21.45,21.53,-0.68,-3.1584,12.0574,81482227,1707194925.0,14090133471.3,14090133471.3
2015-04-22,'600545,新疆城建,21.53,21.84,21.0,21.83,21.82,-0.29,-1.3291,12.4179,83918484,1798818181.0,14549667800.3,14549667800.3
2015-04-21,'600545,新疆城建,21.82,22.09,20.53,21.51,22.81,-0.99,-4.3402,16.1611,109214705,2306015329.0,14745645676.0,14745645676.0
2015-04-20,'600545,新疆城建,22.81,24.39,22.5,23.15,22.61,0.2,0.8846,21.4208,144758764,3403956043.0,15414673596.2,15414673596.2
2015-04-17,'600545,新疆城建,22.61,23.1,21.2,21.4,21.15,1.46,6.9031,18.6288,125891088,2774076524.0,15279516440.6,15279516440.6
2015-04-16,'600545,新疆城建,21.15,21.56,19.86,20.76,21.86,-0.71,-3.2479,17.6203,119075752,2493464345.0,14292869204.7,14292869204.7
2015-04-15,'600545,新疆城建,21.86,24.21,21.5,22.71,22.01,-0.15,-0.6815,27.6231,186672976,4354383388.0,14772677107.1,14772677107.1
2015-04-14,'600545,新疆城建,22.01,22.01,19.8,20.16,20.01,2.0,9.995,16.8337,113759634,2419213935.0,14874044973.8,14874044973.8
2015-04-13,'600545,新疆城建,20.01,21.17,19.31,19.72,19.69,0.32,1.6252,18.8674,127503149,2577901178.0,13522473417.8,13522473417.8
2015-04-10,'600545,新疆城建,19.69,19.98,18.6,18.81,19.22,0.47,2.4454,17.7546,119983167,2346915671.0,13306221968.8,13306221968.8
2015-04-09,'600545,新疆城建,19.22,20.34,18.26,18.55,18.99,0.23,1.2112,19.2079,129804195,2490128566.0,12988602653.2,12988602653.2
2015-04-08,'600545,新疆城建,18.99,19.64,18.7,19.51,19.89,-0.9,-4.5249,18.6435,125989914,2409774926.0,12833171924.2,12833171924.2
2015-04-07,'600545,新疆城建,19.89,20.75,18.7,19.13,18.86,1.03,5.4613,24.8599,167999696,3337201507.0,13441379124.4,13441379124.4
2015-04-03,'600545,新疆城建,18.86,19.88,18.42,19.5,18.91,-0.05,-0.2644,29.0912,196594374,3765973324.0,12745319773.1,12745319773.1
2015-04-02,'600545,新疆城建,18.91,18.91,17.61,17.85,17.19,1.72,10.0058,21.1538,142954567,2619859504.0,12779109062.0,12779109062.0
2015-04-01,'600545,新疆城建,17.19,17.19,15.37,15.9,15.63,1.56,9.9808,24.2738,164038587,2654112332.0,11616757523.8,11616757523.8
2015-03-31,'600545,新疆城建,15.63,15.63,14.85,15.63,14.21,1.42,9.993,24.7646,167355462,2571337547.0,10562531710.1,10562531710.1
2015-03-30,'600545,新疆城建,14.21,14.21,13.75,13.75,12.92,1.29,9.9845,4.2119,28463688,402369735.0,9602915905.38,9602915905.38
2015-03-27,'600545,新疆城建,12.92,13.08,12.72,12.9,12.96,-0.04,-0.3086,4.5665,30860093,398891635.0,8731152251.76,8731152251.76
2015-03-26,'600545,新疆城建,12.96,13.5,12.71,13.15,13.14,-0.18,-1.3699,8.6561,58496384,770035172.0,8758183682.88,8758183682.88
2015-03-25,'600545,新疆城建,13.14,13.3,12.38,12.5,12.63,0.51,4.038,9.0557,61197138,789370391.0,8879825122.92,8879825122.92
2015-03-24,'600545,新疆城建,12.63,12.97,12.22,12.97,12.94,-0.31,-2.3957,7.8967,53364985,671215795.0,8535174376.14,8535174376.14
2015-03-23,'600545,新疆城建,12.94,13.0,12.71,12.85,12.85,0.09,0.7004,7.3467,49647811,639252173.0,8744667967.32,8744667967.32
2015-03-20,'600545,新疆城建,12.85,12.98,12.5,12.72,12.72,0.13,1.022,7.3148,49432356,628915699.0,8683847247.3,8683847247.3
2015-03-19,'600545,新疆城建,12.72,12.97,12.25,12.42,12.41,0.31,2.498,9.2783,62701122,794217790.0,8595995096.16,8595995096.16
2015-03-18,'600545,新疆城建,12.41,12.55,12.12,12.31,12.29,0.12,0.9764,7.2671,49109992,605650877.0,8386501504.98,8386501504.98
2015-03-17,'600545,新疆城建,12.29,12.75,12.04,12.32,12.08,0.21,1.7384,11.302,76377295,947704309.0,8305407211.62,8305407211.62
2015-03-16,'600545,新疆城建,12.08,12.36,11.61,11.68,11.6,0.48,4.1379,8.4958,57413399,687619437.0,8163492198.24,8163492198.24
2015-03-13,'600545,新疆城建,11.6,11.74,11.5,11.66,11.68,-0.08,-0.6849,3.4927,23603496,274261764.0,7839115024.8,7839115024.8
2015-03-12,'600545,新疆城建,11.68,12.05,11.65,11.94,11.98,-0.3,-2.5042,5.0117,33868585,400525142.0,7893177887.04,7893177887.04
2015-03-11,'600545,新疆城建,11.98,12.1,11.51,11.61,11.67,0.31,2.6564,7.6305,51565635,609096448.0,8095913620.44,8095913620.44
2015-03-10,'600545,新疆城建,11.67,11.77,11.58,11.7,11.78,-0.11,-0.9338,3.8813,26228971,306233562.0,7886420029.26,7886420029.26
2015-03-09,'600545,新疆城建,11.78,11.94,11.21,11.38,11.54,0.24,2.0797,7.9134,53477452,625163665.0,7960756464.84,7960756464.84
2015-03-06,'600545,新疆城建,11.54,11.69,11.15,11.23,11.21,0.33,2.9438,5.3028,35835834,409609601.0,7798567878.12,7798567878.12
2015-03-05,'600545,新疆城建,11.21,11.35,11.05,11.35,11.4,-0.19,-1.6667,3.3542,22666965,253162728.0,7575558571.38,7575558571.38
2015-03-04,'600545,新疆城建,11.4,11.47,11.23,11.29,11.29,0.11,0.9743,2.8643,19356547,219568825.0,7703957869.2,7703957869.2
2015-03-03,'600545,新疆城建,11.29,11.64,11.26,11.62,11.7,-0.41,-3.5043,4.5544,30777738,352179214.0,7629621433.62,7629621433.62
2015-03-02,'600545,新疆城建,11.7,11.78,11.45,11.6,11.49,0.21,1.8277,5.3711,36296824,421917874.0,7906693602.6,7906693602.6
2015-02-27,'600545,新疆城建,11.49,11.66,11.39,11.51,11.59,-0.1,-0.8628,4.2857,28962097,332247954.0,7764778589.22,7764778589.22
2015-02-26,'600545,新疆城建,11.59,11.65,11.22,11.37,11.36,0.23,2.0246,5.2064,35184217,404030528.0,7832357167.02,7832357167.02
2015-02-25,'600545,新疆城建,11.36,11.47,11.12,11.25,11.0,0.36,3.2727,5.532,37384792,422439685.0,7676926438.08,7676926438.08
2015-02-17,'600545,新疆城建,11.0,11.08,10.92,11.04,11.04,-0.04,-0.3623,2.5508,17237615,189975528.0,7433643558.0,7433643558.0
2015-02-16,'600545,新疆城建,11.04,11.07,10.66,10.73,10.71,0.33,3.0812,3.2188,21752432,235914962.0,7460674989.12,7460674989.12
2015-02-13,'600545,新疆城建,10.71,10.83,10.63,10.7,10.6,0.11,1.0377,2.4432,16510541,177438212.0,7237665682.38,7237665682.38
2015-02-12,'600545,新疆城建,10.6,10.7,10.42,10.55,10.55,0.05,0.4739,1.6597,11215708,118613981.0,7163329246.8,7163329246.8
2015-02-11,'600545,新疆城建,10.55,10.73,10.5,10.73,10.66,-0.11,-1.0319,1.616,10920458,115761818.0,7129539957.9,7129539957.9
2015-02-10,'600545,新疆城建,10.66,10.7,10.38,10.42,10.42,0.24,2.3033,1.5841,10704928,112922905.0,7203876393.48,7203876393.48
2015-02-09,'600545,新疆城建,10.42,10.6,10.29,10.5,10.49,-0.07,-0.6673,1.4764,9977473,104189015.0,7041687806.76,7041687806.76
2015-02-06,'600545,新疆城建,10.49,10.79,10.39,10.75,10.72,-0.23,-2.1455,2.9518,19947808,210697703.0,7088992811.22,7088992811.22
2015-02-05,'600545,新疆城建,10.72,11.17,10.71,11.14,10.97,-0.25,-2.2789,3.3151,22402890,243761454.0,7244423540.16,7244423540.16
