2016-05-13,'600666,奥瑞德,29.36,30.28,29.15,29.75,29.99,-0.63,-2.1007,1.7223,4997326,148495396.0,22521436504.0,8518695309.28
2016-05-12,'600666,奥瑞德,29.99,30.3,28.03,28.03,28.92,1.07,3.6999,2.8076,8146096,241793363.0,23004696211.0,8701487477.02
2016-05-11,'600666,奥瑞德,28.92,29.05,28.18,28.72,28.59,0.33,1.1542,1.8718,5431012,155959578.0,22183921788.0,8391030938.16
2016-05-10,'600666,奥瑞德,28.59,28.75,27.34,27.85,28.1,0.49,1.7438,1.3034,3781816,107383591.0,21930785751.0,8295282659.82
2016-05-09,'600666,奥瑞德,28.1,29.13,26.89,27.32,27.74,0.36,1.2978,2.1174,6143656,173198794.0,21554917090.0,8153110973.8
2016-05-06,'600666,奥瑞德,27.74,28.95,27.36,28.95,28.98,-1.24,-4.2788,1.8244,5293332,148759863.0,21278768686.0,8048658306.52
2016-05-05,'600666,奥瑞德,28.98,29.08,28.7,29.08,29.18,-0.2,-0.6854,1.0124,2937358,84887101.0,22229946522.0,8408439716.04
2016-05-04,'600666,奥瑞德,29.18,29.5,28.56,29.1,29.12,0.06,0.206,1.1054,3207317,93134180.0,22383362302.0,8466468975.64
2016-05-03,'600666,奥瑞德,29.12,29.3,28.45,28.45,28.17,0.95,3.3724,1.3789,4000816,116253524.0,22337337568.0,8449060197.76
2016-04-29,'600666,奥瑞德,28.17,28.42,28.0,28.38,28.22,-0.05,-0.1772,0.581,1685892,47480581.0,21608612613.0,8173421214.66
2016-04-28,'600666,奥瑞德,28.22,28.97,28.0,28.97,28.99,-0.77,-2.6561,1.1399,3307438,94075601.0,21646966558.0,8187928529.56
2016-04-27,'600666,奥瑞德,28.99,29.2,28.33,28.56,28.8,0.19,0.6597,1.026,2977024,85536502.0,22237617311.0,8411341179.02
2016-04-26,'600666,奥瑞德,28.8,29.33,28.3,28.6,28.54,0.26,0.911,1.4685,4260806,122729879.0,22091872320.0,8356213382.4
2016-04-25,'600666,奥瑞德,28.54,29.29,26.7,27.25,27.04,1.5,5.5473,2.1427,6216984,175943811.0,21892431806.0,8280775344.92
2016-04-22,'600666,奥瑞德,27.04,27.3,26.6,27.0,27.21,-0.17,-0.6248,1.0922,3168988,85447563.0,20741813456.0,7845555897.92
2016-04-21,'600666,奥瑞德,27.21,27.7,26.9,27.18,27.18,0.03,0.1104,1.0604,3076658,84060992.0,20872216869.0,7894880768.58
2016-04-20,'600666,奥瑞德,27.18,29.49,26.4,29.33,29.2,-2.02,-6.9178,2.4017,6968535,195684120.0,20849204502.0,7886176379.64
2016-04-19,'600666,奥瑞德,29.2,30.06,29.04,29.82,29.75,-0.55,-1.8487,2.1893,6352075,186561392.0,22398703880.0,8472271901.6
2016-04-18,'600666,奥瑞德,29.75,30.89,29.67,30.4,31.06,-1.31,-4.2176,1.9451,5643624,170530443.0,22820597275.0,8631852365.5
2016-04-15,'600666,奥瑞德,31.06,31.36,30.76,31.32,31.39,-0.33,-1.0513,2.2009,6385772,198184099.0,23825470634.0,9011944015.88
2016-04-14,'600666,奥瑞德,31.39,31.78,29.62,29.66,29.61,1.78,6.0115,3.408,9888269,303241791.0,24078606671.0,9107692294.22
2016-04-13,'600666,奥瑞德,29.61,29.96,29.2,29.2,29.34,0.27,0.9202,1.7371,5040026,149575358.0,22713206229.0,8591231883.78
2016-04-12,'600666,奥瑞德,29.34,30.04,28.75,29.99,29.99,-0.65,-2.1674,1.9826,5752321,168037588.0,22506094926.0,8512892383.32
2016-04-11,'600666,奥瑞德,29.99,30.29,29.28,29.3,29.35,0.64,2.1806,1.9235,5580947,166475300.0,23004696211.0,8701487477.02
2016-04-08,'600666,奥瑞德,29.35,29.7,29.0,29.7,29.8,-0.45,-1.5101,1.3473,3909195,114128863.0,22513765715.0,8515793846.3
2016-04-07,'600666,奥瑞德,29.8,30.42,29.77,30.2,30.08,-0.28,-0.9309,1.3103,3801862,114198283.0,22858951220.0,8646359680.4
2016-04-06,'600666,奥瑞德,30.08,30.4,29.92,30.25,30.37,-0.29,-0.9549,1.6168,4691062,141341004.0,23073733312.0,8727600643.84
2016-04-05,'600666,奥瑞德,30.37,30.43,29.66,30.0,30.05,0.32,1.0649,1.9689,5712579,171742566.0,23296186193.0,8811743070.26
2016-04-01,'600666,奥瑞德,30.05,30.5,29.59,30.5,30.81,-0.76,-2.4667,1.9273,5591989,167939808.0,23050720945.0,8718896254.9
2016-03-31,'600666,奥瑞德,30.81,30.88,29.07,29.81,29.75,1.06,3.563,3.3323,9668515,289100335.0,23633700909.0,8939407441.38
2016-03-30,'600666,奥瑞德,29.75,29.85,29.05,29.05,28.94,0.81,2.7989,1.4355,4165144,123360229.0,22820597275.0,8631852365.5
2016-03-29,'600666,奥瑞德,28.94,30.39,28.38,30.1,30.05,-1.11,-3.6938,1.6455,4774442,139087797.0,22199263366.0,8396833864.12
2016-03-28,'600666,奥瑞德,30.05,31.66,29.9,31.66,31.32,-1.27,-4.0549,1.6318,4734707,145821098.0,23050720945.0,8718896254.9
2016-03-25,'600666,奥瑞德,31.32,31.88,30.99,31.0,31.32,0.0,0.0,0.5514,1599947,50111109.0,24024911148.0,9087382053.36
2016-03-24,'600666,奥瑞德,31.32,32.2,31.1,32.2,32.24,-0.92,-2.8536,1.225,3554325,112387976.0,24024911148.0,9087382053.36
2016-03-23,'600666,奥瑞德,32.24,32.7,31.91,32.53,32.53,-0.29,-0.8915,1.026,2976975,95841619.0,24730623736.0,9354316647.52
2016-03-22,'600666,奥瑞德,32.53,32.66,31.5,32.28,32.3,0.23,0.7121,1.2217,3544765,113870691.0,24953076617.0,9438459073.94
2016-03-21,'600666,奥瑞德,32.3,32.94,31.79,32.43,31.79,0.51,1.6043,2.0761,6023734,194181093.0,24776648470.0,9371725425.4
2016-03-18,'600666,奥瑞德,31.79,31.99,30.15,30.8,30.19,1.6,5.2998,1.9669,5706972,178349770.0,24385438231.0,9223750813.42
2016-03-17,'600666,奥瑞德,30.19,30.51,29.3,29.63,29.72,0.47,1.5814,1.2942,3755151,112575779.0,23158111991.0,8759516736.62
2016-03-16,'600666,奥瑞德,29.72,31.4,29.7,31.05,30.83,-1.11,-3.6004,0.4655,1350739,41093975.0,22797584908.0,8623147976.56
2016-03-15,'600666,奥瑞德,30.83,31.4,30.6,31.16,31.47,-0.64,-2.0337,0.4701,1363899,42226372.0,23649042487.0,8945210367.34
2016-03-14,'600666,奥瑞德,31.47,31.55,30.45,30.6,30.38,1.09,3.5879,1.1155,3236453,101061252.0,24139972983.0,9130903998.06
2016-03-11,'600666,奥瑞德,30.38,31.66,30.2,31.0,31.56,-1.18,-3.7389,0.7746,2247608,68964941.0,23303856982.0,8814644533.24
2016-03-10,'600666,奥瑞德,31.56,31.64,30.76,31.0,30.93,0.63,2.0369,1.032,2994306,93677570.0,24209010084.0,9157017164.88
2016-03-09,'600666,奥瑞德,30.93,31.19,29.06,29.6,30.33,0.6,1.9782,1.1786,3419634,104277056.0,23725750377.0,8974224997.14
2016-03-08,'600666,奥瑞德,30.33,30.52,28.01,30.1,29.78,0.55,1.8469,1.0968,3182256,93204096.0,23265503037.0,8800137218.34
2016-03-07,'600666,奥瑞德,29.78,30.7,29.3,30.0,29.21,0.57,1.9514,0.8049,2335353,69698741.0,22843609642.0,8640556754.44
2016-03-04,'600666,奥瑞德,29.21,31.9,29.17,31.76,31.57,-2.36,-7.4755,1.167,3386131,101793320.0,22406374669.0,8475173364.58
2016-03-03,'600666,奥瑞德,31.57,32.99,31.5,32.45,32.13,-0.56,-1.7429,1.011,2933415,95126753.0,24216680873.0,9159918627.86
2016-03-02,'600666,奥瑞德,32.13,32.4,30.49,30.85,30.99,1.14,3.6786,1.2627,3663613,115125062.0,24646245057.0,9322400554.74
2016-03-01,'600666,奥瑞德,30.99,31.3,29.3,30.35,30.43,0.56,1.8403,1.5116,4385842,134034633.0,23771775111.0,8991633775.02
2016-02-29,'600666,奥瑞德,30.43,33.6,30.43,33.0,33.81,-3.38,-9.997,2.0435,5929118,184726652.0,23342210927.0,8829151848.14
2016-02-26,'600666,奥瑞德,33.81,36.0,32.69,35.42,35.36,-1.55,-4.3835,1.7026,4940149,169776076.0,25934937609.0,9809846335.38
2016-02-25,'600666,奥瑞德,35.36,39.32,35.36,39.32,39.29,-3.93,-10.0025,1.8882,5478550,200002693.0,27123909904.0,10259573097.3
2016-02-24,'600666,奥瑞德,39.29,39.59,38.26,39.19,39.19,0.1,0.2552,1.1093,3218713,125371283.0,30138529981.0,11399848048.4
2016-02-23,'600666,奥瑞德,39.19,41.0,38.99,41.0,41.0,-1.81,-4.4146,1.6907,4905408,194154079.0,30061822091.0,11370833418.6
2016-02-22,'600666,奥瑞德,41.0,41.9,40.8,41.39,41.31,-0.31,-0.7504,2.0749,6020300,248657252.0,31450234900.0,11895998218.0
2016-02-19,'600666,奥瑞德,41.31,41.8,38.31,38.31,38.79,2.52,6.4965,2.3289,6757124,271835641.0,31688029359.0,11985943570.4
2016-02-18,'600666,奥瑞德,38.79,41.17,38.5,39.3,37.43,1.36,3.6334,1.953,5666553,222538302.0,29754990531.0,11254774899.4
2016-02-17,'600666,奥瑞德,37.43,37.5,36.81,37.2,37.18,0.25,0.6724,0.9933,2882158,106899561.0,28711763227.0,10860175934.1
2016-02-16,'600666,奥瑞德,37.18,37.31,36.33,36.33,36.33,0.85,2.3397,1.2304,3569834,131961243.0,28519993502.0,10787639359.6
2016-02-15,'600666,奥瑞德,36.33,36.41,35.2,35.8,36.47,-0.14,-0.3839,0.522,1514442,54352127.0,27867976437.0,10541015006.3
2016-02-05,'600666,奥瑞德,36.47,37.19,36.28,36.51,36.52,-0.05,-0.1369,1.0659,3092764,114033663.0,27975367483.0,10581635488.1
2016-02-04,'600666,奥瑞德,36.52,37.16,35.91,36.02,36.12,0.4,1.1074,0.7656,2221312,80974552.0,28013721428.0,10596142803.0
2016-02-03,'600666,奥瑞德,36.12,36.66,35.58,36.2,35.94,0.18,0.5008,0.6517,1890811,68148027.0,27706889868.0,10480084283.8
2016-02-02,'600666,奥瑞德,35.94,36.33,34.73,35.01,35.05,0.89,2.5392,1.0546,3060017,110074002.0,27568815666.0,10427857950.1
2016-02-01,'600666,奥瑞德,35.05,35.44,34.65,35.35,34.91,0.14,0.401,1.04,3017539,105819160.0,26886115445.0,10169627744.9
2016-01-29,'600666,奥瑞德,34.91,35.15,33.5,34.0,33.83,1.08,3.1924,0.9307,2700308,93489676.0,26778724399.0,10129007263.2
2016-01-28,'600666,奥瑞德,33.83,34.5,33.5,34.0,34.56,-0.73,-2.1123,1.0019,2906916,98877928.0,25950279187.0,9815649261.34
2016-01-27,'600666,奥瑞德,34.56,35.0,32.11,34.4,34.46,0.1,0.2902,1.7695,5134211,173999082.0,26510246784.0,10027456058.9
2016-01-26,'600666,奥瑞德,34.46,37.1,33.98,35.53,35.98,-1.52,-4.2246,2.0673,5998320,213471594.0,26433538894.0,9998441429.08
2016-01-25,'600666,奥瑞德,35.98,36.66,35.12,35.12,34.7,1.28,3.6888,1.0294,2986850,107809968.0,27599498822.0,10439463802.0
2016-01-22,'600666,奥瑞德,34.7,35.8,33.3,34.4,34.46,0.24,0.6965,0.9043,2623808,90257822.0,26617637830.0,10068076540.6
2016-01-21,'600666,奥瑞德,34.46,39.0,34.46,37.55,38.29,-3.83,-10.0026,1.4722,4271580,157850252.0,26433538894.0,9998441429.08
2016-01-20,'600666,奥瑞德,38.29,39.26,37.37,39.26,37.47,0.82,2.1884,2.1388,6205569,237935485.0,29371451081.0,11109701750.4
2016-01-19,'600666,奥瑞德,37.47,37.6,35.55,36.4,35.71,1.76,4.9286,1.9607,5688796,208450261.0,28742446383.0,10871781786.1
2016-01-18,'600666,奥瑞德,35.71,36.66,34.77,34.9,36.0,-0.29,-0.8056,1.3842,4016160,143326049.0,27392387519.0,10361124301.6
2016-01-15,'600666,奥瑞德,36.0,37.24,35.1,35.5,35.78,0.22,0.6149,1.8077,5244935,191300099.0,27614840400.0,10445266728.0
2016-01-14,'600666,奥瑞德,35.78,36.47,33.36,34.03,35.03,0.75,2.141,1.9901,5774203,199323955.0,27446083042.0,10381434542.4
2016-01-13,'600666,奥瑞德,35.03,37.79,35.0,36.68,37.0,-1.97,-5.3243,1.1305,3280116,118999522.0,26870773867.0,10163824818.9
2016-01-12,'600666,奥瑞德,37.0,38.5,34.0,37.37,37.27,-0.27,-0.7244,2.5517,7403676,267270419.0,28381919300.0,10735413026.0
2016-01-11,'600666,奥瑞德,37.27,42.58,36.81,40.14,40.14,-2.87,-7.15,3.2873,9537861,382533492.0,28589030603.0,10813752526.5
2016-01-08,'600666,奥瑞德,40.14,40.49,35.31,36.01,37.06,3.08,8.3108,4.5641,13242525,507172052.0,30790547046.0,11646472401.7
2016-01-07,'600666,奥瑞德,37.06,40.1,37.06,40.1,41.18,-4.12,-10.0049,0.3571,1036100,39959219.0,28427944034.0,10752821803.9
2016-01-06,'600666,奥瑞德,41.18,43.0,40.0,41.42,40.99,0.19,0.4635,2.0504,5949075,241692427.0,31588309102.0,11948224551.6
2016-01-05,'600666,奥瑞德,40.99,43.3,39.1,39.1,42.56,-1.57,-3.6889,2.4186,7017419,289358078.0,31442564111.0,11893096755.0
2016-01-04,'600666,奥瑞德,42.56,48.18,42.52,47.58,47.24,-4.68,-9.9069,1.782,5170513,234653158.0,32646877984.0,12348626442.9
2015-12-31,'600666,奥瑞德,47.24,48.78,46.61,48.0,47.98,-0.74,-1.5423,1.4532,4216397,199619844.0,36236807236.0,13706511117.5
2015-12-30,'600666,奥瑞德,47.98,48.57,47.02,47.5,47.89,0.09,0.1879,1.3485,3912730,187228834.0,36804445622.0,13921219378.0
2015-12-29,'600666,奥瑞德,47.89,47.96,46.45,47.13,46.69,1.2,2.5701,1.1011,3194847,151143441.0,36735408521.0,13895106211.2
2015-12-28,'600666,奥瑞德,46.69,49.36,45.92,47.08,46.92,-0.23,-0.4902,2.2839,6626684,312147682.0,35814913841.0,13546930653.6
2015-12-25,'600666,奥瑞德,46.92,47.88,45.55,45.55,45.82,1.1,2.4007,2.3041,6685175,315765399.0,35991341988.0,13613664302.2
2015-12-24,'600666,奥瑞德,45.82,47.2,45.0,47.0,46.91,-1.09,-2.3236,1.3915,4037378,185372668.0,35147555198.0,13294503374.4
2015-12-23,'600666,奥瑞德,46.91,47.57,46.25,46.81,47.5,-0.59,-1.2421,1.6456,4774724,223861397.0,35983671199.0,13610762839.2
2015-12-22,'600666,奥瑞德,47.5,48.4,46.3,48.33,48.1,-0.6,-1.2474,2.527,7332008,344994123.0,36436247750.0,13781949155.0
2015-12-21,'600666,奥瑞德,48.1,49.95,47.7,48.06,48.16,-0.06,-0.1246,3.0049,8718596,423420437.0,36896495090.0,13956036933.8
2015-12-18,'600666,奥瑞德,48.16,49.29,47.83,48.3,48.73,-0.57,-1.1697,2.0321,5896166,285469306.0,36942519824.0,13973445711.7
2015-12-17,'600666,奥瑞德,48.73,49.3,45.5,45.96,46.28,2.45,5.2939,3.8319,11117971,530274273.0,37379754797.0,14138829101.5
2015-12-16,'600666,奥瑞德,46.28,47.0,44.18,44.18,45.13,1.15,2.5482,4.2305,12274503,562726914.0,35500411492.0,13427970671.4
2015-12-15,'600666,奥瑞德,45.13,45.46,41.4,41.41,41.33,3.8,9.1943,8.9806,26056782,1155576388.0,34618270757.0,13094302428.7
2015-12-14,'600666,奥瑞德,41.33,42.18,40.55,41.68,41.98,-0.65,-1.5484,4.3707,12681407,522160811.0,31703370937.0,11991746496.3
2015-12-11,'600666,奥瑞德,41.98,42.5,40.3,41.0,41.91,0.07,0.167,11.5001,33367057,1393143900.0,32201972222.0,12180341590.0
2015-12-10,'600666,奥瑞德,41.91,41.91,40.02,41.91,38.1,3.81,10.0,21.3354,61903935,2568039075.0,32148276699.0,12160031349.2
2015-12-09,'600666,奥瑞德,38.1,38.1,38.1,38.1,34.64,3.46,9.9885,2.1825,6332448,241266269.0,29225706090.0,11054573953.8
2015-12-08,'600666,奥瑞德,34.64,34.64,34.64,34.64,31.49,3.15,10.0032,0.1405,407741,14124148.0,26571613096.0,10050667762.7
2015-12-07,'600666,奥瑞德,31.49,31.49,31.49,31.49,28.63,2.86,9.9895,0.0345,100070,3151204.0,24155314561.0,9136706924.02
2015-12-04,'600666,奥瑞德,28.63,28.63,28.63,28.63,26.03,2.6,9.9885,0.0177,51329,1469549.0,21961468907.0,8306888511.74
2015-12-03,'600666,奥瑞德,0.0,0.0,0.0,0.0,26.03,None,None,0.0,0,0.0,19967063767.0,7552508136.94
2015-12-02,'600666,奥瑞德,0.0,0.0,0.0,0.0,26.03,None,None,0.0,0,0.0,19967063767.0,7552508136.94
2015-12-01,'600666,奥瑞德,0.0,0.0,0.0,0.0,26.03,None,None,0.0,0,0.0,19967063767.0,7552508136.94
2015-11-30,'600666,奥瑞德,0.0,0.0,0.0,0.0,26.03,None,None,0.0,0,0.0,19967063767.0,7552508136.94
2015-11-27,'600666,奥瑞德,0.0,0.0,0.0,0.0,26.03,None,None,0.0,0,0.0,19967063767.0,7552508136.94
2015-11-26,'600666,奥瑞德,0.0,0.0,0.0,0.0,26.03,None,None,0.0,0,0.0,19967063767.0,7552508136.94
2015-11-25,'600666,奥瑞德,0.0,0.0,0.0,0.0,26.03,None,None,0.0,0,0.0,19967063767.0,7552508136.94
2015-11-24,'600666,奥瑞德,0.0,0.0,0.0,0.0,26.03,None,None,0.0,0,0.0,19967063767.0,7552508136.94
2015-11-23,'600666,奥瑞德,0.0,0.0,0.0,0.0,26.03,None,None,0.0,0,0.0,19967063767.0,7552508136.94
2015-11-20,'600666,奥瑞德,0.0,0.0,0.0,0.0,26.03,None,None,0.0,0,0.0,19967063767.0,7552508136.94
2015-11-19,'600666,奥瑞德,0.0,0.0,0.0,0.0,26.03,None,None,0.0,0,0.0,19967063767.0,7552508136.94
2015-11-18,'600666,奥瑞德,0.0,0.0,0.0,0.0,26.03,None,None,0.0,0,0.0,19967063767.0,7552508136.94
2015-11-17,'600666,奥瑞德,0.0,0.0,0.0,0.0,26.03,None,None,0.0,0,0.0,19967063767.0,7552508136.94
2015-11-16,'600666,奥瑞德,0.0,0.0,0.0,0.0,26.03,None,None,0.0,0,0.0,19967063767.0,7552508136.94
2015-11-13,'600666,奥瑞德,0.0,0.0,0.0,0.0,26.03,None,None,0.0,0,0.0,19967063767.0,7552508136.94
2015-11-12,'600666,奥瑞德,0.0,0.0,0.0,0.0,26.03,None,None,0.0,0,0.0,19967063767.0,7552508136.94
2015-11-11,'600666,奥瑞德,0.0,0.0,0.0,0.0,26.03,None,None,0.0,0,0.0,19967063767.0,7552508136.94
2015-11-10,'600666,奥瑞德,0.0,0.0,0.0,0.0,26.03,None,None,0.0,0,0.0,19967063767.0,7552508136.94
2015-11-09,'600666,奥瑞德,0.0,0.0,0.0,0.0,26.03,None,None,0.0,0,0.0,19967063767.0,7552508136.94
2015-11-06,'600666,奥瑞德,0.0,0.0,0.0,0.0,26.03,None,None,0.0,0,0.0,19967063767.0,7552508136.94
2015-11-05,'600666,奥瑞德,0.0,0.0,0.0,0.0,26.03,None,None,0.0,0,0.0,19967063767.0,7552508136.94
2015-11-04,'600666,奥瑞德,0.0,0.0,0.0,0.0,26.03,None,None,0.0,0,0.0,19967063767.0,7552508136.94
2015-11-03,'600666,奥瑞德,0.0,0.0,0.0,0.0,26.03,None,None,0.0,0,0.0,19967063767.0,7552508136.94
2015-11-02,'600666,奥瑞德,0.0,0.0,0.0,0.0,26.03,None,None,0.0,0,0.0,19967063767.0,7552508136.94
2015-10-30,'600666,奥瑞德,0.0,0.0,0.0,0.0,26.03,None,None,0.0,0,0.0,19967063767.0,7552508136.94
2015-10-29,'600666,奥瑞德,0.0,0.0,0.0,0.0,26.03,None,None,0.0,0,0.0,19967063767.0,7552508136.94
2015-10-28,'600666,奥瑞德,0.0,0.0,0.0,0.0,26.03,None,None,0.0,0,0.0,19967063767.0,7552508136.94
2015-10-27,'600666,奥瑞德,0.0,0.0,0.0,0.0,26.03,None,None,0.0,0,0.0,19967063767.0,7552508136.94
2015-10-26,'600666,奥瑞德,0.0,0.0,0.0,0.0,26.03,None,None,0.0,0,0.0,19967063767.0,7552508136.94
2015-10-23,'600666,奥瑞德,0.0,0.0,0.0,0.0,26.03,None,None,0.0,0,0.0,19967063767.0,7552508136.94
2015-10-22,'600666,奥瑞德,0.0,0.0,0.0,0.0,26.03,None,None,0.0,0,0.0,19967063767.0,7552508136.94
2015-10-21,'600666,奥瑞德,0.0,0.0,0.0,0.0,26.03,None,None,0.0,0,0.0,19967063767.0,7552508136.94
2015-10-20,'600666,奥瑞德,0.0,0.0,0.0,0.0,26.03,None,None,0.0,0,0.0,19967063767.0,7552508136.94
2015-10-19,'600666,奥瑞德,0.0,0.0,0.0,0.0,26.03,None,None,0.0,0,0.0,19967063767.0,7552508136.94
2015-10-16,'600666,奥瑞德,0.0,0.0,0.0,0.0,26.03,None,None,0.0,0,0.0,19967063767.0,7552508136.94
2015-10-15,'600666,奥瑞德,0.0,0.0,0.0,0.0,26.03,None,None,0.0,0,0.0,19967063767.0,7552508136.94
2015-10-14,'600666,奥瑞德,0.0,0.0,0.0,0.0,26.03,None,None,0.0,0,0.0,19967063767.0,7552508136.94
2015-10-13,'600666,奥瑞德,0.0,0.0,0.0,0.0,26.03,None,None,0.0,0,0.0,19967063767.0,7552508136.94
2015-10-12,'600666,奥瑞德,0.0,0.0,0.0,0.0,26.03,None,None,0.0,0,0.0,19967063767.0,7552508136.94
2015-10-09,'600666,奥瑞德,0.0,0.0,0.0,0.0,26.03,None,None,0.0,0,0.0,19967063767.0,7552508136.94
2015-10-08,'600666,奥瑞德,0.0,0.0,0.0,0.0,26.03,None,None,0.0,0,0.0,19967063767.0,7552508136.94
2015-09-30,'600666,奥瑞德,0.0,0.0,0.0,0.0,26.03,None,None,0.0,0,0.0,19967063767.0,7552508136.94
2015-09-29,'600666,奥瑞德,0.0,0.0,0.0,0.0,26.03,None,None,0.0,0,0.0,19967063767.0,7552508136.94
2015-09-28,'600666,奥瑞德,0.0,0.0,0.0,0.0,26.03,None,None,0.0,0,0.0,19967063767.0,7552508136.94
2015-09-25,'600666,奥瑞德,0.0,0.0,0.0,0.0,26.03,None,None,0.0,0,0.0,19967063767.0,7552508136.94
2015-09-24,'600666,奥瑞德,0.0,0.0,0.0,0.0,26.03,None,None,0.0,0,0.0,19967063767.0,7552508136.94
2015-09-23,'600666,奥瑞德,0.0,0.0,0.0,0.0,26.03,None,None,0.0,0,0.0,19967063767.0,7552508136.94
2015-09-22,'600666,奥瑞德,0.0,0.0,0.0,0.0,26.03,None,None,0.0,0,0.0,19967063767.0,7552508136.94
2015-09-21,'600666,奥瑞德,0.0,0.0,0.0,0.0,26.03,None,None,0.0,0,0.0,19967063767.0,7552508136.94
2015-09-18,'600666,奥瑞德,0.0,0.0,0.0,0.0,26.03,None,None,0.0,0,0.0,19967063767.0,7552508136.94
2015-09-17,'600666,奥瑞德,0.0,0.0,0.0,0.0,26.03,None,None,0.0,0,0.0,19967063767.0,7552508136.94
2015-09-16,'600666,奥瑞德,0.0,0.0,0.0,0.0,26.03,None,None,0.0,0,0.0,19967063767.0,7552508136.94
2015-09-15,'600666,奥瑞德,0.0,0.0,0.0,0.0,26.03,None,None,0.0,0,0.0,19967063767.0,7552508136.94
2015-09-14,'600666,奥瑞德,0.0,0.0,0.0,0.0,26.03,None,None,0.0,0,0.0,19967063767.0,7552508136.94
2015-09-11,'600666,奥瑞德,0.0,0.0,0.0,0.0,26.03,None,None,0.0,0,0.0,19967063767.0,7552508136.94
2015-09-10,'600666,奥瑞德,0.0,0.0,0.0,0.0,26.03,None,None,0.0,0,0.0,19967063767.0,7552508136.94
2015-09-09,'600666,奥瑞德,0.0,0.0,0.0,0.0,26.03,None,None,0.0,0,0.0,19967063767.0,7552508136.94
2015-09-08,'600666,奥瑞德,0.0,0.0,0.0,0.0,26.03,None,None,0.0,0,0.0,19967063767.0,7552508136.94
2015-09-07,'600666,奥瑞德,0.0,0.0,0.0,0.0,26.03,None,None,0.0,0,0.0,19967063767.0,7552508136.94
2015-09-02,'600666,奥瑞德,0.0,0.0,0.0,0.0,26.03,None,None,0.0,0,0.0,19967063767.0,7552508136.94
2015-09-01,'600666,奥瑞德,0.0,0.0,0.0,0.0,26.03,None,None,0.0,0,0.0,19967063767.0,7552508136.94
2015-08-31,'600666,奥瑞德,0.0,0.0,0.0,0.0,26.03,None,None,0.0,0,0.0,19967063767.0,7552508136.94
2015-08-28,'600666,奥瑞德,0.0,0.0,0.0,0.0,26.03,None,None,0.0,0,0.0,19967063767.0,7552508136.94
2015-08-27,'600666,奥瑞德,0.0,0.0,0.0,0.0,26.03,None,None,0.0,0,0.0,19967063767.0,7552508136.94
2015-08-26,'600666,奥瑞德,0.0,0.0,0.0,0.0,26.03,None,None,0.0,0,0.0,19967063767.0,7552508136.94
2015-08-25,'600666,奥瑞德,0.0,0.0,0.0,0.0,26.03,None,None,0.0,0,0.0,19967063767.0,7552508136.94
2015-08-24,'600666,奥瑞德,0.0,0.0,0.0,0.0,26.03,None,None,0.0,0,0.0,19967063767.0,7552508136.94
2015-08-21,'600666,奥瑞德,26.03,28.49,25.18,27.64,27.98,-1.95,-6.9693,2.5144,7295557,193333569.0,19967063767.0,7552508136.94
2015-08-20,'600666,奥瑞德,27.98,29.88,27.77,29.88,29.79,-1.81,-6.0759,1.4962,4341043,124931787.0,21462867622.0,8118293418.04
2015-08-19,'600666,奥瑞德,29.79,30.48,26.66,28.19,29.33,0.46,1.5684,3.2011,9287988,264802747.0,22851280431.0,8643458217.42
2015-08-18,'600666,奥瑞德,29.33,33.3,29.32,32.18,32.58,-3.25,-9.9754,2.6824,7782982,242155082.0,22498424137.0,8509990920.34
2015-08-17,'600666,奥瑞德,32.58,33.4,31.47,33.4,33.13,-0.55,-1.6601,1.5781,4578919,148646073.0,24991430562.0,9452966388.84
2015-08-14,'600666,奥瑞德,33.13,34.6,32.78,34.4,34.35,-1.22,-3.5517,2.8815,8360671,279005064.0,25413323957.0,9612546852.74
2015-08-13,'600666,奥瑞德,34.35,34.5,32.75,34.0,34.23,0.12,0.3506,2.9932,8684783,289859065.0,26349160215.0,9966525336.3
2015-08-12,'600666,奥瑞德,34.23,35.5,34.15,34.96,35.23,-1.0,-2.8385,1.5635,4536301,157315877.0,26257110747.0,9931707780.54
2015-08-11,'600666,奥瑞德,35.23,36.03,34.08,34.56,34.55,0.68,1.9682,2.6313,7634684,269679146.0,27024189647.0,10221854078.5
2015-08-10,'600666,奥瑞德,34.55,34.99,32.04,33.86,31.81,2.74,8.6136,3.0708,8909907,300808761.0,26502575995.0,10024554595.9
2015-08-07,'600666,奥瑞德,31.81,32.28,30.91,31.01,30.67,1.14,3.717,1.6404,4759481,150320472.0,24400779809.0,9229553739.38
2015-08-06,'600666,奥瑞德,30.67,31.93,30.1,30.92,31.51,-0.84,-2.6658,1.1455,3323716,103309481.0,23526309863.0,8898786959.66
2015-08-05,'600666,奥瑞德,31.51,33.0,30.16,30.8,30.77,0.74,2.4049,3.1689,9194347,290520508.0,24170656139.0,9142509849.98
2015-08-04,'600666,奥瑞德,30.77,30.96,27.52,28.98,28.41,2.36,8.3069,2.5804,7486839,220082038.0,23603017753.0,8927801589.46
2015-08-03,'600666,奥瑞德,28.41,31.2,28.26,31.2,31.4,-2.99,-9.5223,3.1098,9022922,261707524.0,21792711549.0,8243056326.18
2015-07-31,'600666,奥瑞德,31.4,33.55,30.4,32.65,33.02,-1.62,-4.9061,2.7205,7893308,251330556.0,24086277460.0,9110593757.2
2015-07-30,'600666,奥瑞德,33.02,35.18,32.0,32.0,32.39,0.63,1.945,3.9198,11373106,383467267.0,25328945278.0,9580630759.96
2015-07-29,'600666,奥瑞德,32.39,33.3,29.2,30.6,30.33,2.06,6.792,3.0657,8894948,278449358.0,24845685571.0,9397838592.22
2015-07-28,'600666,奥瑞德,30.33,32.99,30.33,30.6,33.7,-3.37,-10.0,3.781,10970410,340961672.0,23265503037.0,8800137218.34
2015-07-27,'600666,奥瑞德,33.7,37.28,33.7,36.1,37.44,-3.74,-9.9893,2.6842,7788234,277031828.0,25850558930.0,9777930242.6
2015-07-24,'600666,奥瑞德,37.44,38.86,36.78,38.83,38.34,-0.9,-2.3474,3.1794,9224921,350417160.0,28719434016.0,10863077397.1
2015-07-23,'600666,奥瑞德,38.34,39.51,38.12,38.85,38.77,-0.43,-1.1091,3.4687,10064443,388553184.0,29409805026.0,11124209065.3
2015-07-22,'600666,奥瑞德,38.77,39.3,37.01,37.75,37.25,1.52,4.0805,3.7861,10985262,419511378.0,29739648953.0,11248971973.5
2015-07-21,'600666,奥瑞德,37.25,38.39,33.5,35.05,35.25,2.0,5.6738,3.3192,9630613,351994458.0,28573689025.0,10807949600.5
2015-07-20,'600666,奥瑞德,35.25,37.3,34.86,35.61,35.3,-0.05,-0.1416,3.252,9435667,337486499.0,27039531225.0,10227657004.5
2015-07-17,'600666,奥瑞德,35.3,36.01,32.6,33.53,32.94,2.36,7.1645,3.2652,9473907,329676004.0,27077885170.0,10242164319.4
2015-07-16,'600666,西南药业,32.94,33.72,28.28,29.99,31.27,1.67,5.3406,3.3399,9690553,308922202.0,25267578966.0,9557419056.12
2015-07-15,'600666,西南药业,31.27,36.19,30.8,36.19,32.9,-1.63,-4.9544,6.4555,18730252,627404858.0,23986557203.0,9072874738.46
2015-07-14,'600666,西南药业,32.9,32.9,32.9,32.9,29.91,2.99,9.9967,0.0395,114500,3767050.0,25236895810.0,9545813204.2
2015-07-13,'600666,西南药业,29.91,29.91,29.91,29.91,27.19,2.72,10.0037,0.1174,340543,10185641.0,22943329899.0,8678275773.18
2015-07-10,'600666,西南药业,0.0,0.0,0.0,0.0,27.19,None,None,0.0,0,0.0,20856875291.0,7889077842.62
2015-07-09,'600666,西南药业,0.0,0.0,0.0,0.0,27.19,None,None,0.0,0,0.0,20856875291.0,7889077842.62
2015-07-08,'600666,西南药业,0.0,0.0,0.0,0.0,27.19,None,None,0.0,0,0.0,20856875291.0,7889077842.62
2015-07-07,'600666,西南药业,27.19,29.49,27.19,29.22,30.21,-3.02,-9.9967,2.0267,5880486,160811459.0,20856875291.0,7889077842.62
2015-07-06,'600666,西南药业,30.21,36.93,30.21,36.93,33.57,-3.36,-10.0089,5.1962,15076680,496396363.0,23173453569.0,8765319662.58
2015-07-03,'600666,西南药业,33.57,38.0,31.98,33.96,35.53,-1.96,-5.5165,5.407,15688163,528265558.0,25750838673.0,9740211223.86
2015-07-02,'600666,西南药业,35.53,41.35,35.53,40.0,39.48,-3.95,-10.0051,3.9777,11541051,436517614.0,27254313317.0,10308897967.9
2015-07-01,'600666,西南药业,39.48,43.8,38.3,41.5,42.55,-3.07,-7.215,3.6149,10488436,436827031.0,30284274972.0,11454975845.0
2015-06-30,'600666,西南药业,42.55,42.99,36.53,39.5,39.08,3.47,8.8792,4.8475,14064848,565161003.0,32639207195.0,12345724979.9
2015-06-29,'600666,西南药业,39.08,39.2,32.08,36.45,35.64,3.44,9.6521,6.2271,18067629,647657478.0,29977443412.0,11338917325.8
2015-06-26,'600666,西南药业,35.64,38.58,35.44,38.58,39.38,-3.74,-9.4972,4.3958,12754208,467649405.0,27338691996.0,10340814060.7
2015-06-25,'600666,西南药业,39.38,41.5,38.7,41.3,41.27,-1.89,-4.5796,1.7512,5081113,205859859.0,30207567082.0,11425961215.2
2015-06-24,'600666,西南药业,41.27,41.88,39.21,40.2,39.87,1.4,3.5114,2.2249,6455412,262112155.0,31657346203.0,11974337718.5
2015-06-23,'600666,西南药业,39.87,42.5,37.31,41.45,41.45,-1.58,-3.8118,2.4389,7076291,279801424.0,30583435743.0,11568132901.3
2015-06-19,'600666,西南药业,41.45,45.0,41.0,44.02,45.02,-3.57,-7.9298,3.2763,9505951,405174483.0,31795420405.0,12026564052.1
2015-06-18,'600666,西南药业,45.02,47.58,44.58,47.07,46.76,-1.74,-3.7211,1.4005,4063406,188697718.0,34533892078.0,13062386336.0
2015-06-17,'600666,西南药业,46.76,46.97,44.0,45.0,44.67,2.09,4.6788,2.7007,7835994,355778340.0,35868609364.0,13567240894.5
2015-06-16,'600666,西南药业,44.67,48.89,44.6,48.6,48.14,-3.47,-7.2081,2.3089,6699151,310304978.0,34265414463.0,12960835131.7
2015-06-15,'600666,西南药业,48.14,51.63,47.46,51.61,51.63,-3.49,-6.7596,3.2973,9567039,470673616.0,36927178246.0,13967642785.7
2015-06-12,'600666,西南药业,51.63,52.79,51.1,51.89,51.7,-0.07,-0.1354,2.7454,7965535,414020562.0,39604283607.0,14980253365.7
2015-06-11,'600666,西南药业,51.7,52.98,49.51,50.3,50.49,1.21,2.3965,2.8855,8372306,430578889.0,38292568894.8,15000563606.6
2015-06-10,'600666,西南药业,50.49,51.49,49.3,49.9,49.7,0.79,1.5895,2.985,8660918,436539815.0,37396359835.6,14649486586.0
2015-06-09,'600666,西南药业,49.7,51.45,48.0,49.2,49.71,-0.01,-0.0201,2.3181,6725964,332603138.0,36811231606.8,14420271010.6
2015-06-08,'600666,西南药业,49.71,52.25,48.84,51.8,50.87,-1.16,-2.2803,2.5135,7292836,363685173.0,36818638293.2,14423172473.6
2015-06-05,'600666,西南药业,50.87,53.35,49.55,52.28,51.77,-0.9,-1.7385,3.1672,9189503,469414933.0,37677813920.3,14759742179.3
2015-06-04,'600666,西南药业,51.77,54.99,48.0,52.3,52.98,-1.21,-2.2839,3.2664,9477297,483056939.0,38344415699.9,15020873847.5
2015-06-03,'600666,西南药业,52.98,55.87,51.6,54.95,54.15,-1.17,-2.1607,3.3744,9790588,520043951.0,39240624759.1,15371950868.0
2015-06-02,'600666,西南药业,54.15,54.15,49.25,49.3,49.23,4.92,9.9939,3.2826,9524222,488626632.0,40107207072.6,15711422036.7
2015-06-01,'600666,西南药业,49.23,49.23,44.6,44.6,44.75,4.48,10.0112,4.1539,12052258,581404589.0,36463117344.1,14283902250.5
2015-05-29,'600666,西南药业,44.75,46.16,41.11,43.11,43.1,1.65,3.8283,5.0345,14607447,643385157.0,33144921819.0,12984046835.5
2015-05-28,'600666,西南药业,43.1,48.2,42.53,47.1,47.04,-3.94,-8.3759,4.7626,13818646,638419127.0,31922818556.4,12505305443.8
2015-05-27,'600666,西南药业,47.04,48.0,42.25,44.25,44.21,2.83,6.4013,4.68,13578702,608373304.0,34841053013.8,13648481857.9
2015-05-26,'600666,西南药业,44.21,44.96,40.6,44.82,45.01,-0.8,-1.7774,4.8302,14014637,612774775.0,32744960751.2,12827367834.6
2015-05-25,'600666,西南药业,45.01,46.26,43.0,44.33,44.33,0.68,1.5339,4.5336,13154129,594731933.0,33337495666.4,13059484873.0
2015-05-22,'600666,西南药业,44.33,44.33,39.1,40.11,40.3,4.03,10.0,6.3567,18443676,784156107.0,32833840988.5,12862185390.3
2015-05-21,'600666,西南药业,40.3,41.1,35.5,36.97,37.36,2.94,7.8694,4.8362,14032134,548499349.0,29848946353.2,11692895809.4
2015-05-20,'600666,西南药业,37.36,40.1,36.8,40.08,36.66,0.7,1.9094,5.3045,15390887,589280113.0,27671380539.8,10839865693.3
2015-05-19,'600666,西南药业,36.66,36.66,34.0,34.0,33.33,3.33,9.991,1.0075,2923302,104714422.0,27152912489.0,10636763284.7
2015-05-18,'600666,西南药业,33.33,33.33,30.11,30.11,30.3,3.03,10.0,3.4009,9867601,319960509.0,24686485904.5,9670576112.34
