2016-02-05,'600643,爱建集团,9.68,10.12,9.64,10.12,10.17,-0.49,-4.8181,2.8225,40475198,399775843.0,13911513689.9,13881389897.8
2016-02-04,'600643,爱建集团,10.17,10.34,9.87,9.89,9.87,0.3,3.0395,4.3712,62684870,630710814.0,14615712213.5,14584063559.9
2016-02-03,'600643,爱建集团,9.87,9.98,9.56,9.89,10.15,-0.28,-2.7586,3.6935,52966454,518688696.0,14184570260.3,14153855195.3
2016-02-02,'600643,爱建集团,10.15,10.3,9.55,9.58,9.72,0.43,4.4239,6.1453,88124725,878017401.0,14586969416.6,14555383002.3
2016-02-01,'600643,爱建集团,9.72,9.97,9.47,9.74,9.45,0.27,2.8571,6.4447,92418699,901999089.0,13968999283.7,13938751013.0
2016-01-29,'600643,爱建集团,9.45,9.45,8.6,8.63,8.59,0.86,10.0116,2.2505,32272930,297092939.0,13580971525.8,13551563484.9
2016-01-28,'600643,爱建集团,8.59,9.15,8.56,8.67,8.76,-0.17,-1.9406,3.2693,46882538,417660603.0,12345031260.0,12318299506.4
2016-01-27,'600643,爱建集团,8.76,9.14,8.33,9.01,9.14,-0.38,-4.1575,3.7891,54337427,478680984.0,12589345033.4,12562084246.3
2016-01-26,'600643,爱建集团,9.14,10.08,9.14,9.95,10.15,-1.01,-9.9507,3.3205,47616652,456458525.0,13135458174.2,13107014841.5
2016-01-25,'600643,爱建集团,10.15,10.4,10.02,10.34,10.23,-0.08,-0.782,2.5477,36535205,373394301.0,14586969416.6,14555383002.3
2016-01-22,'600643,爱建集团,10.23,10.26,9.76,10.06,9.9,0.33,3.3333,2.6024,37318497,375200607.0,14701940604.1,14670105232.9
2016-01-21,'600643,爱建集团,9.9,10.59,9.88,10.3,10.47,-0.57,-5.4441,3.1806,45610255,466586641.0,14227684455.6,14196876031.8
2016-01-20,'600643,爱建集团,10.47,10.77,10.35,10.66,10.82,-0.35,-3.2348,4.0491,58064870,612614410.0,15046854166.7,15014271924.5
2016-01-19,'600643,爱建集团,10.82,10.96,10.02,10.12,10.13,0.69,6.8115,4.2953,61595149,641792488.0,15549853112.1,15516181683.2
2016-01-18,'600643,爱建集团,10.13,10.35,9.58,9.78,9.81,0.32,3.262,3.2046,45955333,462457211.0,14558226619.7,14526702444.7
2016-01-15,'600643,爱建集团,9.81,10.44,9.66,10.38,10.46,-0.65,-6.2141,3.479,49889602,503043255.0,14098341869.6,14067813522.4
2016-01-14,'600643,爱建集团,10.46,10.53,9.51,9.7,9.89,0.57,5.7634,3.8579,55323955,560385098.0,15032482768.2,14999931645.7
2016-01-13,'600643,爱建集团,9.89,10.64,9.86,10.53,10.42,-0.53,-5.0864,3.0328,43491496,447745660.0,14213313057.2,14182535753.0
2016-01-12,'600643,爱建集团,10.42,10.58,10.0,10.29,10.19,0.23,2.2571,3.3885,48591453,502434837.0,14974997174.5,14942570530.4
2016-01-11,'600643,爱建集团,10.19,11.14,10.19,10.8,11.32,-1.13,-9.9823,3.8054,54570204,578595893.0,14644455010.4,14612744117.6
2016-01-08,'600643,爱建集团,11.32,11.84,10.37,11.65,11.4,-0.08,-0.7018,4.335,62164490,706842834.0,16268423034.1,16233195624.2
2016-01-07,'600643,爱建集团,11.4,12.4,11.4,12.4,12.67,-1.27,-10.0237,0.8433,12092897,142453395.0,16383394221.6,16347917854.8
2016-01-06,'600643,爱建集团,12.67,12.76,12.22,12.38,12.43,0.24,1.9308,3.4657,49699202,621603645.0,18208561823.5,18169133264.9
2016-01-05,'600643,爱建集团,12.43,12.97,11.87,12.31,13.19,-0.76,-5.7619,4.7475,68080874,847144395.0,17863648260.9,17824966573.3
2016-01-04,'600643,爱建集团,13.19,14.62,13.19,14.61,14.65,-1.46,-9.9659,3.1165,44691206,616020035.0,18955874542.4,18914827763.6
2015-12-31,'600643,爱建集团,14.65,15.04,14.59,14.93,14.89,-0.24,-1.6118,2.3746,34052946,505550357.0,21054098714.6,21008508471.3
2015-12-30,'600643,爱建集团,14.89,15.1,14.7,14.97,15.01,-0.12,-0.7995,3.0266,43401756,647447854.0,21399012277.2,21352675163.0
2015-12-29,'600643,爱建集团,15.01,15.22,14.62,15.1,15.31,-0.3,-1.9595,3.7056,53139471,792486617.0,21571469058.4,21524758508.8
2015-12-28,'600643,爱建集团,15.31,16.2,15.29,15.93,15.95,-0.64,-4.0125,5.0061,71788772,1133974789.0,22002611011.6,21954966873.4
2015-12-25,'600643,爱建集团,15.95,15.98,15.52,15.84,15.73,0.22,1.3986,4.2999,61662142,972278606.0,22922380511.8,22872744717.9
2015-12-24,'600643,爱建集团,15.73,16.11,15.58,15.8,16.05,-0.32,-1.9938,4.8855,70060084,1106919443.0,22606209746.1,22557258583.9
2015-12-23,'600643,爱建集团,16.05,16.6,15.03,15.12,15.16,0.89,5.8707,9.111,130654127,2046189153.0,23066094496.2,23016147506.1
2015-12-22,'600643,爱建集团,15.16,15.24,14.97,15.12,15.22,-0.06,-0.3942,4.1647,59723601,901817308.0,21787040035.0,21739862691.1
2015-12-21,'600643,爱建集团,15.22,15.48,14.59,14.82,14.84,0.38,2.5606,6.3289,90758017,1362091292.0,21873268425.7,21825904364.0
2015-12-18,'600643,爱建集团,14.84,15.34,14.75,15.08,15.08,-0.24,-1.5915,4.9323,70730503,1059673055.0,21327155285.0,21280973768.9
2015-12-17,'600643,爱建集团,15.08,15.27,14.57,14.67,14.59,0.49,3.3585,6.2061,88997729,1331790314.0,21672068847.5,21625140460.6
2015-12-16,'600643,爱建集团,14.59,14.94,14.5,14.83,14.73,-0.14,-0.9504,3.8754,55573815,817630488.0,20967870324.0,20922466798.4
2015-12-15,'600643,爱建集团,14.73,14.97,14.62,14.9,15.0,-0.27,-1.8,3.7504,53782035,796365237.0,21169069902.1,21123230701.9
2015-12-14,'600643,爱建集团,15.0,15.05,14.3,14.57,14.82,0.18,1.2146,4.4623,63990331,932234823.0,21557097660.0,21510418230.0
2015-12-11,'600643,爱建集团,14.82,15.29,14.4,14.65,14.72,0.1,0.6793,5.2752,75647739,1128398879.0,21298412488.1,21252293211.2
2015-12-10,'600643,爱建集团,14.72,15.36,14.5,15.0,15.29,-0.57,-3.7279,7.2834,104445626,1554258036.0,21154698503.7,21108890423.0
2015-12-09,'600643,爱建集团,15.29,16.57,15.06,15.5,16.73,-1.44,-8.6073,11.1359,159691406,2440552688.0,21973868214.8,21926286315.8
2015-12-08,'600643,爱建集团,0.0,0.0,0.0,0.0,16.73,None,None,0.0,0,0.0,24043349590.1,23991286465.9
2015-12-07,'600643,爱建集团,0.0,0.0,0.0,0.0,16.73,None,None,0.0,0,0.0,24043349590.1,23991286465.9
2015-12-04,'600643,爱建集团,0.0,0.0,0.0,0.0,16.73,None,None,0.0,0,0.0,24043349590.1,23991286465.9
2015-12-03,'600643,爱建集团,0.0,0.0,0.0,0.0,16.73,None,None,0.0,0,0.0,24043349590.1,23991286465.9
2015-12-02,'600643,爱建集团,0.0,0.0,0.0,0.0,16.73,None,None,0.0,0,0.0,24043349590.1,23991286465.9
2015-12-01,'600643,爱建集团,0.0,0.0,0.0,0.0,16.73,None,None,0.0,0,0.0,24043349590.1,23991286465.9
2015-11-30,'600643,爱建集团,0.0,0.0,0.0,0.0,16.73,None,None,0.0,0,0.0,24043349590.1,23991286465.9
2015-11-27,'600643,爱建集团,0.0,0.0,0.0,0.0,16.73,None,None,0.0,0,0.0,24043349590.1,23991286465.9
2015-11-26,'600643,爱建集团,0.0,0.0,0.0,0.0,16.73,None,None,0.0,0,0.0,24043349590.1,23991286465.9
2015-11-25,'600643,爱建集团,0.0,0.0,0.0,0.0,16.73,None,None,0.0,0,0.0,24043349590.1,23991286465.9
2015-11-24,'600643,爱建集团,0.0,0.0,0.0,0.0,16.73,None,None,0.0,0,0.0,24043349590.1,23991286465.9
2015-11-23,'600643,爱建集团,0.0,0.0,0.0,0.0,16.73,None,None,0.0,0,0.0,24043349590.1,23991286465.9
2015-11-20,'600643,爱建集团,0.0,0.0,0.0,0.0,16.73,None,None,0.0,0,0.0,24043349590.1,23991286465.9
2015-11-19,'600643,爱建集团,0.0,0.0,0.0,0.0,16.73,None,None,0.0,0,0.0,24043349590.1,23991286465.9
2015-11-18,'600643,爱建集团,0.0,0.0,0.0,0.0,16.73,None,None,0.0,0,0.0,24043349590.1,23991286465.9
2015-11-17,'600643,爱建集团,0.0,0.0,0.0,0.0,16.73,None,None,0.0,0,0.0,24043349590.1,23991286465.9
2015-11-16,'600643,爱建集团,0.0,0.0,0.0,0.0,16.73,None,None,0.0,0,0.0,24043349590.1,23991286465.9
2015-11-13,'600643,爱建集团,0.0,0.0,0.0,0.0,16.73,None,None,0.0,0,0.0,24043349590.1,23991286465.9
2015-11-12,'600643,爱建集团,0.0,0.0,0.0,0.0,16.73,None,None,0.0,0,0.0,24043349590.1,23991286465.9
2015-11-11,'600643,爱建集团,0.0,0.0,0.0,0.0,16.73,None,None,0.0,0,0.0,24043349590.1,23991286465.9
2015-11-10,'600643,爱建集团,0.0,0.0,0.0,0.0,16.73,None,None,0.0,0,0.0,24043349590.1,23991286465.9
2015-11-09,'600643,爱建集团,0.0,0.0,0.0,0.0,16.73,None,None,0.0,0,0.0,24043349590.1,23991286465.9
2015-11-06,'600643,爱建集团,0.0,0.0,0.0,0.0,16.73,None,None,0.0,0,0.0,24043349590.1,23991286465.9
2015-11-05,'600643,爱建集团,0.0,0.0,0.0,0.0,16.73,None,None,0.0,0,0.0,24043349590.1,23991286465.9
2015-11-04,'600643,爱建集团,0.0,0.0,0.0,0.0,16.73,None,None,0.0,0,0.0,24043349590.1,23991286465.9
2015-11-03,'600643,爱建集团,0.0,0.0,0.0,0.0,16.73,None,None,0.0,0,0.0,24043349590.1,23991286465.9
2015-11-02,'600643,爱建集团,0.0,0.0,0.0,0.0,16.73,None,None,0.0,0,0.0,24043349590.1,23991286465.9
2015-10-30,'600643,爱建集团,0.0,0.0,0.0,0.0,16.73,None,None,0.0,0,0.0,24043349590.1,23991286465.9
2015-10-29,'600643,爱建集团,0.0,0.0,0.0,0.0,16.73,None,None,0.0,0,0.0,24043349590.1,23991286465.9
2015-10-28,'600643,爱建集团,0.0,0.0,0.0,0.0,16.73,None,None,0.0,0,0.0,24043349590.1,23991286465.9
2015-10-27,'600643,爱建集团,0.0,0.0,0.0,0.0,16.73,None,None,0.0,0,0.0,24043349590.1,23991286465.9
2015-10-26,'600643,爱建集团,0.0,0.0,0.0,0.0,16.73,None,None,0.0,0,0.0,24043349590.1,23991286465.9
2015-10-23,'600643,爱建集团,0.0,0.0,0.0,0.0,16.73,None,None,0.0,0,0.0,24043349590.1,23991286465.9
2015-10-22,'600643,爱建集团,0.0,0.0,0.0,0.0,16.73,None,None,0.0,0,0.0,24043349590.1,23991286465.9
2015-10-21,'600643,爱建集团,0.0,0.0,0.0,0.0,16.73,None,None,0.0,0,0.0,24043349590.1,23991286465.9
2015-10-20,'600643,爱建集团,0.0,0.0,0.0,0.0,16.73,None,None,0.0,0,0.0,24043349590.1,23991286465.9
2015-10-19,'600643,爱建集团,0.0,0.0,0.0,0.0,16.73,None,None,0.0,0,0.0,24043349590.1,23991286465.9
2015-10-16,'600643,爱建集团,0.0,0.0,0.0,0.0,16.73,None,None,0.0,0,0.0,24043349590.1,23991286465.9
2015-10-15,'600643,爱建集团,0.0,0.0,0.0,0.0,16.73,None,None,0.0,0,0.0,24043349590.1,23991286465.9
2015-10-14,'600643,爱建集团,0.0,0.0,0.0,0.0,16.73,None,None,0.0,0,0.0,24043349590.1,23991286465.9
2015-10-13,'600643,爱建集团,0.0,0.0,0.0,0.0,16.73,None,None,0.0,0,0.0,24043349590.1,23991286465.9
2015-10-12,'600643,爱建集团,0.0,0.0,0.0,0.0,16.73,None,None,0.0,0,0.0,24043349590.1,23991286465.9
2015-10-09,'600643,爱建集团,0.0,0.0,0.0,0.0,16.73,None,None,0.0,0,0.0,24043349590.1,23991286465.9
2015-10-08,'600643,爱建集团,0.0,0.0,0.0,0.0,16.73,None,None,0.0,0,0.0,24043349590.1,23991286465.9
2015-09-30,'600643,爱建集团,0.0,0.0,0.0,0.0,16.73,None,None,0.0,0,0.0,24043349590.1,23991286465.9
2015-09-29,'600643,爱建集团,0.0,0.0,0.0,0.0,16.73,None,None,0.0,0,0.0,24043349590.1,23991286465.9
2015-09-28,'600643,爱建集团,0.0,0.0,0.0,0.0,16.73,None,None,0.0,0,0.0,24043349590.1,23991286465.9
2015-09-25,'600643,爱建集团,0.0,0.0,0.0,0.0,16.73,None,None,0.0,0,0.0,24043349590.1,23991286465.9
2015-09-24,'600643,爱建集团,0.0,0.0,0.0,0.0,16.73,None,None,0.0,0,0.0,24043349590.1,23991286465.9
2015-09-23,'600643,爱建集团,0.0,0.0,0.0,0.0,16.73,None,None,0.0,0,0.0,24043349590.1,23991286465.9
2015-09-22,'600643,爱建集团,0.0,0.0,0.0,0.0,16.73,None,None,0.0,0,0.0,24043349590.1,23991286465.9
2015-09-21,'600643,爱建集团,0.0,0.0,0.0,0.0,16.73,None,None,0.0,0,0.0,24043349590.1,23991286465.9
2015-09-18,'600643,爱建集团,0.0,0.0,0.0,0.0,16.73,None,None,0.0,0,0.0,24043349590.1,23991286465.9
2015-09-17,'600643,爱建集团,0.0,0.0,0.0,0.0,16.73,None,None,0.0,0,0.0,24043349590.1,23991286465.9
2015-09-16,'600643,爱建集团,0.0,0.0,0.0,0.0,16.73,None,None,0.0,0,0.0,24043349590.1,23991286465.9
2015-09-15,'600643,爱建集团,0.0,0.0,0.0,0.0,16.73,None,None,0.0,0,0.0,24043349590.1,23991286465.9
2015-09-14,'600643,爱建集团,0.0,0.0,0.0,0.0,16.73,None,None,0.0,0,0.0,24043349590.1,23991286465.9
2015-09-11,'600643,爱建集团,0.0,0.0,0.0,0.0,16.73,None,None,0.0,0,0.0,24043349590.1,23991286465.9
2015-09-10,'600643,爱建集团,0.0,0.0,0.0,0.0,16.73,None,None,0.0,0,0.0,24043349590.1,23991286465.9
2015-09-09,'600643,爱建集团,0.0,0.0,0.0,0.0,16.73,None,None,0.0,0,0.0,24043349590.1,23991286465.9
2015-09-08,'600643,爱建股份,0.0,0.0,0.0,0.0,16.73,None,None,0.0,0,0.0,24043349590.1,23991286465.9
2015-09-07,'600643,爱建股份,0.0,0.0,0.0,0.0,16.73,None,None,0.0,0,0.0,24043349590.1,23991286465.9
2015-09-02,'600643,爱建股份,0.0,0.0,0.0,0.0,16.73,None,None,0.0,0,0.0,24043349590.1,23991286465.9
2015-09-01,'600643,爱建股份,0.0,0.0,0.0,0.0,16.73,None,None,0.0,0,0.0,24043349590.1,23991286465.9
2015-08-31,'600643,爱建股份,0.0,0.0,0.0,0.0,16.73,None,None,0.0,0,0.0,24043349590.1,23991286465.9
2015-08-28,'600643,爱建股份,0.0,0.0,0.0,0.0,16.73,None,None,0.0,0,0.0,24043349590.1,23991286465.9
2015-08-27,'600643,爱建股份,0.0,0.0,0.0,0.0,16.73,None,None,0.0,0,0.0,24043349590.1,23991286465.9
2015-08-26,'600643,爱建股份,0.0,0.0,0.0,0.0,16.73,None,None,0.0,0,0.0,24043349590.1,23991286465.9
2015-08-25,'600643,爱建股份,0.0,0.0,0.0,0.0,16.73,None,None,0.0,0,0.0,24043349590.1,23991286465.9
2015-08-24,'600643,爱建股份,0.0,0.0,0.0,0.0,16.73,None,None,0.0,0,0.0,24043349590.1,23991286465.9
2015-08-21,'600643,爱建股份,0.0,0.0,0.0,0.0,16.73,None,None,0.0,0,0.0,24043349590.1,23991286465.9
2015-08-20,'600643,爱建股份,0.0,0.0,0.0,0.0,16.73,None,None,0.0,0,0.0,24043349590.1,23991286465.9
2015-08-19,'600643,爱建股份,0.0,0.0,0.0,0.0,16.73,None,None,0.0,0,0.0,24043349590.1,23991286465.9
2015-08-18,'600643,爱建股份,0.0,0.0,0.0,0.0,16.73,None,None,0.0,0,0.0,24043349590.1,23991286465.9
2015-08-17,'600643,爱建股份,0.0,0.0,0.0,0.0,16.73,None,None,0.0,0,0.0,24043349590.1,23991286465.9
2015-08-14,'600643,爱建股份,0.0,0.0,0.0,0.0,16.73,None,None,0.0,0,0.0,24043349590.1,23991286465.9
2015-08-13,'600643,爱建股份,0.0,0.0,0.0,0.0,16.73,None,None,0.0,0,0.0,24043349590.1,23991286465.9
2015-08-12,'600643,爱建股份,0.0,0.0,0.0,0.0,16.73,None,None,0.0,0,0.0,24043349590.1,23991286465.9
2015-08-11,'600643,爱建股份,0.0,0.0,0.0,0.0,16.73,None,None,0.0,0,0.0,24043349590.1,23991286465.9
2015-08-10,'600643,爱建股份,0.0,0.0,0.0,0.0,16.73,None,None,0.0,0,0.0,24043349590.1,23991286465.9
2015-08-07,'600643,爱建股份,0.0,0.0,0.0,0.0,16.73,None,None,0.0,0,0.0,24043349590.1,23991286465.9
2015-08-06,'600643,爱建股份,0.0,0.0,0.0,0.0,16.73,None,None,0.0,0,0.0,24043349590.1,23991286465.9
2015-08-05,'600643,爱建股份,0.0,0.0,0.0,0.0,16.73,None,None,0.0,0,0.0,24043349590.1,23991286465.9
2015-08-04,'600643,爱建股份,0.0,0.0,0.0,0.0,16.73,None,None,0.0,0,0.0,24043349590.1,23991286465.9
2015-08-03,'600643,爱建股份,0.0,0.0,0.0,0.0,16.73,None,None,0.0,0,0.0,24043349590.1,23991286465.9
2015-07-31,'600643,爱建股份,0.0,0.0,0.0,0.0,16.73,None,None,0.0,0,0.0,24043349590.1,23991286465.9
2015-07-30,'600643,爱建股份,0.0,0.0,0.0,0.0,16.73,None,None,0.0,0,0.0,24043349590.1,23991286465.9
2015-07-29,'600643,爱建股份,0.0,0.0,0.0,0.0,16.73,None,None,0.0,0,0.0,24043349590.1,23991286465.9
2015-07-28,'600643,爱建股份,0.0,0.0,0.0,0.0,16.73,None,None,0.0,0,0.0,24043349590.1,23990883005.2
2015-07-27,'600643,爱建股份,0.0,0.0,0.0,0.0,16.73,None,None,0.0,0,0.0,24043349590.1,23990883005.2
2015-07-24,'600643,爱建股份,0.0,0.0,0.0,0.0,16.73,None,None,0.0,0,0.0,24043349590.1,23990883005.2
2015-07-23,'600643,爱建股份,0.0,0.0,0.0,0.0,16.73,None,None,0.0,0,0.0,24043349590.1,23990883005.2
2015-07-22,'600643,爱建股份,0.0,0.0,0.0,0.0,16.73,None,None,0.0,0,0.0,24043349590.1,23990883005.2
2015-07-21,'600643,爱建股份,0.0,0.0,0.0,0.0,16.73,None,None,0.0,0,0.0,24043349590.1,23990883005.2
2015-07-20,'600643,爱建股份,0.0,0.0,0.0,0.0,16.73,None,None,0.0,0,0.0,24043349590.1,23990883005.2
2015-07-17,'600643,爱建股份,0.0,0.0,0.0,0.0,16.73,None,None,0.0,0,0.0,24043349590.1,23990883005.2
2015-07-16,'600643,爱建股份,0.0,0.0,0.0,0.0,16.73,None,None,0.0,0,0.0,24043349590.1,23990883005.2
2015-07-15,'600643,爱建股份,0.0,0.0,0.0,0.0,16.73,None,None,0.0,0,0.0,24043349590.1,23990883005.2
2015-07-14,'600643,爱建股份,0.0,0.0,0.0,0.0,16.73,None,None,0.0,0,0.0,24043349590.1,23990883005.2
2015-07-13,'600643,爱建股份,0.0,0.0,0.0,0.0,16.73,None,None,0.0,0,0.0,24043349590.1,23990883005.2
2015-07-10,'600643,爱建股份,0.0,0.0,0.0,0.0,16.73,None,None,0.0,0,0.0,24043349590.1,23990883005.2
2015-07-09,'600643,爱建股份,0.0,0.0,0.0,0.0,16.73,None,None,0.0,0,0.0,24043349590.1,23990883005.2
2015-07-08,'600643,爱建股份,0.0,0.0,0.0,0.0,16.73,None,None,0.0,0,0.0,24043349590.1,23990883005.2
2015-07-07,'600643,爱建股份,0.0,0.0,0.0,0.0,16.73,None,None,0.0,0,0.0,24043349590.1,23990883005.2
2015-07-06,'600643,爱建股份,0.0,0.0,0.0,0.0,16.73,None,None,0.0,0,0.0,24043349590.1,23990883005.2
2015-07-03,'600643,爱建股份,0.0,0.0,0.0,0.0,16.73,None,None,0.0,0,0.0,24043349590.1,23990883005.2
2015-07-02,'600643,爱建股份,0.0,0.0,0.0,0.0,16.73,None,None,0.0,0,0.0,24043349590.1,23990883005.2
2015-07-01,'600643,爱建股份,0.0,0.0,0.0,0.0,16.73,None,None,0.0,0,0.0,24043349590.1,23990883005.2
2015-06-30,'600643,爱建股份,0.0,0.0,0.0,0.0,16.73,None,None,0.0,0,0.0,24043349590.1,23990883005.2
2015-06-29,'600643,爱建股份,16.73,19.18,16.73,18.99,18.59,-1.86,-10.0054,5.0885,72969887,1266601633.0,24043349590.1,23990883005.2
2015-06-26,'600643,爱建股份,18.59,20.18,18.59,19.79,20.66,-2.07,-10.0194,3.8827,55678334,1071472274.0,26716429700.0,26658130009.9
2015-06-25,'600643,爱建股份,20.66,21.73,20.01,20.9,20.73,-0.07,-0.3377,6.8547,98296403,2061688849.0,29691309177.0,29626517805.6
2015-06-24,'600643,爱建股份,20.73,20.8,19.28,20.18,20.13,0.6,2.9806,4.9437,70893135,1421176582.0,29791908966.1,29726898069.2
2015-06-23,'600643,爱建股份,20.13,20.32,17.9,20.0,19.72,0.41,2.0791,3.8667,55449153,1077937438.0,28929625059.7,28866495809.6
2015-06-19,'600643,爱建股份,19.72,21.58,19.42,20.2,20.86,-1.14,-5.465,4.3123,61838551,1277316839.0,28340397723.7,28278554265.5
2015-06-18,'600643,XR爱建股,20.86,22.18,20.5,20.88,20.78,0.08,0.385,3.3216,47632508,1026455404.0,29978737145.8,29913318558.8
2015-06-17,'600643,爱建股份,27.02,27.42,24.63,27.0,26.84,0.18,0.6706,4.8933,53977162,1414578128.0,29870398919.8,29805216736.4
2015-06-16,'600643,爱建股份,26.84,27.82,26.3,27.8,27.73,-0.89,-3.2095,4.7954,52896932,1432150626.0,29671410325.9,29606662368.8
2015-06-15,'600643,爱建股份,27.73,29.23,26.98,29.2,28.97,-1.24,-4.2803,7.4197,81844778,2290745742.0,30655298373.2,30588403408.6
2015-06-12,'600643,爱建股份,28.97,29.8,28.58,29.5,29.16,-0.19,-0.6516,5.7678,63622987,1849189693.0,32026108686.4,31956222385.4
2015-06-11,'600643,爱建股份,29.16,29.97,28.18,28.2,28.11,1.05,3.7353,7.9747,87967178,2564294270.0,32236152202.1,32165807551.2
2015-06-10,'600643,爱建股份,28.11,28.5,26.8,27.13,27.07,1.04,3.8419,5.371,59246874,1661686184.0,31075385404.7,31007573740.2
2015-06-09,'600643,爱建股份,27.07,27.97,26.6,27.55,27.57,-0.5,-1.8136,3.9369,43427450,1182058863.0,29925673529.2,29860370727.4
2015-06-08,'600643,爱建股份,27.57,28.69,27.0,28.38,28.73,-1.16,-4.0376,6.0977,67262029,1856248677.0,30478419623.2,30411910637.4
2015-06-05,'600643,爱建股份,28.73,30.36,27.81,29.83,28.61,0.12,0.4194,7.3895,60445764,1767512432.0,31760790561.2,23500913607.6
2015-06-04,'600643,爱建股份,28.61,28.96,26.84,28.4,28.78,-0.17,-0.5907,6.1897,50631224,1408348106.0,31628131498.7,23402754553.2
2015-06-03,'600643,爱建股份,28.78,30.2,27.6,28.0,27.64,1.14,4.1245,10.0915,82548067,2369118184.0,31816065170.6,23541813213.6
2015-06-02,'600643,爱建股份,27.64,27.64,25.7,25.7,25.13,2.51,9.9881,8.0732,66037990,1799452382.0,30555804076.3,22609302196.8
2015-06-01,'600643,爱建股份,25.13,25.33,23.58,23.58,23.54,1.59,6.7545,5.6101,45889856,1138249583.0,27781018684.4,20556141975.6
2015-05-29,'600643,爱建股份,23.54,24.27,22.4,23.41,23.99,-0.45,-1.8758,4.917,40220944,945065735.0,26023286105.5,19255534504.8
2015-05-28,'600643,爱建股份,23.99,26.9,23.99,26.3,26.66,-2.67,-10.015,7.4552,60983114,1541841470.0,26520757590.1,19623630958.8
2015-05-27,'600643,爱建股份,26.66,27.5,25.87,27.22,27.57,-0.91,-3.3007,5.0865,41607245,1116846733.0,29472421732.1,21807669919.2
2015-05-26,'600643,爱建股份,27.57,27.95,25.5,26.38,26.05,1.52,5.8349,6.8509,56039661,1501488267.0,30478419623.2,22552042748.4
2015-05-25,'600643,爱建股份,26.05,26.57,25.59,26.08,25.89,0.16,0.618,5.3464,43732751,1135876137.0,28798071497.4,21308694726.0
2015-05-22,'600643,爱建股份,25.89,26.5,25.28,26.03,25.78,0.11,0.4267,5.9419,48604647,1255385072.0,28621192747.3,21177815986.8
2015-05-21,'600643,爱建股份,25.78,26.33,24.97,25.25,25.27,0.51,2.0182,3.8937,31849764,812730547.0,28499588606.6,21087836853.6
2015-05-20,'600643,爱建股份,25.27,26.58,24.45,25.0,25.05,0.22,0.8782,6.3841,52221714,1320293852.0,27935787590.8,20670660872.4
2015-05-19,'600643,爱建股份,25.05,25.26,22.71,22.9,22.96,2.09,9.1028,7.2979,59695950,1456880952.0,27692579309.4,20490702606.0
2015-05-18,'600643,爱建股份,22.96,23.62,21.75,22.2,22.06,0.9,4.0798,5.4633,44689648,1025201032.0,25382100636.5,18781099075.2
2015-05-15,'600643,爱建股份,22.06,22.87,21.58,22.55,22.56,-0.5,-2.2163,4.4707,36570158,809755768.0,24387157667.3,18044906167.2
2015-05-14,'600643,爱建股份,22.56,23.75,21.8,22.3,22.28,0.28,1.2567,5.7248,46828599,1072681429.0,24939903761.3,18453902227.2
2015-05-13,'600643,爱建股份,22.28,22.98,21.5,21.68,22.35,-0.07,-0.3132,7.1002,58078777,1286105504.0,24630365948.6,18224864433.6
2015-05-12,'600643,爱建股份,22.35,22.56,21.22,22.01,21.22,1.13,5.3252,10.7132,87633024,1914782578.0,24707750401.8,18282123882.0
2015-05-11,'600643,爱建股份,21.22,21.22,19.1,19.39,19.29,1.93,10.0052,8.1554,66710488,1376724903.0,23458544229.4,17357792786.4
2015-05-08,'600643,爱建股份,19.29,19.48,18.76,19.31,19.0,0.29,1.5263,3.0451,24908328,476587937.0,21324944306.5,15779067994.8
2015-05-07,'600643,爱建股份,19.0,19.75,18.92,19.21,19.35,-0.35,-1.8088,2.7355,22376050,430780271.0,21004351572.0,15541850280.0
2015-05-06,'600643,爱建股份,19.35,20.22,18.9,19.28,19.17,0.18,0.939,4.1827,34214400,669749250.0,21391273837.8,15828147522.0
2015-05-05,'600643,爱建股份,19.17,20.36,18.88,20.36,20.41,-1.24,-6.0755,4.3768,35801695,703166335.0,21192285244.0,15680908940.4
2015-05-04,'600643,爱建股份,20.41,20.64,19.77,19.94,19.77,0.64,3.2372,5.4114,44264897,897862245.0,22563095557.1,16695219169.2
2015-04-30,'600643,爱建股份,19.77,20.31,19.39,19.5,19.33,0.44,2.2763,5.0068,40955509,820527063.0,21855580556.8,16171704212.4
2015-04-29,'600643,爱建股份,19.33,19.44,18.68,19.09,19.09,0.24,1.2572,2.9916,24471234,468651562.0,21369163994.0,15811787679.6
2015-04-28,'600643,爱建股份,19.09,20.24,18.9,19.95,19.93,-0.84,-4.2148,4.5662,37351505,729454169.0,21103845868.9,15615469570.8
2015-04-27,'600643,爱建股份,19.93,20.7,19.7,20.43,20.13,-0.2,-0.9935,5.4706,44748754,896377659.0,22032459306.8,16302582951.6
2015-04-24,'600643,爱建股份,20.13,20.45,19.31,19.5,19.5,0.63,3.2308,6.1574,50366825,1012071792.0,22253557744.4,16466181375.6
2015-04-23,'600643,爱建股份,19.5,19.99,19.3,19.79,19.62,-0.12,-0.6116,4.4854,36689980,718795457.0,21557097666.0,15950846340.0
2015-04-22,'600643,爱建股份,19.62,19.81,18.84,18.84,18.84,0.78,4.1401,4.6844,38318404,740879804.0,21689756728.6,16049005394.4
2015-04-21,'600643,爱建股份,18.84,18.88,17.96,18.25,18.27,0.57,3.1199,4.2651,34887919,648920359.0,20827472821.9,15410971540.8
2015-04-20,'600643,爱建股份,18.27,19.52,18.1,19.52,19.41,-1.14,-5.8733,5.9664,48805045,919905168.0,20197342274.8,14944716032.4
2015-04-17,'600643,爱建股份,19.41,19.76,19.22,19.4,19.25,0.16,0.8312,4.6344,37909050,737698090.0,21457603369.1,15877227049.2
2015-04-16,'600643,爱建股份,19.25,19.87,19.1,19.37,19.87,-0.62,-3.1203,5.7984,47430379,918435091.0,21280724619.0,15746348310.0
2015-04-15,'600643,爱建股份,19.87,20.9,19.81,20.8,21.15,-1.28,-6.052,4.1976,34336357,697768587.0,21966129775.6,16253503424.4
2015-04-14,'600643,爱建股份,21.15,21.85,20.73,21.11,20.86,0.29,1.3902,5.0835,41582586,886741904.0,23381159776.2,17300533338.0
2015-04-13,'600643,爱建股份,20.86,21.29,20.41,21.0,20.77,0.09,0.4333,4.6382,37940213,790142310.0,23060567041.7,17063315623.2
2015-04-10,'600643,爱建股份,20.77,20.89,20.17,20.89,20.98,-0.21,-1.001,4.7635,38964925,799672642.0,22961072744.8,16989696332.4
2015-04-09,'600643,爱建股份,20.98,22.23,20.8,21.0,20.77,0.21,1.0111,7.3403,60043368,1287838195.0,23193226104.2,17161474677.6
2015-04-08,'600643,爱建股份,20.77,21.27,20.0,20.46,20.46,0.31,1.5152,5.6585,46285723,952944123.0,22961072744.8,16989696332.4
2015-04-07,'600643,爱建股份,20.46,20.79,20.0,20.38,20.4,0.06,0.2941,5.0697,41469622,845784932.0,22618370166.5,16736118775.2
2015-04-03,'600643,爱建股份,20.4,20.55,19.25,19.45,19.55,0.85,4.3478,8.1627,66770102,1343961897.0,22552040635.2,16687039248.0
2015-04-02,'600643,爱建股份,19.55,19.8,19.12,19.32,19.37,0.18,0.9293,5.1545,42163560,820832923.0,21612372275.4,15991745946.0
2015-04-01,'600643,爱建股份,19.37,19.51,18.58,18.68,18.8,0.57,3.0319,5.6835,46490254,891408647.0,21413383681.6,15844507364.4
2015-03-31,'600643,爱建股份,18.8,19.59,18.62,19.5,18.99,-0.19,-1.0005,4.4159,36121437,689657598.0,20783253134.4,15378251856.0
2015-03-30,'600643,爱建股份,18.99,19.1,18.5,18.6,18.63,0.36,1.9324,3.8769,31712718,598757488.0,20993296650.1,15533670358.8
2015-03-27,'600643,爱建股份,18.63,18.8,18.01,18.71,18.7,-0.07,-0.3743,2.9725,24314854,448941872.0,20595319462.4,15239193195.6
2015-03-26,'600643,爱建股份,18.7,19.05,18.49,18.5,18.72,-0.02,-0.1068,2.9309,23974907,449819755.0,20672703915.6,15296452644.0
2015-03-25,'600643,爱建股份,18.72,19.22,18.51,18.95,19.07,-0.35,-1.8353,3.7036,30295439,570294556.0,20694813759.4,15312812486.4
2015-03-24,'600643,爱建股份,19.07,19.73,18.61,19.69,19.68,-0.61,-3.0996,5.6205,45975081,878249774.0,21081736025.2,15599109728.4
2015-03-23,'600643,爱建股份,19.68,20.13,19.45,19.8,19.72,-0.04,-0.2028,4.7932,39208161,774055575.0,21756086259.8,16098084921.6
2015-03-20,'600643,爱建股份,19.72,20.54,19.36,19.38,19.5,0.22,1.1282,5.3606,43849369,870808912.0,21800305947.4,16130804606.4
2015-03-19,'600643,爱建股份,19.5,19.62,19.25,19.62,19.73,-0.23,-1.1657,3.1495,25762483,500354011.0,21557097666.0,15950846340.0
2015-03-18,'600643,爱建股份,19.73,19.83,19.26,19.7,19.97,-0.24,-1.2018,5.4631,44687730,872623469.0,21811360869.2,16138984527.6
2015-03-17,'600643,爱建股份,19.97,20.4,18.52,18.66,18.56,1.41,7.597,8.3491,68294683,1333230388.0,22076678994.4,16335302636.4
2015-03-16,'600643,爱建股份,18.56,18.86,17.91,18.4,18.08,0.48,2.6549,5.468,44728106,823347373.0,20517935009.3,15181933747.2
2015-03-13,'600643,爱建股份,18.08,18.6,17.71,17.83,17.63,0.45,2.5525,5.1814,42383403,772706717.0,19987298759.0,14789297529.6
2015-03-12,'600643,爱建股份,17.63,18.17,17.37,17.51,17.64,-0.01,-0.0567,3.1257,25567738,454044402.0,19489827274.4,14421201075.6
2015-03-11,'600643,爱建股份,17.64,18.46,17.43,18.0,17.96,-0.32,-1.7817,4.0528,33151587,594441777.0,19500882196.3,14429380996.8
2015-03-10,'600643,爱建股份,17.96,18.18,17.49,17.75,17.86,0.1,0.5599,3.2213,26350190,471512067.0,19854639696.5,14691138475.2
2015-03-09,'600643,爱建股份,17.86,18.48,17.18,18.48,18.57,-0.71,-3.8234,5.8481,47837163,849766649.0,19744090477.7,14609339263.2
2015-03-06,'600643,爱建股份,18.57,19.28,18.16,18.47,18.51,0.06,0.3241,5.8894,48174864,904260714.0,20528989931.2,15190113668.4
2015-03-05,'600643,爱建股份,18.51,19.24,18.01,19.05,19.0,-0.49,-2.5789,6.1748,50509087,940124837.0,20462660399.9,15141034141.2
2015-03-04,'600643,爱建股份,19.0,19.0,17.0,17.32,17.27,1.73,10.0174,10.8286,88577416,1637150109.0,21004351572.0,15541850280.0
2015-03-03,'600643,爱建股份,17.27,18.2,17.1,17.35,17.58,-0.31,-1.7634,6.5401,53497903,945161901.0,19091850086.8,14126723912.4
2015-03-02,'600643,爱建股份,17.58,17.62,16.58,17.2,17.1,0.48,2.807,7.2054,58939909,1009248753.0,19434552665.0,14380301469.6
2015-02-27,'600643,爱建股份,17.1,17.35,16.46,16.82,16.99,0.11,0.6474,5.4997,44987011,762394959.0,18903916414.8,13987665252.0
2015-02-26,'600643,爱建股份,16.99,17.25,16.26,16.78,16.72,0.27,1.6148,5.6851,46503861,778612720.0,18782312274.1,13897686118.8
2015-02-25,'600643,爱建股份,16.72,17.97,16.68,17.97,17.95,-1.23,-6.8524,6.8678,56178441,963040300.0,18483829383.4,13676828246.4
2015-02-17,'600643,爱建股份,17.95,18.48,16.68,16.7,16.8,1.15,6.8452,9.3022,76090979,1346585678.0,19843584774.6,14682958554.0
2015-02-16,'600643,爱建股份,16.8,17.77,16.76,17.3,16.45,0.35,2.1277,12.8013,104713905,1799122195.0,18572268758.4,13742267616.0
2015-02-13,'600643,爱建股份,16.45,16.45,15.88,15.97,14.95,1.5,10.0334,6.1384,50211626,817006249.0,18185346492.6,13455970374.0
2015-02-12,'600643,爱建股份,14.95,15.2,14.37,14.5,14.38,0.57,3.9638,6.3114,51626708,765555589.0,16527108210.6,12228982194.0
2015-02-11,'600643,爱建股份,14.38,14.62,13.92,14.0,13.95,0.43,3.0824,3.9438,32259902,462405036.0,15896977663.4,11762726685.6
2015-02-10,'600643,爱建股份,13.95,14.12,13.68,13.79,13.76,0.19,1.3808,2.5587,20930186,290738544.0,15421616022.6,11410990074.0
2015-02-09,'600643,爱建股份,13.76,14.02,13.33,13.79,13.92,-0.16,-1.1494,3.5294,28870008,395621408.0,15211572506.9,11255571571.2
2015-02-06,'600643,爱建股份,13.92,14.83,13.74,14.4,14.68,-0.76,-5.1771,4.8958,40047056,567055698.0,15388451257.0,11386450310.4
2015-02-05,'600643,爱建股份,14.68,15.0,14.45,14.95,14.64,0.04,0.2732,5.0287,41134417,605385267.0,16228625319.8,12008124321.6
2016-02-15,'600643,爱建集团,9.45,9.6,9.03,9.26,9.68,-0.23,-2.376,2.2199,31833642,297503854.0,13580971525.8,13551563484.9

