2016-05-13,'600658,电子城,10.05,10.34,9.99,10.09,10.06,-0.01,-0.0994,0.5079,2946347,29928424.0,5829978890.1,5829978890.1
2016-05-12,'600658,电子城,10.06,10.1,9.68,10.0,10.05,0.01,0.0995,0.6583,3818971,37851001.0,5835779864.12,5835779864.12
2016-05-11,'600658,电子城,10.05,10.32,9.98,10.2,10.18,-0.13,-1.277,0.5544,3216236,32787608.0,5829978890.1,5829978890.1
2016-05-10,'600658,电子城,10.18,10.27,10.0,10.05,10.04,0.14,1.3944,0.6131,3556423,36201966.0,5905391552.36,5905391552.36
2016-05-09,'600658,电子城,10.04,10.66,9.89,10.54,10.54,-0.5,-4.7438,0.9743,5652140,58229092.0,5824177916.08,5824177916.08
2016-05-06,'600658,电子城,10.54,11.34,10.5,11.29,11.28,-0.74,-6.5603,1.2703,7368947,81040546.0,6114226617.08,6114226617.08
2016-05-05,'600658,电子城,11.28,11.37,11.12,11.37,11.27,0.01,0.0887,0.6117,3548646,39831198.0,6543498694.56,6543498694.56
2016-05-04,'600658,电子城,11.27,11.45,11.22,11.27,11.27,0.0,0.0,1.1032,6399741,72395602.0,6537697720.54,6537697720.54
2016-05-03,'600658,电子城,11.27,11.35,10.95,11.0,11.02,0.25,2.2686,0.7448,4320793,48398802.0,6537697720.54,6537697720.54
2016-04-29,'600658,电子城,11.02,11.15,10.95,11.13,11.33,-0.31,-2.7361,1.3895,8060526,89110376.0,6392673370.04,6392673370.04
2016-04-28,'600658,电子城,11.33,11.7,11.16,11.68,11.68,-0.35,-2.9966,0.799,4634774,52777396.0,6572503564.66,6572503564.66
2016-04-27,'600658,电子城,11.68,11.82,11.62,11.7,11.7,-0.02,-0.1709,0.7313,4242326,49734788.0,6775537655.36,6775537655.36
2016-04-26,'600658,电子城,11.7,11.71,11.44,11.5,11.6,0.1,0.8621,0.5629,3265226,37881620.0,6787139603.4,6787139603.4
2016-04-25,'600658,电子城,11.6,11.81,11.4,11.63,11.79,-0.19,-1.6115,0.6508,3775059,43708840.0,6729129863.2,6729129863.2
2016-04-22,'600658,电子城,11.79,11.82,11.45,11.53,11.66,0.13,1.1149,0.7956,4615433,53955881.0,6839348369.58,6839348369.58
2016-04-21,'600658,电子城,11.66,11.84,11.48,11.56,11.73,-0.07,-0.5968,1.1244,6522400,76373196.0,6763935707.32,6763935707.32
2016-04-20,'600658,电子城,11.73,12.44,11.3,12.37,12.32,-0.59,-4.789,2.0322,11788541,139073570.0,6804542525.46,6804542525.46
2016-04-19,'600658,电子城,12.32,12.62,12.18,12.62,12.64,-0.32,-2.5316,1.2302,7136422,88332493.0,7146799992.64,7146799992.64
2016-04-18,'600658,电子城,12.64,12.72,12.38,12.72,12.76,-0.12,-0.9404,1.1554,6702164,84163805.0,7332431161.28,7332431161.28
2016-04-15,'600658,电子城,12.76,12.79,12.06,12.13,12.16,0.6,4.9342,1.5363,8912025,110802423.0,7402042849.52,7402042849.52
2016-04-14,'600658,电子城,12.16,12.18,11.99,12.09,12.12,0.04,0.33,0.6827,3960335,47788264.0,7053984408.32,7053984408.32
2016-04-13,'600658,电子城,12.12,12.35,11.68,11.81,11.82,0.3,2.5381,1.6889,9797217,117849103.0,7030780512.24,7030780512.24
2016-04-12,'600658,电子城,11.82,11.9,11.5,11.79,11.81,0.01,0.0847,0.9604,5571234,64937639.0,6856751291.64,6856751291.64
2016-04-11,'600658,电子城,11.81,11.86,11.65,11.69,11.53,0.28,2.4284,1.1941,6927177,81472950.0,6850950317.62,6850950317.62
2016-04-08,'600658,电子城,11.53,11.66,11.3,11.64,11.78,-0.25,-2.1222,0.8492,4926395,56527835.0,6688523045.06,6688523045.06
2016-04-07,'600658,电子城,11.78,11.91,11.61,11.86,11.85,-0.07,-0.5907,1.0996,6378842,74870273.0,6833547395.56,6833547395.56
2016-04-06,'600658,电子城,11.85,12.09,11.46,11.57,11.58,0.27,2.3316,1.3411,7779732,91981731.0,6874154213.7,6874154213.7
2016-04-05,'600658,电子城,11.58,11.68,11.29,11.29,11.34,0.24,2.1164,1.0419,6044200,69585886.0,6717527915.16,6717527915.16
2016-04-01,'600658,电子城,11.34,11.42,11.06,11.35,11.4,-0.06,-0.5263,0.9945,5769146,64828243.0,6578304538.68,6578304538.68
2016-03-31,'600658,电子城,11.4,11.71,11.36,11.41,11.36,0.04,0.3521,1.325,7686148,88481479.0,6613110382.8,6613110382.8
2016-03-30,'600658,电子城,11.36,11.39,11.1,11.1,11.1,0.26,2.3423,0.9296,5392848,60761235.0,6589906486.72,6589906486.72
2016-03-29,'600658,电子城,11.1,11.51,11.01,11.4,11.52,-0.42,-3.6458,0.9875,5728184,64225173.0,6439081162.2,6439081162.2
2016-03-28,'600658,电子城,11.52,11.69,11.3,11.44,11.36,0.16,1.4085,1.556,9026048,103550024.0,6682722071.04,6682722071.04
2016-03-25,'600658,电子城,11.36,11.42,11.23,11.42,11.34,0.02,0.1764,0.9242,5361288,60655981.0,6589906486.72,6589906486.72
2016-03-24,'600658,电子城,11.34,11.42,11.15,11.39,11.46,-0.12,-1.0471,1.2804,7427524,83727766.0,6578304538.68,6578304538.68
2016-03-23,'600658,电子城,11.46,11.48,11.19,11.48,11.42,0.04,0.3503,1.2923,7496465,84950944.0,6647916226.92,6647916226.92
2016-03-22,'600658,电子城,11.42,11.45,11.2,11.3,11.38,0.04,0.3515,1.5902,9224491,104401514.0,6624712330.84,6624712330.84
2016-03-21,'600658,电子城,11.38,11.46,11.03,11.03,11.03,0.35,3.1732,2.0036,11622890,131201226.0,6601508434.76,6601508434.76
2016-03-18,'600658,电子城,11.03,11.19,10.52,10.6,10.54,0.49,4.649,1.971,11433594,124117617.0,6398474344.06,6398474344.06
2016-03-17,'600658,电子城,10.54,10.65,10.29,10.33,10.27,0.27,2.629,1.2098,7017752,73692788.0,6114226617.08,6114226617.08
2016-03-16,'600658,电子城,10.27,10.61,10.26,10.5,10.49,-0.22,-2.0972,0.7414,4300624,44800242.0,5957600318.54,5957600318.54
2016-03-15,'600658,电子城,10.49,10.65,10.38,10.48,10.55,-0.06,-0.5687,0.9236,5357660,56365523.0,6085221746.98,6085221746.98
2016-03-14,'600658,电子城,10.55,10.78,10.35,10.48,10.4,0.15,1.4423,1.5249,8845818,93806880.0,6120027591.1,6120027591.1
2016-03-11,'600658,电子城,10.4,10.49,9.8,10.01,10.17,0.23,2.2616,1.0684,6197743,63306751.0,6033012980.8,6033012980.8
2016-03-10,'600658,电子城,10.17,10.43,10.1,10.33,10.27,-0.1,-0.9737,0.8627,5004504,51256138.0,5899590578.34,5899590578.34
2016-03-09,'600658,电子城,10.27,10.47,10.15,10.38,10.59,-0.32,-3.0217,0.8642,5013135,51784990.0,5957600318.54,5957600318.54
2016-03-08,'600658,电子城,10.59,10.74,10.11,10.65,10.87,-0.28,-2.5759,1.9003,11023699,115073582.0,6143231487.18,6143231487.18
2016-03-07,'600658,电子城,10.87,10.98,10.03,10.03,9.98,0.89,8.9178,2.3046,13368710,139611498.0,6305658759.74,6305658759.74
2016-03-04,'600658,电子城,9.98,10.4,9.82,10.2,10.28,-0.3,-2.9183,1.6894,9800260,99001116.0,5789372071.96,5789372071.96
2016-03-03,'600658,电子城,10.28,10.65,10.27,10.36,10.35,-0.07,-0.6763,2.2982,13331847,139612789.0,5963401292.56,5963401292.56
2016-03-02,'600658,电子城,10.35,10.46,9.56,9.61,9.64,0.71,7.3651,1.8769,10887832,109590286.0,6004008110.7,6004008110.7
2016-03-01,'600658,电子城,9.64,9.81,9.25,9.34,9.3,0.34,3.6559,1.2975,7526636,71804733.0,5592138955.28,5592138955.28
2016-02-29,'600658,电子城,9.3,10.05,8.99,9.78,9.87,-0.57,-5.7751,1.3487,7824004,73129509.0,5394905838.6,5394905838.6
2016-02-26,'600658,电子城,9.87,10.17,9.53,9.86,9.86,0.01,0.1014,1.2179,7065023,69837740.0,5725561357.74,5725561357.74
2016-02-25,'600658,电子城,9.86,10.96,9.86,10.96,10.96,-1.1,-10.0365,2.3112,13407345,137960747.0,5719760383.72,5719760383.72
2016-02-24,'600658,电子城,10.96,10.98,10.46,10.58,10.59,0.37,3.4939,1.9804,11488338,124271517.0,6357867525.92,6357867525.92
2016-02-23,'600658,电子城,10.59,10.77,10.4,10.75,10.8,-0.21,-1.9444,1.4488,8404532,88751119.0,6143231487.18,6143231487.18
2016-02-22,'600658,电子城,10.8,10.99,10.56,10.77,10.56,0.24,2.2727,2.2783,13216093,142437329.0,6265051941.6,6265051941.6
2016-02-19,'600658,电子城,10.56,10.58,10.21,10.33,10.37,0.19,1.8322,1.4852,8615773,89863269.0,6125828565.12,6125828565.12
2016-02-18,'600658,电子城,10.37,10.59,10.32,10.5,10.44,-0.07,-0.6705,1.4313,8302871,86921574.0,6015610058.74,6015610058.74
2016-02-17,'600658,电子城,10.44,10.47,10.16,10.38,10.42,0.02,0.1919,1.5124,8773322,90799749.0,6056216876.88,6056216876.88
2016-02-16,'600658,电子城,10.42,10.49,10.03,10.04,10.05,0.37,3.6816,1.72,9977527,103383275.0,6044614928.84,6044614928.84
2016-02-15,'600658,电子城,10.05,10.11,9.41,9.52,10.04,0.01,0.0996,1.068,6195158,60715809.0,5829978890.1,5829978890.1
2016-02-05,'600658,电子城,10.04,10.27,10.02,10.26,10.28,-0.24,-2.3346,1.1588,6722366,68034793.0,5824177916.08,5824177916.08
2016-02-04,'600658,电子城,10.28,10.36,9.95,9.99,10.16,0.12,1.1811,2.2799,13225757,134480188.0,5963401292.56,5963401292.56
2016-02-03,'600658,电子城,10.16,10.18,9.5,9.68,9.63,0.53,5.5036,2.3672,13732056,136545196.0,5893789604.32,5893789604.32
2016-02-02,'600658,电子城,9.63,9.84,9.1,9.13,9.23,0.4,4.3337,1.8854,10937338,104956098.0,5586337981.26,5586337981.26
2016-02-01,'600658,电子城,9.23,9.94,9.06,9.88,9.98,-0.75,-7.515,2.0983,12172324,116035517.0,5354299020.46,5354299020.46
2016-01-29,'600658,电子城,9.98,10.27,9.6,9.69,9.73,0.25,2.5694,2.2971,13325383,133277767.0,5789372071.96,5789372071.96
2016-01-28,'600658,电子城,9.73,10.25,9.63,10.01,10.4,-0.67,-6.4423,2.31,13400017,133316663.0,5644347721.46,5644347721.46
2016-01-27,'600658,电子城,10.4,10.55,9.62,10.35,10.52,-0.12,-1.1407,3.539,20529684,207615764.0,6033012980.8,6033012980.8
2016-01-26,'600658,电子城,10.52,11.48,10.28,11.0,10.96,-0.44,-4.0146,5.6464,32754788,361328009.0,6102624669.04,6102624669.04
2016-01-25,'600658,电子城,10.96,10.96,10.51,10.54,9.96,1.0,10.0402,3.0447,17662322,192183948.0,6357867525.92,6357867525.92
2016-01-22,'600658,电子城,9.96,9.96,9.49,9.49,9.05,0.91,10.0552,0.8758,5080666,50283175.0,5777770123.92,5777770123.92
2016-01-21,'600658,电子城,9.05,9.6,9.05,9.25,9.43,-0.38,-4.0297,1.0061,5836400,54663270.0,5249881488.1,5249881488.1
2016-01-20,'600658,电子城,9.43,9.74,9.18,9.56,9.7,-0.27,-2.7835,1.4156,8211782,77995850.0,5470318500.86,5470318500.86
2016-01-19,'600658,电子城,9.7,9.71,9.05,9.05,9.14,0.56,6.1269,1.3913,8070831,76105668.0,5626944799.4,5626944799.4
2016-01-18,'600658,电子城,9.14,9.26,8.52,8.55,8.9,0.24,2.6966,0.9442,5477398,49392788.0,5302090254.28,5302090254.28
2016-01-15,'600658,电子城,8.9,9.59,8.8,9.37,9.5,-0.6,-6.3158,1.4531,8429152,77550576.0,5162866877.8,5162866877.8
2016-01-14,'600658,电子城,9.5,9.68,8.71,8.75,9.09,0.41,4.5105,1.4825,8599887,79638486.0,5510925319.0,5510925319.0
2016-01-13,'600658,电子城,9.09,10.19,9.04,10.0,9.87,-0.78,-7.9027,1.4329,8312502,80418491.0,5273085384.18,5273085384.18
2016-01-12,'600658,电子城,9.87,10.18,9.57,10.01,9.97,-0.1,-1.003,1.0514,6099170,60245129.0,5725561357.74,5725561357.74
2016-01-11,'600658,电子城,9.97,10.84,9.97,10.79,11.08,-1.11,-10.0181,1.5024,8715329,90296645.0,5783571097.94,5783571097.94
2016-01-08,'600658,电子城,11.08,11.82,10.51,11.45,11.25,-0.17,-1.5111,1.9274,11180805,125305042.0,6427479214.16,6427479214.16
2016-01-07,'600658,电子城,11.25,12.14,11.25,12.12,12.5,-1.25,-10.0,0.5126,2973450,34232240.0,6526095772.5,6526095772.5
2016-01-06,'600658,电子城,12.5,12.55,11.93,12.26,12.19,0.31,2.5431,2.0574,11934687,146303005.0,7251217525.0,7251217525.0
2016-01-05,'600658,电子城,12.19,12.6,11.5,11.9,12.57,-0.38,-3.0231,2.2057,12795133,155336529.0,7071387330.38,7071387330.38
2016-01-04,'600658,电子城,12.57,14.4,12.57,13.99,13.97,-1.4,-10.0215,2.1697,12586440,172483222.0,7291824343.14,7291824343.14
2015-12-31,'600658,电子城,13.97,14.21,13.65,13.8,13.71,0.26,1.8964,2.0048,11629832,161932749.0,8103960705.94,8103960705.94
2015-12-30,'600658,电子城,13.71,13.94,13.56,13.83,13.82,-0.11,-0.7959,1.7389,10087572,138255856.0,7953135381.42,7953135381.42
2015-12-29,'600658,电子城,13.82,14.22,13.6,13.6,13.52,0.3,2.2189,2.0689,12001844,167273620.0,8016946095.64,8016946095.64
2015-12-28,'600658,电子城,13.52,14.16,13.46,14.0,14.07,-0.55,-3.909,2.089,12118019,168552891.0,7842916875.04,7842916875.04
2015-12-25,'600658,电子城,14.07,14.29,13.88,14.2,14.23,-0.16,-1.1244,1.55,8991560,126938533.0,8161970446.14,8161970446.14
2015-12-24,'600658,电子城,14.23,14.27,13.66,13.8,14.0,0.23,1.6429,1.8237,10579305,148034187.0,8254786030.46,8254786030.46
2015-12-23,'600658,电子城,14.0,14.5,13.99,14.39,14.51,-0.51,-3.5148,2.4547,14239591,202604492.0,8121363628.0,8121363628.0
2015-12-22,'600658,电子城,14.51,14.8,14.08,14.43,14.68,-0.17,-1.158,3.3046,19170067,275927421.0,8417213303.02,8417213303.02
2015-12-21,'600658,电子城,14.68,14.9,14.05,14.29,14.34,0.34,2.371,5.7465,33335521,482477382.0,8515829861.36,8515829861.36
2015-12-18,'600658,电子城,14.34,14.34,13.62,13.8,13.04,1.3,9.9693,6.4019,37137002,524008210.0,8318596744.68,8318596744.68
2015-12-17,'600658,电子城,13.04,13.04,11.89,11.9,11.85,1.19,10.0422,1.0898,6321638,80403300.0,7564470122.08,7564470122.08
2015-12-16,'600658,电子城,11.85,12.08,11.76,11.76,11.76,0.09,0.7653,0.8443,4897720,58311639.0,6874154213.7,6874154213.7
2015-12-15,'600658,电子城,11.76,11.95,11.66,11.66,11.72,0.04,0.3413,0.8556,4963142,58599600.0,6821945447.52,6821945447.52
2015-12-14,'600658,电子城,11.72,11.72,11.3,11.31,11.39,0.33,2.8973,0.7426,4307808,49387374.0,6798741551.44,6798741551.44
2015-12-11,'600658,电子城,11.39,11.81,11.31,11.7,11.71,-0.32,-2.7327,1.2661,7344395,84757552.0,6607309408.78,6607309408.78
2015-12-10,'600658,电子城,11.71,12.23,11.65,11.97,12.0,-0.29,-2.4167,1.1639,6751502,80180889.0,6792940577.42,6792940577.42
2015-12-09,'600658,电子城,12.0,12.35,11.91,12.15,12.22,-0.22,-1.8003,0.8125,4713290,57264777.0,6961168824.0,6961168824.0
2015-12-08,'600658,电子城,12.22,12.79,12.13,12.74,12.87,-0.65,-5.0505,1.6145,9365926,115935134.0,7088790252.44,7088790252.44
2015-12-07,'600658,电子城,12.87,12.98,12.5,12.8,12.72,0.15,1.1792,1.4562,8447660,107381373.0,7465853563.74,7465853563.74
2015-12-04,'600658,电子城,12.72,12.99,12.69,12.96,13.18,-0.46,-3.4901,1.7964,10420904,133557485.0,7378838953.44,7378838953.44
2015-12-03,'600658,电子城,13.18,13.2,12.67,13.0,13.34,-0.16,-1.1994,2.8314,16424735,212524727.0,7645683758.36,7645683758.36
2015-12-02,'600658,电子城,13.34,13.55,11.88,12.3,12.39,0.95,7.6675,3.7269,21619919,276244335.0,7738499342.68,7738499342.68
2015-12-01,'600658,电子城,12.39,12.65,11.47,11.89,11.83,0.56,4.7337,2.1059,12216516,148768074.0,7187406810.78,7187406810.78
2015-11-30,'600658,电子城,11.83,12.01,11.21,11.98,12.11,-0.28,-2.3121,1.707,9901986,115571276.0,6862552265.66,6862552265.66
2015-11-27,'600658,电子城,12.11,12.65,11.71,11.83,11.81,0.3,2.5402,3.1356,18189804,223696654.0,7024979538.22,7024979538.22
2015-11-26,'600658,电子城,11.81,12.27,11.76,12.05,11.99,-0.18,-1.5013,1.9274,11180529,134520801.0,6850950317.62,6850950317.62
2015-11-25,'600658,电子城,11.99,12.13,11.63,12.0,12.21,-0.22,-1.8018,2.257,13092881,155691003.0,6955367849.98,6955367849.98
2015-11-24,'600658,电子城,12.21,13.23,11.99,13.23,12.03,0.18,1.4963,3.499,20297528,256070169.0,7082989278.42,7082989278.42
2015-11-23,'600658,电子城,0.0,0.0,0.0,0.0,12.03,None,None,0.0,0,0.0,6978571746.06,6978571746.06
2015-11-20,'600658,电子城,0.0,0.0,0.0,0.0,12.03,None,None,0.0,0,0.0,6978571746.06,6978571746.06
2015-11-19,'600658,电子城,0.0,0.0,0.0,0.0,12.03,None,None,0.0,0,0.0,6978571746.06,6978571746.06
2015-11-18,'600658,电子城,0.0,0.0,0.0,0.0,12.03,None,None,0.0,0,0.0,6978571746.06,6978571746.06
2015-11-17,'600658,电子城,0.0,0.0,0.0,0.0,12.03,None,None,0.0,0,0.0,6978571746.06,6978571746.06
2015-11-16,'600658,电子城,0.0,0.0,0.0,0.0,12.03,None,None,0.0,0,0.0,6978571746.06,6978571746.06
2015-11-13,'600658,电子城,0.0,0.0,0.0,0.0,12.03,None,None,0.0,0,0.0,6978571746.06,6978571746.06
2015-11-12,'600658,电子城,0.0,0.0,0.0,0.0,12.03,None,None,0.0,0,0.0,6978571746.06,6978571746.06
2015-11-11,'600658,电子城,0.0,0.0,0.0,0.0,12.03,None,None,0.0,0,0.0,6978571746.06,6978571746.06
2015-11-10,'600658,电子城,0.0,0.0,0.0,0.0,12.03,None,None,0.0,0,0.0,6978571746.06,6978571746.06
2015-11-09,'600658,电子城,12.03,12.45,11.92,12.09,12.3,-0.27,-2.1951,1.8469,10713637,129129510.0,6978571746.06,6978571746.06
2015-11-06,'600658,电子城,12.3,12.48,12.11,12.39,12.19,0.11,0.9024,1.4453,8384210,103000909.0,7135198044.6,7135198044.6
2015-11-05,'600658,电子城,12.19,12.66,12.0,12.41,12.65,-0.46,-3.6364,2.259,13104290,161436839.0,7071387330.38,7071387330.38
2015-11-04,'600658,电子城,12.65,12.78,11.93,12.11,12.05,0.6,4.9793,2.4355,14128323,174833119.0,7338232135.3,7338232135.3
2015-11-03,'600658,电子城,12.05,12.49,11.46,11.46,11.7,0.35,2.9915,1.933,11213448,134188864.0,6990173694.1,6990173694.1
2015-11-02,'600658,电子城,11.7,12.3,11.19,11.25,11.66,0.04,0.3431,2.5533,14811758,175779182.0,6787139603.4,6787139603.4
2015-10-30,'600658,电子城,11.66,11.66,10.48,10.62,10.6,1.06,10.0,2.1656,12562828,140628927.0,6763935707.32,6763935707.32
2015-10-29,'600658,电子城,10.6,10.72,10.39,10.55,10.49,0.11,1.0486,0.6609,3833662,40595571.0,6149032461.2,6149032461.2
2015-10-28,'600658,电子城,10.49,11.32,10.4,10.78,10.86,-0.37,-3.407,1.6036,9302454,101289877.0,6085221746.98,6085221746.98
2015-10-27,'600658,电子城,10.86,10.93,10.5,10.8,11.0,-0.14,-1.2727,1.0355,6006837,64318451.0,6299857785.72,6299857785.72
2015-10-26,'600658,电子城,11.0,11.3,10.41,10.53,10.55,0.45,4.2654,1.9581,11359106,124054129.0,6381071422.0,6381071422.0
2015-10-23,'600658,电子城,10.55,10.78,10.32,10.4,10.02,0.53,5.2894,1.524,8840562,93254496.0,6120027591.1,6120027591.1
2015-10-22,'600658,电子城,10.02,10.05,9.55,9.55,9.55,0.47,4.9215,1.0125,5873242,57502973.0,5812575968.04,5812575968.04
2015-10-21,'600658,电子城,9.55,10.53,9.48,10.42,10.53,-0.98,-9.3067,1.3176,7643558,77123854.0,5539930189.1,5539930189.1
2015-10-20,'600658,电子城,10.53,10.79,9.87,9.99,9.96,0.57,5.7229,1.5364,8912566,92277258.0,6108425643.06,6108425643.06
2015-10-19,'600658,电子城,9.96,10.2,9.85,10.16,10.13,-0.17,-1.6782,0.9677,5613647,56459594.0,5777770123.92,5777770123.92
2015-10-16,'600658,电子城,10.13,10.36,9.92,10.16,10.08,0.05,0.496,0.9007,5224768,52828392.0,5876386682.26,5876386682.26
2015-10-15,'600658,电子城,10.08,10.11,9.78,9.81,9.81,0.27,2.7523,0.7759,4500694,44932298.0,5847381812.16,5847381812.16
2015-10-14,'600658,电子城,9.81,10.14,9.78,10.01,10.12,-0.31,-3.0632,0.7152,4148736,41227177.0,5690755513.62,5690755513.62
2015-10-13,'600658,电子城,10.12,10.28,9.74,9.77,9.94,0.18,1.8109,1.1073,6423626,64457460.0,5870585708.24,5870585708.24
2015-10-12,'600658,电子城,9.94,9.96,9.29,9.43,9.3,0.64,6.8817,1.422,8249149,79687919.0,5766168175.88,5766168175.88
2015-10-09,'600658,电子城,9.3,9.36,9.04,9.17,9.17,0.13,1.4177,0.9732,5645503,52181611.0,5394905838.6,5394905838.6
2015-10-08,'600658,电子城,9.17,9.23,8.99,9.11,8.84,0.33,3.733,0.8518,4941360,45114759.0,5319493176.34,5319493176.34
2015-09-30,'600658,电子城,8.84,8.89,8.72,8.81,8.81,0.03,0.3405,0.3891,2256967,19870443.0,5128061033.68,5128061033.68
2015-09-29,'600658,电子城,8.81,8.92,8.69,8.81,8.97,-0.16,-1.7837,0.47,2726406,23960091.0,5110658111.62,5110658111.62
2015-09-28,'600658,电子城,8.97,8.98,8.65,8.73,8.73,0.24,2.7491,0.4749,2754622,24378912.0,5203473695.94,5203473695.94
2015-09-25,'600658,电子城,8.73,9.14,8.61,9.0,9.11,-0.38,-4.1712,0.8835,5125123,45475034.0,5064250319.46,5064250319.46
2015-09-24,'600658,电子城,9.11,9.22,8.75,8.82,8.79,0.32,3.6405,1.1471,6654084,59924775.0,5284687332.22,5284687332.22
2015-09-23,'600658,电子城,8.79,8.97,8.61,8.89,9.09,-0.3,-3.3003,0.7729,4483544,39510659.0,5099056163.58,5099056163.58
2015-09-22,'600658,电子城,9.09,9.25,8.9,9.01,9.04,0.05,0.5531,0.9284,5385798,48863670.0,5273085384.18,5273085384.18
2015-09-21,'600658,电子城,9.04,9.1,8.51,8.59,8.77,0.27,3.0787,0.9157,5311968,47150633.0,5244080514.08,5244080514.08
2015-09-18,'600658,电子城,8.77,8.9,8.52,8.9,8.8,-0.03,-0.3409,0.9253,5367508,46868841.0,5087454215.54,5087454215.54
2015-09-17,'600658,电子城,8.8,9.15,8.54,8.95,9.02,-0.22,-2.439,1.2568,7290828,64598646.0,5104857137.6,5104857137.6
2015-09-16,'600658,电子城,9.02,9.22,8.14,8.35,8.38,0.64,7.6372,1.2459,7227461,62018287.0,5232478566.04,5232478566.04
2015-09-15,'600658,电子城,8.38,8.59,7.95,8.59,8.83,-0.45,-5.0963,1.0978,6368595,52321259.0,4861216228.76,4861216228.76
2015-09-14,'600658,电子城,8.83,9.98,8.83,9.88,9.81,-0.98,-9.9898,0.8642,5013474,46879242.0,5122260059.66,5122260059.66
2015-09-11,'600658,电子城,9.81,9.93,9.59,9.81,9.84,-0.03,-0.3049,0.8061,4676058,45822799.0,5690755513.62,5690755513.62
2015-09-10,'600658,电子城,9.84,10.2,9.53,9.53,9.85,-0.01,-0.1015,1.249,7245324,71956979.0,5708158435.68,5708158435.68
2015-09-09,'600658,电子城,9.85,9.9,9.42,9.45,9.39,0.46,4.8988,1.1466,6651236,64201584.0,5713959409.7,5713959409.7
2015-09-08,'600658,电子城,9.39,9.43,8.82,9.05,9.11,0.28,3.0735,0.5243,3041400,27931077.0,5447114604.78,5447114604.78
2015-09-07,'600658,电子城,9.11,9.49,9.08,9.15,9.1,0.01,0.1099,0.8642,5013477,46617293.0,5284687332.22,5284687332.22
2015-09-02,'600658,电子城,9.1,9.48,8.68,9.03,9.56,-0.46,-4.8117,0.9476,5496979,49651106.0,5278886358.2,5278886358.2
2015-09-01,'600658,电子城,9.56,9.9,8.89,9.9,9.71,-0.15,-1.5448,1.2104,7021210,65914693.0,5545731163.12,5545731163.12
2015-08-31,'600658,电子城,9.71,10.04,9.53,10.01,10.27,-0.56,-5.4528,0.9014,5229266,50959201.0,5632745773.42,5632745773.42
2015-08-28,'600658,电子城,10.27,10.41,9.34,9.54,9.46,0.81,8.5624,1.7021,9873564,95362308.0,5957600318.54,5957600318.54
2015-08-27,'600658,电子城,9.46,9.53,8.72,9.0,9.14,0.32,3.5011,1.2314,7143406,65464594.0,5487721422.92,5487721422.92
2015-08-26,'600658,电子城,9.14,9.28,8.16,9.08,9.06,0.08,0.883,2.1767,12627106,111654102.0,5302090254.28,5302090254.28
2015-08-25,'600658,电子城,9.06,9.34,9.06,9.07,10.07,-1.01,-10.0298,1.0633,6168039,55998734.0,5255682462.12,5255682462.12
2015-08-24,'600658,电子城,10.07,10.8,10.07,10.8,11.19,-1.12,-10.0089,0.9911,5749300,58657503.0,5841580838.14,5841580838.14
2015-08-21,'600658,电子城,11.19,11.79,10.8,11.56,11.86,-0.67,-5.6492,1.0215,5925572,66910892.0,6491289928.38,6491289928.38
2015-08-20,'600658,电子城,11.86,12.5,11.8,12.1,12.43,-0.57,-4.5857,1.3152,7629458,92322019.0,6879955187.72,6879955187.72
2015-08-19,'600658,电子城,12.43,12.5,10.8,11.4,11.8,0.63,5.339,1.8751,10877516,124656393.0,7210610706.86,7210610706.86
2015-08-18,'600658,电子城,11.8,13.2,11.75,13.2,13.06,-1.26,-9.6478,2.2312,12942897,160233302.0,6845149343.6,6845149343.6
2015-08-17,'600658,电子城,13.06,13.3,12.6,12.8,12.75,0.31,2.4314,2.1615,12538871,162357225.0,7576072070.12,7576072070.12
2015-08-14,'600658,电子城,12.75,12.99,12.48,12.66,12.41,0.34,2.7397,1.9578,11357054,144788872.0,7396241875.5,7396241875.5
2015-08-13,'600658,电子城,12.41,12.44,11.56,11.86,11.85,0.56,4.7257,1.5009,8706786,104997523.0,7199008758.82,7199008758.82
2015-08-12,'600658,电子城,11.85,12.12,11.8,11.94,12.05,-0.2,-1.6598,1.2316,7144735,85495786.0,6874154213.7,6874154213.7
2015-08-11,'600658,电子城,12.05,12.44,11.9,12.09,12.01,0.04,0.3331,1.7148,9947431,121048948.0,6990173694.1,6990173694.1
2015-08-10,'600658,电子城,12.01,12.19,11.38,11.53,11.35,0.66,5.815,1.4418,8363810,98902189.0,6966969798.02,6966969798.02
2015-08-07,'600658,电子城,11.35,11.55,10.96,11.0,10.71,0.64,5.9757,1.5875,9209257,103097978.0,6584105512.7,6584105512.7
2015-08-06,'600658,电子城,10.71,10.99,10.6,10.75,10.93,-0.22,-2.0128,0.6239,3619308,39134412.0,6212843175.42,6212843175.42
2015-08-05,'600658,电子城,10.93,11.32,10.76,11.21,11.29,-0.36,-3.1887,0.9951,5772650,64131270.0,6340464603.86,6340464603.86
2015-08-04,'600658,电子城,11.29,11.3,10.25,10.39,10.36,0.93,8.9768,1.3435,7793583,83904984.0,6549299668.58,6549299668.58
2015-08-03,'600658,电子城,10.36,11.5,10.32,11.5,11.47,-1.11,-9.6774,1.7524,10165529,107732490.0,6009809084.72,6009809084.72
2015-07-31,'600658,电子城,11.47,11.61,10.91,10.91,11.33,0.14,1.2357,1.3069,7581284,86092811.0,6653717200.94,6653717200.94
2015-07-30,'600658,电子城,11.33,11.94,11.1,11.5,11.4,-0.07,-0.614,1.3521,7843219,91236193.0,6572503564.66,6572503564.66
2015-07-29,'600658,电子城,11.4,11.41,10.5,10.8,10.38,1.02,9.8266,2.1625,12544710,135650150.0,6613110382.8,6613110382.8
2015-07-28,'600658,电子城,10.38,11.4,10.38,10.4,11.53,-1.15,-9.974,2.8508,16537300,175403517.0,6021411032.76,6021411032.76
2015-07-27,'600658,电子城,11.53,12.91,11.53,12.51,12.81,-1.28,-9.9922,1.8763,10884489,133254348.0,6688523045.06,6688523045.06
2015-07-24,'600658,电子城,12.81,13.6,12.75,13.05,13.03,-0.22,-1.6884,2.5367,14715436,193340308.0,7431047719.62,7431047719.62
2015-07-23,'600658,电子城,13.03,13.17,12.19,12.34,12.35,0.68,5.5061,2.3568,13671493,172875907.0,7558669148.06,7558669148.06
2015-07-22,'600658,电子城,12.35,12.75,12.0,12.7,12.58,-0.23,-1.8283,1.3432,7792139,96433766.0,7164202914.7,7164202914.7
2015-07-21,'600658,电子城,12.58,12.78,12.0,12.38,12.63,-0.05,-0.3959,1.463,8486732,105986983.0,7297625317.16,7297625317.16
2015-07-20,'600658,电子城,12.63,12.91,12.14,12.39,12.46,0.17,1.3644,2.0201,11718647,147696940.0,7326630187.26,7326630187.26
2015-07-17,'600658,电子城,12.46,12.46,11.34,11.34,11.33,1.13,9.9735,1.9404,11256362,135405267.0,7228013628.92,7228013628.92
2015-07-16,'600658,电子城,11.33,11.76,10.66,11.49,11.21,0.12,1.0705,1.7004,9863997,111813880.0,6572503564.66,6572503564.66
2015-07-15,'600658,电子城,11.21,12.31,11.21,12.31,12.46,-1.25,-10.0321,3.0835,17887495,207606330.0,6502891876.42,6502891876.42
2015-07-14,'600658,电子城,12.46,12.46,12.15,12.46,11.33,1.13,9.9735,2.9594,17167202,213605601.0,7228013628.92,7228013628.92
2015-07-13,'600658,电子城,11.33,11.33,11.33,11.33,10.3,1.03,10.0,0.1446,838559,9500873.0,6572503564.66,6572503564.66
2015-07-10,'600658,电子城,10.3,10.3,10.3,10.3,9.36,0.94,10.0427,0.3504,2032426,20933988.0,5975003240.6,5975003240.6
2015-07-09,'600658,电子城,0.0,0.0,0.0,0.0,9.36,None,None,0.0,0,0.0,5429711682.72,5429711682.72
2015-07-08,'600658,电子城,0.0,0.0,0.0,0.0,9.36,None,None,0.0,0,0.0,5429711682.72,5429711682.72
2015-07-07,'600658,电子城,9.36,9.9,9.36,9.61,10.4,-1.04,-10.0,0.8634,5008400,47152234.0,5429711682.72,5429711682.72
2015-07-06,'600658,电子城,10.4,12.71,10.4,12.7,11.55,-1.15,-9.9567,2.2676,13154513,147921122.0,6033012980.8,6033012980.8
2015-07-03,'600658,电子城,11.55,12.17,11.03,11.98,12.26,-0.71,-5.7912,1.9871,11527283,130047091.0,6700124993.1,6700124993.1
2015-07-02,'600658,电子城,12.26,13.75,12.26,13.62,13.62,-1.36,-9.9853,2.2735,13188356,166702353.0,7111994148.52,7111994148.52
2015-07-01,'600658,电子城,13.62,15.48,13.62,14.85,15.13,-1.51,-9.9802,2.323,13475900,196482316.0,7900926615.24,7900926615.24
2015-06-30,'600658,电子城,15.13,15.35,13.13,14.47,14.59,0.54,3.7012,2.8428,16491130,232264836.0,8776873692.26,8776873692.26
2015-06-29,'600658,电子城,14.59,16.76,14.59,16.55,16.21,-1.62,-9.9938,2.8052,16273003,243434982.0,8463621095.18,8463621095.18
2015-06-26,'600658,电子城,16.21,17.29,16.21,17.2,18.01,-1.8,-9.9944,1.7513,10159133,168394754.0,9403378886.42,9403378886.42
2015-06-25,'600658,电子城,18.01,19.3,17.5,18.88,18.79,-0.78,-4.1511,1.7203,9979625,186059515.0,10447554210.0,10447554210.0
2015-06-24,'600658,电子城,18.79,19.14,18.25,18.51,18.33,0.46,2.5095,1.2432,7211976,135254849.0,10900030183.6,10900030183.6
2015-06-23,'600658,电子城,18.33,19.07,17.18,18.52,18.67,-0.34,-1.8211,1.4333,8314702,151298768.0,10633185378.7,10633185378.7
2015-06-19,'600658,电子城,18.67,20.43,18.67,19.5,20.74,-2.07,-9.9807,2.3092,13395891,262157592.0,10830418495.3,10830418495.3
2015-06-18,'600658,电子城,20.74,21.78,19.81,20.23,20.29,0.45,2.2178,2.7673,16052969,337726909.0,12031220117.5,12031220117.5
2015-06-17,'600658,电子城,20.29,21.18,19.3,20.99,20.98,-0.69,-3.2888,2.1366,12394547,248756530.0,11770176286.6,11770176286.6
2015-06-16,'600658,电子城,20.98,21.86,19.59,19.9,20.06,0.92,4.5862,2.7423,15908216,330646804.0,12170443494.0,12170443494.0
2015-06-15,'600658,电子城,20.06,20.68,19.95,20.59,20.68,-0.62,-2.9981,1.8145,10526101,213780549.0,11636753884.1,11636753884.1
2015-06-12,'600658,电子城,20.68,21.27,20.35,21.0,20.65,0.03,0.1453,3.058,17739461,370240195.0,11996414273.4,11996414273.4
2015-06-11,'600658,电子城,20.65,20.76,19.28,19.55,19.49,1.16,5.9518,3.2061,18598509,374671807.0,11979011351.3,11979011351.3
2015-06-10,'600658,电子城,19.49,20.1,18.69,19.08,19.2,0.29,1.5104,2.2836,13247147,259834294.0,11306098365.0,11306098365.0
2015-06-09,'600658,电子城,19.2,19.68,18.95,19.68,19.9,-0.7,-3.5176,2.4035,13942542,267661009.0,11137870118.4,11137870118.4
2015-06-08,'600658,电子城,19.9,20.19,18.23,18.6,18.59,1.31,7.0468,3.621,21005072,406517286.0,11543938299.8,11543938299.8
2015-06-05,'600658,电子城,18.59,18.79,17.8,18.43,17.91,0.68,3.7968,2.7759,16102948,297243943.0,10784010703.2,10784010703.2
2015-06-04,'600658,电子城,17.91,18.38,16.62,18.15,18.37,-0.46,-2.5041,2.3695,13745348,242774483.0,10389544469.8,10389544469.8
2015-06-03,'600658,电子城,18.37,19.1,18.19,18.75,18.89,-0.52,-2.7528,1.8811,10912501,203094561.0,10656389274.7,10656389274.7
2015-06-02,'600658,电子城,18.89,19.0,18.12,18.8,18.77,0.12,0.6393,2.2507,13056399,241534604.0,10958039923.8,10958039923.8
2015-06-01,'600658,电子城,18.77,18.8,18.0,18.0,17.87,0.9,5.0364,1.4369,8335335,154464486.0,10888428235.5,10888428235.5
2015-05-29,'600658,电子城,17.87,18.39,16.49,17.19,17.27,0.6,3.4742,1.9813,11493398,203032331.0,10366340573.7,10366340573.7
2015-05-28,'600658,电子城,17.27,19.08,17.2,19.05,19.11,-1.84,-9.6285,2.5166,14598795,267580797.0,10018282132.5,10018282132.5
2015-05-27,'600658,电子城,19.11,19.62,18.87,19.58,19.62,-0.51,-2.5994,1.8498,10730578,205797947.0,11085661352.2,11085661352.2
2015-05-26,'600658,电子城,19.62,19.96,18.35,18.56,18.73,0.89,4.7517,2.7877,16171443,308249285.0,11381511027.2,11381511027.2
2015-05-25,'600658,电子城,18.73,18.97,18.15,18.19,18.48,0.25,1.3528,1.9891,11538460,214173817.0,10865224339.5,10865224339.5
2015-05-22,'600658,电子城,18.48,19.4,18.3,18.3,18.23,0.25,1.3714,1.6949,9832320,183931271.0,10720199989.0,10720199989.0
2015-05-21,'600658,电子城,18.23,18.46,17.71,17.98,17.93,0.3,1.6732,1.5838,9187766,166405383.0,10575175638.5,10575175638.5
2015-05-20,'600658,电子城,17.93,18.5,17.6,17.7,17.27,0.66,3.8217,2.4749,14356684,259304994.0,10401146417.9,10401146417.9
2015-05-19,'600658,电子城,17.27,17.27,15.63,15.7,15.7,1.57,10.0,2.32,13458023,226167118.0,10018282132.5,10018282132.5
2015-05-18,'600658,电子城,15.7,15.89,15.51,15.89,15.82,-0.12,-0.7585,0.8379,4860508,76258656.0,9107529211.4,9107529211.4
