2016-02-04,'600675,中华企业,5.2,5.26,5.18,5.21,5.17,0.03,0.5803,1.0181,19009093,99095320.0,9708708869.6,9708708869.6
2016-02-03,'600675,中华企业,5.17,5.25,5.07,5.1,5.12,0.05,0.9766,0.9225,17223744,89077888.0,9652697087.66,9652697087.66
2016-02-02,'600675,中华企业,5.12,5.15,4.98,5.0,4.94,0.18,3.6437,0.6848,12786223,65050885.0,9559344117.76,9559344117.76
2016-02-01,'600675,中华企业,4.94,5.12,4.85,5.08,5.08,-0.14,-2.7559,0.6315,11790509,58937451.0,9223273426.12,9223273426.12
2016-01-29,'600675,中华企业,5.08,5.14,4.91,4.95,4.95,0.13,2.6263,0.7948,14840041,75234509.0,9484661741.84,9484661741.84
2016-01-28,'600675,中华企业,4.95,5.18,4.89,5.04,5.03,-0.08,-1.5905,1.0635,19855735,99998158.0,9241944020.1,9241944020.1
2016-01-27,'600675,中华企业,5.03,5.16,4.65,5.13,5.1,-0.07,-1.3725,1.7732,33107086,162543429.0,9391308771.94,9391308771.94
2016-01-26,'600675,中华企业,5.1,5.61,5.1,5.55,5.67,-0.57,-10.0529,1.3665,25512542,136617600.0,9522002929.8,9522002929.8
2016-01-25,'600675,中华企业,5.67,5.69,5.47,5.52,5.59,0.08,1.4311,1.3168,24585905,137137545.0,10586226786.7,10586226786.7
2016-01-22,'600675,中华企业,5.59,5.63,5.39,5.53,5.47,0.12,2.1938,1.1285,21069555,115684255.0,10436862034.8,10436862034.8
2016-01-21,'600675,中华企业,5.47,5.77,5.42,5.6,5.71,-0.24,-4.2032,0.6352,11859755,66694087.0,10212814907.1,10212814907.1
2016-01-20,'600675,中华企业,5.71,5.83,5.65,5.83,5.82,-0.11,-1.89,0.8472,15817009,90882402.0,10660909162.6,10660909162.6
2016-01-19,'600675,中华企业,5.82,5.86,5.55,5.56,5.55,0.27,4.8649,1.0632,19850550,113339869.0,10866285696.4,10866285696.4
2016-01-18,'600675,中华企业,5.55,5.63,5.4,5.45,5.52,0.03,0.5435,0.7766,14500439,80335031.0,10362179658.9,10362179658.9
2016-01-15,'600675,中华企业,5.52,5.89,5.46,5.79,5.88,-0.36,-6.1224,0.9794,18285058,103607757.0,10306167877.0,10306167877.0
2016-01-14,'600675,中华企业,5.88,5.9,5.51,5.6,5.77,0.11,1.9064,0.9903,18490009,106203506.0,10978309260.2,10978309260.2
2016-01-13,'600675,中华企业,5.77,6.19,5.73,6.14,6.0,-0.23,-3.8333,0.9669,18052440,108660457.0,10772932726.5,10772932726.5
2016-01-12,'600675,中华企业,6.0,6.11,5.8,6.04,5.91,0.09,1.5228,0.9137,17059971,101856204.0,11202356388.0,11202356388.0
2016-01-11,'600675,中华企业,5.91,6.63,5.9,6.4,6.48,-0.57,-8.7963,1.236,23077172,143956537.0,11034321042.2,11034321042.2
2016-01-08,'600675,中华企业,6.48,6.79,6.0,6.68,6.45,0.03,0.4651,1.2091,22574137,147235467.0,12098544899.0,12098544899.0
2016-01-07,'600675,中华企业,6.45,7.02,6.42,7.02,7.13,-0.68,-9.5372,0.2527,4717900,31606640.0,12042533117.1,12042533117.1
2016-01-06,'600675,中华企业,7.13,7.16,6.94,7.07,7.04,0.09,1.2784,0.8169,15251955,107637006.0,13312133507.7,13312133507.7
2016-01-05,'600675,中华企业,7.04,7.2,6.51,6.52,7.04,0.0,0.0,1.378,25728444,177018176.0,13144098161.9,13144098161.9
2016-01-04,'600675,中华企业,7.04,7.87,7.02,7.8,7.79,-0.75,-9.6277,0.8275,15449410,115836609.0,13144098161.9,13144098161.9
2015-12-31,'600675,中华企业,7.79,7.98,7.77,7.82,7.85,-0.06,-0.7643,1.0798,20159841,158893346.0,14544392710.4,14544392710.4
2015-12-30,'600675,中华企业,7.85,7.92,7.6,7.73,7.71,0.14,1.8158,1.1903,22224325,170998293.0,14656416274.3,14656416274.3
2015-12-29,'600675,中华企业,7.71,7.72,7.61,7.65,7.66,0.05,0.6527,0.5573,10405118,79814395.0,14395027958.6,14395027958.6
2015-12-28,'600675,中华企业,7.66,7.96,7.65,7.9,7.86,-0.2,-2.5445,1.3156,24563002,191732292.0,14301674988.7,14301674988.7
2015-12-25,'600675,中华企业,7.86,7.93,7.8,7.82,7.87,-0.01,-0.1271,0.7164,13375243,105228888.0,14675086868.3,14675086868.3
2015-12-24,'600675,中华企业,7.87,7.95,7.69,7.9,7.91,-0.04,-0.5057,1.4292,26683422,208054995.0,14693757462.3,14693757462.3
2015-12-23,'600675,中华企业,7.91,8.07,7.85,7.99,7.98,-0.07,-0.8772,1.3754,25679789,205262317.0,14768439838.2,14768439838.2
2015-12-22,'600675,中华企业,7.98,8.11,7.88,8.1,8.1,-0.12,-1.4815,1.5303,28571156,228035875.0,14899133996.0,14899133996.0
2015-12-21,'600675,中华企业,8.1,8.11,7.8,7.85,7.84,0.26,3.3163,2.0716,38678659,308874084.0,15123181123.8,15123181123.8
2015-12-18,'600675,中华企业,7.84,8.02,7.78,7.85,7.9,-0.06,-0.7595,1.3909,25969557,204941780.0,14637745680.3,14637745680.3
2015-12-17,'600675,中华企业,7.9,7.95,7.66,7.66,7.65,0.25,3.268,1.7263,32231602,252652633.0,14749769244.2,14749769244.2
2015-12-16,'600675,中华企业,7.65,7.75,7.63,7.71,7.69,-0.04,-0.5202,0.9026,16852812,129540192.0,14283004394.7,14283004394.7
2015-12-15,'600675,中华企业,7.69,7.85,7.65,7.67,7.65,0.04,0.5229,1.0825,20210476,156778465.0,14357686770.6,14357686770.6
2015-12-14,'600675,中华企业,7.65,7.7,7.45,7.5,7.57,0.08,1.0568,1.1027,20587669,155981846.0,14283004394.7,14283004394.7
2015-12-11,'600675,中华企业,7.57,7.77,7.55,7.7,7.77,-0.2,-2.574,1.1624,21703270,165982097.0,14133639642.9,14133639642.9
2015-12-10,'600675,中华企业,7.77,8.04,7.7,7.74,7.8,-0.03,-0.3846,1.242,23188979,181904957.0,14507051522.5,14507051522.5
2015-12-09,'600675,中华企业,7.8,7.92,7.7,7.88,7.77,0.03,0.3861,1.0471,19550880,152796747.0,14563063304.4,14563063304.4
2015-12-08,'600675,中华企业,7.77,8.1,7.73,8.05,8.12,-0.35,-4.3103,1.5218,28413237,223801291.0,14507051522.5,14507051522.5
2015-12-07,'600675,中华企业,8.12,8.18,8.06,8.12,8.12,0.0,0.0,1.0528,19656786,159510009.0,15160522311.8,15160522311.8
2015-12-04,'600675,中华企业,8.12,8.27,8.03,8.22,8.39,-0.27,-3.2181,2.0951,39116676,319089289.0,15160522311.8,15160522311.8
2015-12-03,'600675,中华企业,8.39,8.59,7.95,8.05,8.08,0.31,3.8366,2.881,53790839,448134541.0,15664628349.2,15664628349.2
2015-12-02,'600675,中华企业,8.08,8.28,7.83,8.05,8.13,-0.05,-0.615,1.8871,35232611,283936179.0,15085839935.8,15085839935.8
2015-12-01,'600675,中华企业,8.13,8.29,7.78,7.86,7.82,0.31,3.9642,2.0729,38701363,311105493.0,15179192905.7,15179192905.7
2015-11-30,'600675,中华企业,7.82,8.14,7.38,8.07,8.04,-0.22,-2.7363,1.914,35736182,279539903.0,14600404492.4,14600404492.4
2015-11-27,'600675,中华企业,8.04,8.7,7.8,8.5,8.55,-0.51,-5.9649,2.815,52557922,438970308.0,15011157559.9,15011157559.9
2015-11-26,'600675,中华企业,8.55,8.83,8.42,8.42,8.43,0.12,1.4235,3.419,63835345,549454868.0,15963357852.9,15963357852.9
2015-11-25,'600675,中华企业,8.43,8.53,8.31,8.4,8.4,0.03,0.3571,1.4415,26912878,226942168.0,15739310725.1,15739310725.1
2015-11-24,'600675,中华企业,8.4,8.43,8.27,8.35,8.38,0.02,0.2387,1.2029,22458313,187686070.0,15683298943.2,15683298943.2
2015-11-23,'600675,中华企业,8.38,8.55,8.35,8.39,8.44,-0.06,-0.7109,1.6199,30244085,254967613.0,15645957755.2,15645957755.2
2015-11-20,'600675,中华企业,8.44,8.57,8.38,8.5,8.47,-0.03,-0.3542,2.1323,39810443,337154643.0,15757981319.1,15757981319.1
2015-11-19,'600675,中华企业,8.47,8.49,8.24,8.45,8.46,0.01,0.1182,2.4699,46114935,386227894.0,15813993101.1,15813993101.1
2015-11-18,'600675,中华企业,8.46,8.92,8.32,8.32,8.35,0.11,1.3174,3.7557,70120841,602579858.0,15795322507.1,15795322507.1
2015-11-17,'600675,中华企业,8.35,8.67,8.3,8.46,8.4,-0.05,-0.5952,2.239,41804134,354811510.0,15589945973.3,15589945973.3
2015-11-16,'600675,中华企业,8.4,8.42,8.23,8.25,8.46,-0.06,-0.7092,1.7845,33317647,277103004.0,15683298943.2,15683298943.2
2015-11-13,'600675,中华企业,8.46,8.73,8.27,8.39,8.43,0.03,0.3559,3.0559,57055657,486772305.0,15795322507.1,15795322507.1
2015-11-12,'600675,中华企业,8.43,8.62,8.38,8.47,8.45,-0.02,-0.2367,2.7119,50632157,429913898.0,15739310725.1,15739310725.1
2015-11-11,'600675,中华企业,8.45,8.52,8.33,8.37,8.38,0.07,0.8353,2.2603,42201969,356167983.0,15776651913.1,15776651913.1
2015-11-10,'600675,中华企业,8.38,8.6,8.25,8.5,8.51,-0.13,-1.5276,2.6977,50367602,423056802.0,15645957755.2,15645957755.2
2015-11-09,'600675,中华企业,8.51,8.66,8.31,8.37,8.43,0.08,0.949,2.7078,50556036,429341905.0,15888675477.0,15888675477.0
2015-11-06,'600675,中华企业,8.43,8.5,8.32,8.37,8.42,0.01,0.1188,2.3261,43429384,365844801.0,15739310725.1,15739310725.1
2015-11-05,'600675,中华企业,8.42,8.68,8.13,8.26,8.23,0.19,2.3086,3.3802,63110508,528074900.0,15720640131.2,15720640131.2
2015-11-04,'600675,中华企业,8.23,8.34,7.82,7.88,7.82,0.41,5.243,2.2662,42311412,343204827.0,15365898845.5,15365898845.5
2015-11-03,'600675,中华企业,7.82,7.98,7.62,7.75,7.73,0.09,1.1643,1.3583,25359623,197090927.0,14600404492.4,14600404492.4
2015-11-02,'600675,中华企业,7.73,8.06,7.56,7.56,8.33,-0.6,-7.2029,2.5302,47241254,370832653.0,14432369146.5,14432369146.5
2015-10-30,'600675,中华企业,8.33,8.56,8.26,8.41,8.44,-0.11,-1.3033,1.6514,30832402,259353410.0,15552604785.3,15552604785.3
2015-10-29,'600675,中华企业,8.44,8.61,8.3,8.4,8.3,0.14,1.6867,1.9013,35497899,300095470.0,15757981319.1,15757981319.1
2015-10-28,'600675,中华企业,8.3,8.75,8.21,8.7,8.82,-0.52,-5.8957,2.923,54574077,463728565.0,15496593003.4,15496593003.4
2015-10-27,'600675,中华企业,8.82,9.0,8.4,8.91,9.15,-0.33,-3.6066,4.3389,81009555,705222959.0,16467463890.4,16467463890.4
2015-10-26,'600675,中华企业,9.15,9.44,8.59,8.85,8.73,0.42,4.811,6.1482,114791193,1027540330.0,17083593491.7,17083593491.7
2015-10-23,'600675,中华企业,8.73,8.87,8.2,8.23,8.22,0.51,6.2044,4.749,88666467,758933005.0,16299428544.5,16299428544.5
2015-10-22,'600675,中华企业,8.22,8.25,7.86,7.95,7.82,0.4,5.1151,3.1459,58735234,473673486.0,15347228251.6,15347228251.6
2015-10-21,'600675,中华企业,7.82,8.87,7.8,8.4,8.47,-0.65,-7.6741,5.0088,93516523,780185787.0,14600404492.4,14600404492.4
2015-10-20,'600675,中华企业,8.47,8.58,8.2,8.47,8.38,0.09,1.074,2.9985,55983638,469351612.0,15813993101.1,15813993101.1
2015-10-19,'600675,中华企业,8.38,8.92,8.28,8.52,8.43,-0.05,-0.5931,4.8584,90710004,777363295.0,15645957755.2,15645957755.2
2015-10-16,'600675,中华企业,8.43,8.67,8.0,8.08,8.04,0.39,4.8507,5.1317,95811268,793718197.0,15739310725.1,15739310725.1
2015-10-15,'600675,中华企业,8.04,8.06,7.74,7.76,7.85,0.19,2.4204,2.6222,48958652,389775453.0,15011157559.9,15011157559.9
2015-10-14,'600675,中华企业,7.85,8.15,7.8,7.95,8.1,-0.25,-3.0864,2.9909,55841102,443634405.0,14656416274.3,14656416274.3
2015-10-13,'600675,中华企业,8.1,8.27,7.67,7.7,7.79,0.31,3.9795,3.6911,68915884,549088479.0,15123181123.8,15123181123.8
2015-10-12,'600675,中华企业,7.79,7.89,7.45,7.54,7.43,0.36,4.8452,3.1206,58264022,450364202.0,14544392710.4,14544392710.4
2015-10-09,'600675,中华企业,7.43,7.49,7.26,7.38,7.34,0.09,1.2262,1.7764,33166330,246108253.0,13872251327.1,13872251327.1
2015-10-08,'600675,中华企业,7.34,7.54,7.27,7.38,7.12,0.22,3.0899,2.4873,46440176,342972005.0,13704215981.3,13704215981.3
2015-09-30,'600675,中华企业,7.12,7.33,7.05,7.23,7.18,-0.06,-0.8357,1.2013,22429624,160675353.0,13293462913.8,13293462913.8
2015-09-29,'600675,中华企业,7.18,7.47,7.16,7.22,7.46,-0.28,-3.7534,1.4213,26537274,193016159.0,13405486477.6,13405486477.6
2015-09-28,'600675,中华企业,7.46,7.69,7.1,7.58,7.6,-0.14,-1.8421,1.9288,36012344,264504088.0,13928263109.1,13928263109.1
2015-09-25,'600675,中华企业,7.6,7.94,7.46,7.74,7.75,-0.15,-1.9355,2.2965,42877310,331378288.0,14189651424.8,14189651424.8
2015-09-24,'600675,中华企业,7.75,7.87,7.51,7.8,7.68,0.07,0.9115,1.8975,35427651,272789211.0,14469710334.5,14469710334.5
2015-09-23,'600675,中华企业,7.68,8.03,7.63,7.83,8.02,-0.34,-4.2394,3.037,56703219,442408749.0,14339016176.6,14339016176.6
2015-09-22,'600675,中华企业,8.02,8.25,7.88,8.0,8.03,-0.01,-0.1245,4.0951,76457938,616809679.0,14973816372.0,14973816372.0
2015-09-21,'600675,中华企业,8.03,8.1,7.5,7.61,7.78,0.25,3.2134,3.447,64357834,509160667.0,14992486965.9,14992486965.9
2015-09-18,'600675,中华企业,7.78,8.1,7.58,7.96,7.89,-0.11,-1.3942,3.9723,74164860,582749811.0,14525722116.4,14525722116.4
2015-09-17,'600675,中华企业,7.89,8.7,7.85,8.2,8.11,-0.22,-2.7127,8.6292,161112543,1328752207.0,14731098650.2,14731098650.2
2015-09-16,'600675,中华企业,8.11,8.11,7.15,7.25,7.37,0.74,10.0407,6.6845,124804035,959980381.0,15141851717.8,15141851717.8
2015-09-15,'600675,中华企业,7.37,8.2,7.37,7.87,8.19,-0.82,-10.0122,6.4339,120124477,921805443.0,13760227763.3,13760227763.3
2015-09-14,'600675,中华企业,8.19,8.66,7.83,8.01,7.87,0.32,4.0661,10.9493,204429818,1700931770.0,15291216469.6,15291216469.6
2015-09-11,'600675,中华企业,7.87,7.87,7.08,7.1,7.15,0.72,10.0699,6.5845,122936737,948135882.0,14693757462.3,14693757462.3
2015-09-10,'600675,中华企业,7.15,7.37,6.99,7.1,7.28,-0.13,-1.7857,2.5267,47174270,337227515.0,13349474695.7,13349474695.7
2015-09-09,'600675,中华企业,7.28,7.46,7.0,7.1,6.97,0.31,4.4476,3.792,70798638,513747234.0,13592192417.4,13592192417.4
2015-09-08,'600675,中华企业,6.97,6.97,6.25,6.32,6.34,0.63,9.9369,2.2202,41453215,275682640.0,13013404004.1,13013404004.1
2015-09-07,'600675,中华企业,6.34,6.66,6.19,6.4,6.14,0.2,3.2573,2.1298,39764282,256314491.0,11837156583.3,11837156583.3
2015-09-02,'600675,中华企业,6.14,6.9,6.02,6.33,6.67,-0.53,-7.946,2.8806,53782385,345006934.0,11463744703.7,11463744703.7
2015-09-01,'600675,中华企业,6.67,7.54,6.67,7.43,7.41,-0.74,-9.9865,2.8534,53274802,370548527.0,12453286184.7,12453286184.7
2015-08-31,'600675,中华企业,7.41,7.81,7.33,7.59,7.83,-0.42,-5.364,2.5528,47661764,357794389.0,13834910139.2,13834910139.2
2015-08-28,'600675,中华企业,7.83,7.88,7.28,7.32,7.2,0.63,8.75,3.3008,61627355,463856307.0,14619075086.3,14619075086.3
2015-08-27,'600675,中华企业,7.2,7.23,6.7,7.01,6.8,0.4,5.8824,2.8577,53354425,375438759.0,13442827665.6,13442827665.6
2015-08-26,'600675,中华企业,6.8,7.47,6.55,7.05,6.93,-0.13,-1.8759,4.0765,76111014,542330064.0,12696003906.4,12696003906.4
2015-08-25,'600675,中华企业,6.93,7.27,6.93,6.93,7.7,-0.77,-10.0,4.5814,85538026,596144034.0,12938721628.1,12938721628.1
2015-08-24,'600675,中华企业,7.7,8.21,7.7,8.0,8.55,-0.85,-9.9415,2.9189,54497334,424068032.0,14376357364.6,14376357364.6
2015-08-21,'600675,中华企业,8.55,9.26,8.45,9.0,9.17,-0.62,-6.7612,3.0407,56771116,502017926.0,15963357852.9,15963357852.9
2015-08-20,'600675,中华企业,9.17,9.97,9.11,9.76,10.0,-0.83,-8.3,2.9507,55091125,530224840.0,17120934679.7,17120934679.7
2015-08-19,'600675,中华企业,10.0,10.22,8.71,9.17,9.65,0.35,3.6269,5.0412,94121752,890969855.0,18670593980.0,18670593980.0
2015-08-18,'600675,中华企业,9.65,11.12,9.65,10.78,10.72,-1.07,-9.9813,6.4694,120788314,1251859989.0,18017123190.7,18017123190.7
2015-08-17,'600675,中华企业,10.72,10.73,9.62,9.69,9.77,0.95,9.7236,5.8201,108665230,1101521955.0,20014876746.6,20014876746.6
2015-08-14,'600675,中华企业,9.77,10.4,9.58,9.91,9.83,-0.06,-0.6104,5.7152,106705848,1069166023.0,18241170318.5,18241170318.5
2015-08-13,'600675,中华企业,9.83,10.03,9.18,9.22,9.37,0.46,4.9093,4.7145,88023313,852733106.0,18353193882.3,18353193882.3
2015-08-12,'600675,中华企业,9.37,9.79,8.85,8.96,9.11,0.26,2.854,4.1557,77590312,720980490.0,17494346559.3,17494346559.3
2015-08-11,'600675,中华企业,9.11,9.36,8.93,9.1,9.12,-0.01,-0.1096,3.5193,65707553,600258181.0,17008911115.8,17008911115.8
2015-08-10,'600675,中华企业,9.12,9.2,8.65,8.7,8.54,0.58,6.7916,2.9829,55692946,498593015.0,17027581709.8,17027581709.8
2015-08-07,'600675,中华企业,8.54,8.65,8.29,8.29,8.24,0.3,3.6408,2.2959,42865725,365223285.0,15944687258.9,15944687258.9
2015-08-06,'600675,中华企业,8.24,8.43,8.08,8.13,8.39,-0.15,-1.7878,1.569,29294897,241886045.0,15384569439.5,15384569439.5
2015-08-05,'600675,中华企业,8.39,8.66,8.11,8.44,8.4,-0.01,-0.119,3.2268,60246497,508333383.0,15664628349.2,15664628349.2
2015-08-04,'600675,中华企业,8.4,8.46,7.77,7.79,7.75,0.65,8.3871,2.7487,51320456,416781397.0,15683298943.2,15683298943.2
2015-08-03,'600675,中华企业,7.75,8.18,7.44,8.1,8.25,-0.5,-6.0606,2.5089,46843450,363339055.0,14469710334.5,14469710334.5
2015-07-31,'600675,中华企业,8.25,8.75,8.01,8.57,8.75,-0.5,-5.7143,2.8421,53063780,449355355.0,15403240033.5,15403240033.5
2015-07-30,'600675,中华企业,8.75,9.37,8.65,9.1,9.23,-0.48,-5.2004,3.8143,71215384,649332484.0,16336769732.5,16336769732.5
2015-07-29,'600675,中华企业,9.23,9.28,8.25,8.88,8.68,0.55,6.3364,3.8605,72077754,631278405.0,17232958243.5,17232958243.5
2015-07-28,'600675,中华企业,8.68,9.75,8.18,8.75,9.09,-0.41,-4.5105,4.6344,86526497,745765690.0,16206075574.6,16206075574.6
2015-07-27,'600675,中华企业,9.09,10.41,9.09,9.8,10.1,-1.01,-10.0,5.4364,101500638,1000973514.0,16971569927.8,16971569927.8
2015-07-24,'600675,中华企业,10.1,10.68,9.74,10.0,10.0,0.1,1.0,7.5076,140171376,1421758124.0,18857299919.8,18857299919.8
2015-07-23,'600675,中华企业,10.0,10.0,9.02,9.09,9.09,0.91,10.011,5.1289,95759623,915150773.0,18670593980.0,18670593980.0
2015-07-22,'600675,中华企业,9.09,9.24,8.61,9.01,8.99,0.1,1.1123,3.3908,63308747,565745174.0,16971569927.8,16971569927.8
2015-07-21,'600675,中华企业,8.99,9.53,8.61,8.86,8.93,0.06,0.6719,4.1454,77397338,707763607.0,16784863988.0,16784863988.0
2015-07-20,'600675,中华企业,8.93,9.11,8.23,8.47,8.44,0.49,5.8057,4.963,92662331,800353308.0,16672840424.1,16672840424.1
2015-07-17,'600675,中华企业,8.44,8.48,7.77,7.83,7.75,0.69,8.9032,3.5208,65735777,540351529.0,15757981319.1,15757981319.1
2015-07-16,'600675,中华企业,7.75,8.05,7.0,7.53,7.53,0.22,2.9216,3.3728,62971996,484686747.0,14469710334.5,14469710334.5
2015-07-15,'600675,中华企业,7.53,8.8,7.42,8.8,8.24,-0.71,-8.6165,6.4689,120778274,969714963.0,14058957266.9,14058957266.9
2015-07-14,'600675,中华企业,8.24,8.24,8.24,8.24,7.49,0.75,10.0134,0.1531,2858216,23551700.0,15384569439.5,15384569439.5
2015-07-13,'600675,中华企业,7.49,7.49,7.49,7.49,6.81,0.68,9.9853,0.2314,4319898,32356036.0,13984274891.0,13984274891.0
2015-07-10,'600675,中华企业,0.0,0.0,0.0,0.0,6.81,None,None,0.0,0,0.0,12714674500.4,12714674500.4
2015-07-09,'600675,中华企业,0.0,0.0,0.0,0.0,6.81,None,None,0.0,0,0.0,12714674500.4,12714674500.4
2015-07-08,'600675,中华企业,0.0,0.0,0.0,0.0,6.81,None,None,0.0,0,0.0,12714674500.4,12714674500.4
2015-07-07,'600675,中华企业,6.81,7.58,6.81,7.58,7.57,-0.76,-10.0396,2.8606,53409550,372979772.0,12714674500.4,12714674500.4
2015-07-06,'600675,中华企业,7.57,9.06,7.42,9.06,8.24,-0.67,-8.1311,6.2382,116470527,923628365.0,14133639642.9,14133639642.9
2015-07-03,'600675,中华企业,8.24,9.21,8.24,8.56,9.16,-0.92,-10.0437,4.3219,80692540,680197927.0,15384569439.5,15384569439.5
2015-07-02,'600675,中华企业,9.16,10.39,9.16,10.2,10.18,-1.02,-10.0196,3.7732,70448766,672474457.0,17102264085.7,17102264085.7
2015-07-01,'600675,中华企业,10.18,11.68,10.18,11.0,11.31,-1.13,-9.9912,3.8328,71560870,791670062.0,19006664671.6,19006664671.6
2015-06-30,'600675,中华企业,11.31,11.38,9.68,10.86,10.76,0.55,5.1115,5.0393,94086599,997720899.0,21116441791.4,21116441791.4
2015-06-29,'600675,中华企业,10.76,12.57,10.76,12.5,11.96,-1.2,-10.0334,4.9311,92067241,1058521333.0,20089559122.5,20089559122.5
2015-06-26,'600675,中华企业,11.96,13.07,11.96,12.85,13.29,-1.33,-10.0075,3.7025,69128028,860473236.0,22330030400.1,22330030400.1
2015-06-25,'600675,中华企业,13.29,13.96,12.9,13.29,13.3,-0.01,-0.0752,4.6851,87474233,1173563446.0,24813219399.4,24813219399.4
2015-06-24,'600675,中华企业,13.3,13.38,12.5,13.15,12.89,0.41,3.1808,3.6041,67290339,877283662.0,24831889993.4,24831889993.4
2015-06-23,'600675,中华企业,12.89,13.59,11.91,13.22,13.22,-0.33,-2.4962,3.6439,68034637,863337125.0,24066395640.2,24066395640.2
2015-06-19,'600675,中华企业,13.22,14.56,13.0,13.8,14.12,-0.9,-6.3739,3.8641,72144434,1011642850.0,24682525241.6,24682525241.6
2015-06-18,'600675,中华企业,14.12,15.04,13.79,14.08,14.08,0.04,0.2841,3.9261,73302134,1058730706.0,26362878699.8,26362878699.8
2015-06-17,'600675,中华企业,14.08,14.15,13.13,13.69,13.72,0.36,2.6239,3.9099,73000947,1005260929.0,26288196323.8,26288196323.8
2015-06-16,'600675,中华企业,13.72,14.4,13.51,14.4,14.49,-0.77,-5.314,3.582,66878996,934394830.0,25616054940.6,25616054940.6
2015-06-15,'600675,中华企业,14.49,15.0,14.41,14.99,15.07,-0.58,-3.8487,3.9411,73582800,1080772558.0,27053690677.0,27053690677.0
2015-06-12,'600675,中华企业,15.07,15.79,14.88,15.25,14.7,0.37,2.517,4.9811,92999917,1419219019.0,28136585127.9,28136585127.9
2015-06-11,'600675,中华企业,14.7,14.98,14.15,14.45,14.44,0.26,1.8006,4.7264,88244034,1289414629.0,27445773150.6,27445773150.6
2015-06-10,'600675,中华企业,14.44,15.44,13.47,13.61,14.08,0.36,2.5568,7.3018,136328172,1990973097.0,26960337707.1,26960337707.1
2015-06-09,'600675,中华企业,14.08,14.08,12.56,12.82,12.8,1.28,10.0,5.7502,107359034,1423482296.0,26288196323.8,26288196323.8
2015-06-08,'600675,中华企业,12.8,13.09,12.6,12.7,12.8,0.0,0.0,5.1138,95477487,1223926037.0,23898360294.4,23898360294.4
2015-06-05,'600675,中华企业,12.8,13.13,12.2,13.01,12.7,0.1,0.7874,4.3407,81044007,1031404036.0,23898360294.4,23898360294.4
2015-06-04,'600675,中华企业,12.7,13.3,11.8,12.9,13.04,-0.34,-2.6074,4.2585,79508056,998880486.0,23711654354.6,23711654354.6
2015-06-03,'600675,中华企业,13.04,13.35,12.45,12.86,12.89,0.15,1.1637,4.9161,91786841,1184683635.0,24346454549.9,24346454549.9
2015-06-02,'600675,中华企业,12.89,13.5,12.4,13.5,12.43,0.46,3.7007,7.7971,145576260,1890430779.0,24066395640.2,24066395640.2
2015-06-01,'600675,中华企业,12.43,12.43,11.48,11.7,11.3,1.13,10.0,4.0913,76386562,925432766.0,23207548317.1,23207548317.1
2015-05-29,'600675,中华企业,11.3,11.3,9.8,10.28,10.27,1.03,10.0292,5.6138,104813657,1099896518.0,21097771197.4,21097771197.4
2015-05-28,'600675,中华企业,10.27,11.66,10.2,11.26,11.26,-0.99,-8.7922,5.9598,111273284,1235244018.0,19174700017.5,19174700017.5
2015-05-27,'600675,中华企业,11.26,11.58,10.3,10.54,10.54,0.72,6.8311,6.3107,117824164,1278808359.0,21023088821.5,21023088821.5
2015-05-26,'600675,中华企业,10.54,10.7,10.08,10.3,10.3,0.24,2.3301,5.4147,101095169,1052921886.0,19678806054.9,19678806054.9
2015-05-25,'600675,中华企业,10.3,10.36,9.78,9.97,9.99,0.31,3.1031,4.8961,91413161,931878955.0,19230711799.4,19230711799.4
2015-05-22,'600675,中华企业,9.99,10.09,9.67,9.91,9.91,0.08,0.8073,4.4204,82531515,816536201.0,18651923386.0,18651923386.0
2015-05-21,'600675,中华企业,9.91,10.0,9.18,9.2,9.2,0.71,7.7174,5.0021,93391546,900581252.0,18502558634.2,18502558634.2
2015-05-20,'600675,中华企业,9.2,9.45,9.16,9.19,9.19,0.01,0.1088,3.209,59914059,557948025.0,17176946461.6,17176946461.6
2015-05-19,'600675,中华企业,9.19,9.22,8.75,8.79,8.83,0.36,4.077,2.4181,45146948,410574979.0,17158275867.6,17158275867.6
2015-05-18,'600675,中华企业,8.83,9.02,8.8,9.0,8.84,-0.01,-0.1131,1.8585,34698577,309162976.0,16486134484.3,16486134484.3
2015-05-15,'600675,中华企业,8.84,9.14,8.7,9.14,9.16,-0.32,-3.4934,3.1728,59238185,525888565.0,16504805078.3,16504805078.3
2015-05-14,'600675,中华企业,9.16,9.47,9.12,9.33,9.37,-0.21,-2.2412,2.6935,50289758,465652117.0,17102264085.7,17102264085.7
2015-05-13,'600675,中华企业,9.37,9.44,9.12,9.26,9.25,0.12,1.2973,3.001,56030035,518088152.0,17494346559.3,17494346559.3
2015-05-12,'600675,中华企业,9.25,9.47,9.07,9.18,9.11,0.14,1.5368,2.737,51101406,475071988.0,17270299431.5,17270299431.5
2015-05-11,'600675,中华企业,9.11,9.18,8.85,9.0,8.82,0.29,3.288,3.1097,58059977,525425715.0,17008911115.8,17008911115.8
2015-05-08,'600675,中华企业,8.82,8.86,8.42,8.59,8.5,0.32,3.7647,2.583,48226309,418339257.0,16467463890.4,16467463890.4
2015-05-07,'600675,中华企业,8.5,8.75,8.25,8.63,8.74,-0.24,-2.746,2.5796,48161899,406946686.0,15870004883.0,15870004883.0
2015-05-06,'600675,中华企业,8.74,9.33,8.5,9.17,9.14,-0.4,-4.3764,2.7725,51763934,468211117.0,16318099138.5,16318099138.5
2015-05-05,'600675,中华企业,9.14,9.76,9.1,9.55,9.55,-0.41,-4.2932,3.5343,65986677,626659342.0,17064922897.7,17064922897.7
2015-05-04,'600675,中华企业,9.55,9.63,9.25,9.55,9.48,0.07,0.7384,2.6652,49761793,472009806.0,17830417250.9,17830417250.9
2015-04-30,'600675,中华企业,9.48,9.76,9.4,9.62,9.56,-0.08,-0.8368,2.9259,54628048,521905128.0,17699723093.0,17699723093.0
2015-04-29,'600675,中华企业,9.56,9.68,9.3,9.3,9.23,0.33,3.5753,3.0452,56855580,541863451.0,17849087844.9,17849087844.9
2015-04-28,'600675,中华企业,9.23,9.72,9.16,9.7,9.73,-0.5,-5.1387,3.3945,63376820,594584061.0,17232958243.5,17232958243.5
2015-04-27,'600675,中华企业,9.73,9.98,9.51,9.8,9.82,-0.09,-0.9165,3.9912,74518450,723762283.0,18166487942.5,18166487942.5
2015-04-24,'600675,中华企业,9.82,10.25,9.28,9.57,9.48,0.34,3.5865,6.2453,116602863,1149187883.0,18334523288.4,18334523288.4
2015-04-23,'600675,中华企业,9.48,9.5,8.93,9.02,8.98,0.5,5.5679,6.2885,117409580,1073240610.0,17699723093.0,17699723093.0
2015-04-22,'600675,中华企业,8.98,9.12,8.58,8.58,8.58,0.4,4.662,5.2197,97454035,868526361.0,16766193394.0,16766193394.0
2015-04-21,'600675,中华企业,8.58,8.59,8.28,8.45,8.36,0.22,2.6316,2.9238,54589364,461083054.0,16019369634.8,16019369634.8
2015-04-20,'600675,中华企业,8.36,8.73,8.3,8.63,8.62,-0.26,-3.0162,4.718,88087550,753906769.0,15608616567.3,15608616567.3
2015-04-17,'600675,中华企业,8.62,8.8,8.47,8.62,8.54,0.08,0.9368,4.5474,84903224,730653418.0,16094052010.8,16094052010.8
2015-04-16,'600675,中华企业,8.54,8.68,8.13,8.38,8.48,0.06,0.7075,2.6583,49631484,418388202.0,15944687258.9,15944687258.9
2015-04-15,'600675,中华企业,8.48,8.93,8.4,8.85,8.93,-0.45,-5.0392,3.6589,68314292,588769963.0,15832663695.0,15832663695.0
2015-04-14,'600675,中华企业,8.93,9.14,8.7,8.83,8.82,0.11,1.2472,3.6509,68163703,612867675.0,16672840424.1,16672840424.1
2015-04-13,'600675,中华企业,8.82,8.89,8.66,8.74,8.71,0.11,1.2629,3.6437,68029458,597887889.0,16467463890.4,16467463890.4
2015-04-10,'600675,中华企业,8.71,8.9,8.56,8.69,8.81,-0.1,-1.1351,4.2644,79617976,694295870.0,16262087356.6,16262087356.6
2015-04-09,'600675,中华企业,8.81,8.85,8.07,8.45,8.54,0.27,3.1616,7.0687,131977559,1120300108.0,16448793296.4,16448793296.4
2015-04-08,'600675,中华企业,8.54,8.64,7.95,8.05,8.03,0.51,6.3512,7.2451,135270670,1127441883.0,15944687258.9,15944687258.9
2015-04-07,'600675,中华企业,8.03,8.04,7.82,7.9,7.88,0.15,1.9036,4.1865,78164949,621589969.0,14992486965.9,14992486965.9
2015-04-03,'600675,中华企业,7.88,7.96,7.82,7.9,7.97,-0.09,-1.1292,3.7117,69299868,546154094.0,14712428056.2,14712428056.2
2015-04-02,'600675,中华企业,7.97,8.02,7.86,7.94,7.93,0.04,0.5044,2.6817,50069849,397860647.0,14880463402.1,14880463402.1
2015-04-01,'600675,中华企业,7.93,8.0,7.84,7.9,7.93,0.0,0.0,3.7214,69481568,550585074.0,14805781026.1,14805781026.1
2015-03-31,'600675,中华企业,7.93,8.5,7.86,8.34,8.12,-0.19,-2.3399,5.5198,103058198,838091925.0,14805781026.1,14805781026.1
2015-03-30,'600675,中华企业,8.12,8.31,7.85,8.01,7.96,0.16,2.0101,5.5234,103124879,835310060.0,15160522311.8,15160522311.8
2015-03-27,'600675,中华企业,7.96,8.02,7.75,7.77,7.77,0.19,2.4453,2.7174,50734649,399874849.0,14861792808.1,14861792808.1
2015-03-26,'600675,中华企业,7.77,8.02,7.73,7.97,7.95,-0.18,-2.2642,2.8518,53244713,418177914.0,14507051522.5,14507051522.5
2015-03-25,'600675,中华企业,7.95,8.05,7.65,7.72,7.72,0.23,2.9793,4.7085,87909700,697067610.0,14843122214.1,14843122214.1
2015-03-24,'600675,中华企业,7.72,7.82,7.45,7.77,7.75,-0.03,-0.3871,4.1376,77251084,592760865.0,14413698552.6,14413698552.6
2015-03-23,'600675,中华企业,7.75,7.96,7.62,7.62,7.62,0.13,1.706,3.9015,72843842,566017558.0,14469710334.5,14469710334.5
2015-03-20,'600675,中华企业,7.62,7.88,7.5,7.56,7.64,-0.02,-0.2618,4.2341,79053110,606665666.0,14226992612.8,14226992612.8
2015-03-19,'600675,中华企业,7.64,7.77,7.3,7.36,7.36,0.28,3.8043,5.3587,100050698,748205882.0,14264333800.7,14264333800.7
2015-03-18,'600675,中华企业,7.36,7.4,7.22,7.25,7.3,0.06,0.8219,3.4615,64628369,472777849.0,13741557169.3,13741557169.3
2015-03-17,'600675,中华企业,7.3,7.5,7.19,7.29,7.25,0.05,0.6897,4.8473,90502335,664147808.0,13629533605.4,13629533605.4
2015-03-16,'600675,中华企业,7.25,7.32,7.14,7.16,7.14,0.11,1.5406,3.6854,68808031,497915035.0,13536180635.5,13536180635.5
2015-03-13,'600675,中华企业,7.14,7.28,7.02,7.23,7.23,-0.09,-1.2448,3.2852,61337041,437542016.0,13330804101.7,13330804101.7
2015-03-12,'600675,中华企业,7.23,7.44,6.85,6.87,6.82,0.41,6.0117,5.9801,111652159,796525254.0,13498839447.5,13498839447.5
2015-03-11,'600675,中华企业,6.82,6.93,6.74,6.82,6.82,0.0,0.0,2.1925,40935438,280166800.0,12733345094.4,12733345094.4
2015-03-10,'600675,中华企业,6.82,6.95,6.78,6.85,6.9,-0.08,-1.1594,2.6677,49807843,341665294.0,12733345094.4,12733345094.4
2015-03-09,'600675,中华企业,6.9,7.15,6.7,6.76,6.76,0.14,2.071,4.657,86949297,603378826.0,12882709846.2,12882709846.2
2015-03-06,'600675,中华企业,6.76,6.8,6.5,6.55,6.55,0.21,3.2061,2.9804,55646420,368537694.0,12621321530.5,12621321530.5
2015-03-05,'600675,中华企业,6.55,6.62,6.44,6.62,6.63,-0.08,-1.2066,2.2195,41439821,269969013.0,12229239056.9,12229239056.9
2015-03-04,'600675,中华企业,6.63,6.63,6.54,6.55,6.56,0.07,1.0671,1.6234,30310598,199705973.0,12378603808.7,12378603808.7
2015-03-03,'600675,中华企业,6.56,6.74,6.53,6.74,6.8,-0.24,-3.5294,2.4951,46585897,308295048.0,12247909650.9,12247909650.9
2015-03-02,'600675,中华企业,6.8,6.94,6.73,6.9,6.8,0.0,0.0,3.1196,58244351,396335102.0,12696003906.4,12696003906.4
2015-02-27,'600675,中华企业,6.8,6.85,6.6,6.68,6.69,0.11,1.6442,3.1857,59478651,400648350.0,12696003906.4,12696003906.4
2015-02-26,'600675,中华企业,6.69,6.73,6.47,6.47,6.49,0.2,3.0817,2.0677,38605976,255073946.0,12490627372.6,12490627372.6
2015-02-25,'600675,中华企业,6.49,6.58,6.44,6.58,6.58,-0.09,-1.3678,1.2754,23812383,154877354.0,12117215493.0,12117215493.0
2015-02-17,'600675,中华企业,6.58,6.66,6.4,6.41,6.37,0.21,3.2967,2.4632,45989367,300859972.0,12285250838.8,12285250838.8
2015-02-16,'600675,中华企业,6.37,6.42,6.31,6.32,6.31,0.06,0.9509,1.1699,21842065,139349574.0,11893168365.3,11893168365.3
2015-02-13,'600675,中华企业,6.31,6.42,6.26,6.27,6.25,0.06,0.96,1.4959,27928955,177096845.0,11781144801.4,11781144801.4
2015-02-12,'600675,中华企业,6.25,6.25,6.17,6.21,6.21,0.04,0.6441,1.2313,22988204,142976727.0,11669121237.5,11669121237.5
2015-02-11,'600675,中华企业,6.21,6.26,6.15,6.24,6.21,0.0,0.0,1.3016,24302402,150424269.0,11594438861.6,11594438861.6
2015-02-10,'600675,中华企业,6.21,6.26,6.14,6.16,6.13,0.08,1.3051,1.0764,20097733,124651385.0,11594438861.6,11594438861.6
2015-02-09,'600675,中华企业,6.13,6.29,6.1,6.18,6.22,-0.09,-1.4469,1.6049,29964819,185127097.0,11445074109.7,11445074109.7
2015-02-06,'600675,中华企业,6.22,6.56,6.16,6.52,6.59,-0.37,-5.6146,1.8299,34164484,217569716.0,11613109455.6,11613109455.6
2015-02-05,'600675,中华企业,6.59,6.79,6.49,6.78,6.57,0.02,0.3044,3.7474,69965738,465315076.0,12303921432.8,12303921432.8
2016-02-15,'600675,中华企业,5.02,5.08,4.85,4.9,5.12,-0.1,-1.9531,0.5266,9831083,48890618.0,9372638177.96,9372638177.96

