2016-05-13,'600653,申华控股,0.0,0.0,0.0,0.0,3.93,None,None,0.0,0,0.0,7649274645.81,6863274645.81
2016-05-12,'600653,申华控股,0.0,0.0,0.0,0.0,3.93,None,None,0.0,0,0.0,7649274645.81,6863274645.81
2016-05-11,'600653,申华控股,0.0,0.0,0.0,0.0,3.93,None,None,0.0,0,0.0,7649274645.81,6863274645.81
2016-05-10,'600653,申华控股,0.0,0.0,0.0,0.0,3.93,None,None,0.0,0,0.0,7649274645.81,6863274645.81
2016-05-09,'600653,申华控股,0.0,0.0,0.0,0.0,3.93,None,None,0.0,0,0.0,7649274645.81,6863274645.81
2016-05-06,'600653,申华控股,0.0,0.0,0.0,0.0,3.93,None,None,0.0,0,0.0,7649274645.81,6863274645.81
2016-05-05,'600653,申华控股,0.0,0.0,0.0,0.0,3.93,None,None,0.0,0,0.0,7649274645.81,6863274645.81
2016-05-04,'600653,申华控股,3.93,3.96,3.9,3.92,3.93,0.0,0.0,0.9545,16670009,65602159.0,7649274645.81,6863274645.81
2016-05-03,'600653,申华控股,3.93,3.93,3.82,3.84,3.86,0.07,1.8135,0.8909,15558738,60656383.0,7649274645.81,6863274645.81
2016-04-29,'600653,申华控股,3.86,3.92,3.84,3.87,3.92,-0.06,-1.5306,0.7657,13371389,51981803.0,7513028023.62,6741028023.62
2016-04-28,'600653,申华控股,3.92,4.05,3.72,3.81,3.81,0.11,2.8871,1.3569,23696618,91364522.0,7629810842.64,6845810842.64
2016-04-27,'600653,申华控股,3.81,3.86,3.8,3.85,3.83,-0.02,-0.5222,0.6242,10901576,41769325.0,7415709007.77,6653709007.77
2016-04-26,'600653,申华控股,3.83,3.85,3.76,3.78,3.78,0.05,1.3228,0.4923,8598160,32711215.0,7454636614.11,6688636614.11
2016-04-25,'600653,申华控股,3.78,3.85,3.71,3.85,3.85,-0.07,-1.8182,0.7764,13558825,51158271.0,7357317598.26,6601317598.26
2016-04-22,'600653,申华控股,3.85,3.88,3.78,3.82,3.83,0.02,0.5222,0.5645,9857827,37812388.0,7493564220.45,6723564220.45
2016-04-21,'600653,申华控股,3.83,3.93,3.82,3.87,3.88,-0.05,-1.2887,0.8119,14179486,55015820.0,7454636614.11,6688636614.11
2016-04-20,'600653,申华控股,3.88,4.1,3.78,4.09,4.09,-0.21,-5.1345,1.732,30247285,118658950.0,7551955629.96,6775955629.96
2016-04-19,'600653,申华控股,4.09,4.11,4.05,4.08,4.06,0.03,0.7389,0.6763,11810345,48134207.0,7960695496.53,7142695496.53
2016-04-18,'600653,申华控股,4.06,4.14,4.05,4.14,4.15,-0.09,-2.1687,0.9851,17203718,70200067.0,7902304087.02,7090304087.02
2016-04-15,'600653,申华控股,4.15,4.19,4.12,4.14,4.16,-0.01,-0.2404,1.0896,19028348,79087934.0,8077478315.55,7247478315.55
2016-04-14,'600653,申华控股,4.16,4.16,4.11,4.15,4.12,0.04,0.9709,1.3549,23661712,97847926.0,8096942118.72,7264942118.72
2016-04-13,'600653,申华控股,4.12,4.17,4.08,4.09,4.07,0.05,1.2285,1.6718,29196071,120935245.0,8019086906.04,7195086906.04
2016-04-12,'600653,申华控股,4.07,4.13,4.03,4.12,4.12,-0.05,-1.2136,0.8555,14940202,60696893.0,7921767890.19,7107767890.19
2016-04-11,'600653,申华控股,4.12,4.15,4.06,4.07,4.05,0.07,1.7284,1.0152,17728489,73124793.0,8019086906.04,7195086906.04
2016-04-08,'600653,申华控股,4.05,4.09,4.0,4.09,4.11,-0.06,-1.4599,1.0919,19069042,77019867.0,7882840283.85,7072840283.85
2016-04-07,'600653,申华控股,4.11,4.22,4.1,4.17,4.17,-0.06,-1.4388,1.2664,22115710,91605204.0,7999623102.87,7177623102.87
2016-04-06,'600653,申华控股,4.17,4.24,4.13,4.14,4.19,-0.02,-0.4773,1.4231,24852309,103798045.0,8116405921.89,7282405921.89
2016-04-05,'600653,申华控股,4.19,4.2,4.09,4.1,4.08,0.11,2.6961,1.9245,33608337,139531179.0,8155333528.23,7317333528.23
2016-04-01,'600653,申华控股,4.08,4.08,3.98,4.02,4.07,0.01,0.2457,1.0444,18239740,73531482.0,7941231693.36,7125231693.36
2016-03-31,'600653,申华控股,4.07,4.15,4.06,4.14,4.1,-0.03,-0.7317,1.1806,20617976,84385995.0,7921767890.19,7107767890.19
2016-03-30,'600653,申华控股,4.1,4.1,4.03,4.05,4.01,0.09,2.2444,1.2192,21292371,86676399.0,7160159299.7,7160159299.7
2016-03-29,'600653,申华控股,4.01,4.1,3.98,4.08,4.06,-0.05,-1.2315,1.0318,18019314,72625589.0,7002985071.17,7002985071.17
2016-03-28,'600653,申华控股,4.06,4.19,4.03,4.17,4.15,-0.09,-2.1687,1.6488,28794733,118457495.0,7090304087.02,7090304087.02
2016-03-25,'600653,申华控股,4.15,4.23,4.06,4.07,4.13,0.02,0.4843,2.3145,40420588,167524072.0,7247478315.55,7247478315.55
2016-03-24,'600653,申华控股,4.13,4.42,3.92,3.96,4.03,0.1,2.4814,4.2905,74927746,312966100.0,7212550709.21,7212550709.21
2016-03-23,'600653,申华控股,4.03,4.1,3.9,3.92,3.94,0.09,2.2843,2.4585,42935244,171878999.0,7037912677.51,7037912677.51
2016-03-22,'600653,申华控股,3.94,3.98,3.91,3.96,4.01,-0.07,-1.7456,1.5146,26451333,104458381.0,6880738448.98,6880738448.98
2016-03-21,'600653,申华控股,4.01,4.02,3.93,3.97,3.92,0.09,2.2959,2.0382,35595263,141570222.0,7002985071.17,7002985071.17
2016-03-18,'600653,申华控股,3.92,3.95,3.8,3.81,3.81,0.11,2.8871,1.7572,30687167,119510271.0,6845810842.64,6845810842.64
2016-03-17,'600653,申华控股,3.81,3.82,3.72,3.75,3.72,0.09,2.4194,1.1192,19545986,74079239.0,6653709007.77,6653709007.77
2016-03-16,'600653,申华控股,3.72,3.8,3.71,3.78,3.76,-0.04,-1.0638,0.462,8068421,30248602.0,6496534779.24,6496534779.24
2016-03-15,'600653,申华控股,3.76,3.81,3.72,3.8,3.8,-0.04,-1.0526,0.571,9971500,37524594.0,6566389991.92,6566389991.92
2016-03-14,'600653,申华控股,3.8,3.85,3.72,3.74,3.68,0.12,3.2609,0.839,14651941,55726957.0,6636245204.6,6636245204.6
2016-03-11,'600653,申华控股,3.68,3.71,3.65,3.69,3.71,-0.03,-0.8086,0.4747,8290528,30474137.0,6426679566.56,6426679566.56
2016-03-10,'600653,申华控股,3.71,3.82,3.7,3.77,3.77,-0.06,-1.5915,0.6457,11276261,42438729.0,6479070976.07,6479070976.07
2016-03-09,'600653,申华控股,3.77,3.82,3.73,3.77,3.88,-0.11,-2.8351,0.7062,12333014,46490252.0,6583853795.09,6583853795.09
2016-03-08,'600653,申华控股,3.88,3.89,3.7,3.87,3.88,0.0,0.0,1.1463,20018084,75930122.0,6775955629.96,6775955629.96
2016-03-07,'600653,申华控股,3.88,3.92,3.82,3.85,3.81,0.07,1.8373,0.9333,16298600,63096016.0,6775955629.96,6775955629.96
2016-03-04,'600653,申华控股,3.81,3.97,3.73,3.86,3.88,-0.07,-1.8041,1.5359,26823461,103513465.0,6653709007.77,6653709007.77
2016-03-03,'600653,申华控股,3.88,4.1,3.79,3.82,3.83,0.05,1.3055,2.1592,37708653,147891718.0,6775955629.96,6775955629.96
2016-03-02,'600653,申华控股,3.83,3.83,3.61,3.63,3.62,0.21,5.8011,1.4669,25618204,95985653.0,6688636614.11,6688636614.11
2016-03-01,'600653,申华控股,3.62,3.65,3.52,3.57,3.54,0.08,2.2599,0.8495,14834912,53221880.0,6321896747.54,6321896747.54
2016-02-29,'600653,申华控股,3.54,3.72,3.46,3.72,3.72,-0.18,-4.8387,1.2403,21659623,76309951.0,6182186322.18,6182186322.18
2016-02-26,'600653,申华控股,3.72,3.8,3.6,3.76,3.66,0.06,1.6393,1.3133,22934815,85305121.0,6496534779.24,6496534779.24
2016-02-25,'600653,申华控股,3.66,4.03,3.66,4.0,4.07,-0.41,-10.0737,2.7036,47215914,181708434.0,6391751960.22,6391751960.22
2016-02-24,'600653,申华控股,4.07,4.21,3.81,3.84,3.83,0.24,6.2663,3.5796,62513531,254737624.0,7107767890.19,7107767890.19
2016-02-23,'600653,申华控股,3.83,3.9,3.75,3.89,3.9,-0.07,-1.7949,1.142,19944001,76346394.0,6688636614.11,6688636614.11
2016-02-22,'600653,申华控股,3.9,3.97,3.83,3.83,3.8,0.1,2.6316,1.6089,28097686,109645651.0,6810883236.3,6810883236.3
2016-02-19,'600653,申华控股,3.8,3.85,3.77,3.82,3.82,-0.02,-0.5236,0.8822,15406351,58548611.0,6636245204.6,6636245204.6
2016-02-18,'600653,申华控股,3.82,3.89,3.8,3.85,3.82,0.0,0.0,1.4944,26097577,100118059.0,6671172810.94,6671172810.94
2016-02-17,'600653,申华控股,3.82,3.86,3.75,3.78,3.84,-0.02,-0.5208,1.9688,34383447,130668606.0,6671172810.94,6671172810.94
2016-02-16,'600653,申华控股,3.84,3.86,3.52,3.53,3.51,0.33,9.4017,2.378,41528611,155169025.0,6706100417.28,6706100417.28
2016-02-15,'600653,申华控股,3.51,3.53,3.36,3.45,3.55,-0.04,-1.1268,0.7507,13109723,45289087.0,6129794912.67,6129794912.67
2016-02-05,'600653,申华控股,3.55,3.64,3.53,3.63,3.61,-0.06,-1.662,0.7587,13249246,47438086.0,6199650125.35,6199650125.35
2016-02-04,'600653,申华控股,3.61,3.63,3.49,3.49,3.48,0.13,3.7356,1.0705,18694405,66794887.0,6304432944.37,6304432944.37
2016-02-03,'600653,申华控股,3.48,3.5,3.4,3.43,3.47,0.01,0.2882,0.8196,14313263,49233806.0,6077403503.16,6077403503.16
2016-02-02,'600653,申华控股,3.47,3.5,3.36,3.36,3.35,0.12,3.5821,0.8316,14522275,50241278.0,6059939699.99,6059939699.99
2016-02-01,'600653,申华控股,3.35,3.48,3.31,3.48,3.43,-0.08,-2.3324,0.8617,15048376,51269543.0,5850374061.95,5850374061.95
2016-01-29,'600653,申华控股,3.43,3.47,3.3,3.31,3.29,0.14,4.2553,1.174,20502310,69584958.0,5990084487.31,5990084487.31
2016-01-28,'600653,申华控股,3.29,3.55,3.24,3.5,3.54,-0.25,-7.0621,1.2911,22546908,76678846.0,5745591242.93,5745591242.93
2016-01-27,'600653,申华控股,3.54,3.72,3.38,3.67,3.65,-0.11,-3.0137,1.4971,26144832,92132901.0,6182186322.18,6182186322.18
2016-01-26,'600653,申华控股,3.65,4.03,3.65,4.03,4.06,-0.41,-10.0985,1.9754,34497471,130709160.0,6374288157.05,6374288157.05
2016-01-25,'600653,申华控股,4.06,4.12,4.01,4.01,3.99,0.07,1.7544,0.7165,12512104,50699099.0,7090304087.02,7090304087.02
2016-01-22,'600653,申华控股,3.99,4.02,3.89,3.96,3.92,0.07,1.7857,0.8077,14105809,55922200.0,6968057464.83,6968057464.83
2016-01-21,'600653,申华控股,3.92,4.14,3.91,4.02,4.09,-0.17,-4.1565,1.0806,18871771,76318504.0,6845810842.64,6845810842.64
2016-01-20,'600653,申华控股,4.09,4.2,4.06,4.13,4.17,-0.08,-1.9185,1.1442,19981239,82389091.0,7142695496.53,7142695496.53
2016-01-19,'600653,申华控股,4.17,4.18,4.01,4.01,4.02,0.15,3.7313,1.3305,23236313,95492310.0,7282405921.89,7282405921.89
2016-01-18,'600653,申华控股,4.02,4.08,3.91,3.96,4.01,0.01,0.2494,1.1496,20075821,80617520.0,7020448874.34,7020448874.34
2016-01-15,'600653,申华控股,4.01,4.22,3.98,4.2,4.24,-0.23,-5.4245,1.1458,20010092,81635795.0,7002985071.17,7002985071.17
2016-01-14,'600653,申华控股,4.24,4.25,3.93,4.0,4.14,0.1,2.4155,1.5456,26991922,110364807.0,7404652544.08,7404652544.08
2016-01-13,'600653,申华控股,4.14,4.4,4.1,4.3,4.29,-0.15,-3.4965,1.1919,20814953,89162136.0,7230014512.38,7230014512.38
2016-01-12,'600653,申华控股,4.29,4.4,4.2,4.33,4.3,-0.01,-0.2326,1.3159,22980301,98615237.0,7491971559.93,7491971559.93
2016-01-11,'600653,申华控股,4.3,4.77,4.3,4.73,4.78,-0.48,-10.0418,2.0383,35595710,161075748.0,7509435363.1,7509435363.1
2016-01-08,'600653,申华控股,4.78,4.87,4.46,4.83,4.63,0.15,3.2397,1.6928,29562615,139652402.0,8347697915.26,8347697915.26
2016-01-07,'600653,申华控股,4.63,5.06,4.61,5.06,5.11,-0.48,-9.3933,0.3539,6181000,29918121.0,8085740867.71,8085740867.71
2016-01-06,'600653,申华控股,5.11,5.2,4.91,4.91,4.94,0.17,3.4413,1.2432,21711083,110231272.0,8924003419.87,8924003419.87
2016-01-05,'600653,申华控股,4.94,5.05,4.72,4.82,4.95,-0.01,-0.202,1.7462,30494751,149730700.0,8627118765.98,8627118765.98
2016-01-04,'600653,申华控股,4.95,5.47,4.91,5.44,5.43,-0.48,-8.8398,1.1765,20545610,106816210.0,8644582569.15,8644582569.15
2015-12-31,'600653,申华控股,5.43,5.55,5.38,5.54,5.53,-0.1,-1.8083,0.997,17411421,95426415.0,9482845121.31,9482845121.31
2015-12-30,'600653,申华控股,5.53,5.55,5.42,5.44,5.43,0.1,1.8416,1.363,23803999,130720731.0,9657483153.01,9657483153.01
2015-12-29,'600653,申华控股,5.43,5.47,5.3,5.33,5.33,0.1,1.8762,1.2904,22534932,121389438.0,9482845121.31,9482845121.31
2015-12-28,'600653,申华控股,5.33,5.56,5.32,5.52,5.51,-0.18,-3.2668,1.5348,26802648,146294648.0,9308207089.61,9308207089.61
2015-12-25,'600653,申华控股,5.51,5.52,5.45,5.47,5.48,0.03,0.5474,0.9001,15719262,86269067.0,9622555546.67,9622555546.67
2015-12-24,'600653,申华控股,5.48,5.57,5.43,5.55,5.56,-0.08,-1.4388,1.3152,22968752,125911636.0,9570164137.16,9570164137.16
2015-12-23,'600653,申华控股,5.56,5.69,5.55,5.69,5.68,-0.12,-2.1127,1.7481,30529215,171323060.0,9709874562.52,9709874562.52
2015-12-22,'600653,申华控股,5.68,5.69,5.58,5.65,5.66,0.02,0.3534,1.6596,28982278,163355579.0,9919440200.56,9919440200.56
2015-12-21,'600653,申华控股,5.66,5.73,5.51,5.52,5.52,0.14,2.5362,2.3432,40920550,230692073.0,9884512594.22,9884512594.22
2015-12-18,'600653,申华控股,5.52,5.58,5.49,5.56,5.59,-0.07,-1.2522,1.3484,23548942,130199396.0,9640019349.84,9640019349.84
2015-12-17,'600653,申华控股,5.59,5.62,5.45,5.45,5.43,0.16,2.9466,2.3657,41313794,228893726.0,9762265972.03,9762265972.03
2015-12-16,'600653,申华控股,5.43,5.51,5.42,5.47,5.46,-0.03,-0.5495,1.0786,18837142,102948275.0,9482845121.31,9482845121.31
2015-12-15,'600653,申华控股,5.46,5.53,5.44,5.49,5.47,-0.01,-0.1828,1.21,21130907,115946364.0,9535236530.82,9535236530.82
2015-12-14,'600653,申华控股,5.47,5.48,5.29,5.3,5.4,0.07,1.2963,1.1307,19745777,106544231.0,9552700333.99,9552700333.99
2015-12-11,'600653,申华控股,5.4,5.49,5.21,5.39,5.41,-0.01,-0.1848,1.5364,26831223,143695102.0,9430453711.8,9430453711.8
2015-12-10,'600653,申华控股,5.41,5.49,5.29,5.3,5.33,0.08,1.5009,1.5672,27368931,147078947.0,9447917514.97,9447917514.97
2015-12-09,'600653,申华控股,5.33,5.39,5.31,5.34,5.37,-0.04,-0.7449,0.9779,17077108,91265313.0,9308207089.61,9308207089.61
2015-12-08,'600653,申华控股,5.37,5.6,5.33,5.56,5.62,-0.25,-4.4484,1.8781,32798788,178167357.0,9378062302.29,9378062302.29
2015-12-07,'600653,申华控股,5.62,5.64,5.5,5.5,5.54,0.08,1.444,1.186,20711334,115636205.0,9814657381.54,9814657381.54
2015-12-04,'600653,申华控股,5.54,5.67,5.5,5.55,5.58,-0.04,-0.7168,1.7896,31253805,174125906.0,9674946956.18,9674946956.18
2015-12-03,'600653,申华控股,5.58,5.64,5.42,5.47,5.47,0.11,2.011,1.6266,28406756,157280383.0,9744802168.86,9744802168.86
2015-12-02,'600653,申华控股,5.47,5.49,5.31,5.44,5.42,0.05,0.9225,1.6554,28909895,155952579.0,9552700333.99,9552700333.99
2015-12-01,'600653,申华控股,5.42,5.45,5.26,5.37,5.36,0.06,1.1194,1.7202,30041484,160772706.0,9465381318.14,9465381318.14
2015-11-30,'600653,申华控股,5.36,5.52,5.03,5.46,5.43,-0.07,-1.2891,2.5478,44493544,237443290.0,9360598499.12,9360598499.12
2015-11-27,'600653,申华控股,5.43,5.98,5.35,5.95,5.94,-0.51,-8.5859,4.0847,71334707,406199287.0,9482845121.31,9482845121.31
2015-11-26,'600653,申华控股,5.94,6.1,5.93,6.09,6.02,-0.08,-1.3289,2.7997,48893005,293368084.0,10373499083.0,10373499083.0
2015-11-25,'600653,申华控股,6.02,6.05,5.96,6.01,6.0,0.02,0.3333,2.4263,42373290,254240266.0,10513209508.3,10513209508.3
2015-11-24,'600653,申华控股,6.0,6.07,5.9,6.04,6.05,-0.05,-0.8264,2.7027,47198748,281266932.0,10478281902.0,10478281902.0
2015-11-23,'600653,申华控股,6.05,6.18,6.0,6.14,6.14,-0.09,-1.4658,3.5301,61648155,376118934.0,10565600917.9,10565600917.9
2015-11-20,'600653,申华控股,6.14,6.19,6.06,6.12,6.12,0.02,0.3268,3.4843,60848500,372234394.0,10722775146.4,10722775146.4
2015-11-19,'600653,申华控股,6.12,6.15,6.02,6.09,6.02,0.1,1.6611,2.7256,47599670,289797079.0,10687847540.0,10687847540.0
2015-11-18,'600653,申华控股,6.02,6.17,6.01,6.06,6.07,-0.05,-0.8237,3.3482,58472679,356981643.0,10513209508.3,10513209508.3
2015-11-17,'600653,申华控股,6.07,6.19,6.06,6.15,6.1,-0.03,-0.4918,4.2094,73512121,450005813.0,10600528524.2,10600528524.2
2015-11-16,'600653,申华控股,6.1,6.11,5.9,5.94,6.09,0.01,0.1642,3.0125,52610004,316767143.0,10652919933.7,10652919933.7
2015-11-13,'600653,申华控股,6.09,6.24,6.0,6.04,6.08,0.01,0.1645,4.7513,82975854,508232213.0,10635456130.5,10635456130.5
2015-11-12,'600653,申华控股,6.08,6.25,6.02,6.23,6.23,-0.15,-2.4077,4.3324,75660111,462359558.0,10617992327.4,10617992327.4
2015-11-11,'600653,申华控股,6.23,6.24,6.11,6.15,6.13,0.1,1.6313,4.8505,84708610,523294028.0,10879949374.9,10879949374.9
2015-11-10,'600653,申华控股,6.13,6.24,6.02,6.09,6.16,-0.03,-0.487,4.4727,78109552,478726650.0,10705311343.2,10705311343.2
2015-11-09,'600653,申华控股,6.16,6.17,5.91,6.03,6.11,0.05,0.8183,6.148,107366641,651167418.0,10757702752.7,10757702752.7
2015-11-06,'600653,申华控股,6.11,6.13,5.96,6.01,6.08,0.03,0.4934,5.8349,101899834,617890855.0,10670383736.9,10670383736.9
2015-11-05,'600653,申华控股,6.08,6.42,5.79,5.83,5.84,0.24,4.1096,9.9375,173546228,1068675458.0,10617992327.4,10617992327.4
2015-11-04,'600653,申华控股,5.84,5.85,5.6,5.6,5.59,0.25,4.4723,4.3822,76529137,440311698.0,10198861051.3,10198861051.3
2015-11-03,'600653,申华控股,5.59,5.74,5.5,5.64,5.64,-0.05,-0.8865,2.6795,46793691,263073602.0,9762265972.03,9762265972.03
2015-11-02,'600653,申华控股,5.64,5.88,5.5,5.73,5.95,-0.31,-5.2101,4.8706,85059256,484205831.0,9849584987.88,9849584987.88
2015-10-30,'600653,申华控股,5.95,6.16,5.89,6.1,6.12,-0.17,-2.7778,8.734,152528263,917742100.0,10390962886.1,10390962886.1
2015-10-29,'600653,申华控股,6.12,6.12,5.56,5.61,5.56,0.56,10.0719,7.8744,137517550,808803379.0,10687847540.0,10687847540.0
2015-10-28,'600653,申华控股,5.56,5.88,5.52,5.85,5.8,-0.24,-4.1379,4.61,80508179,462432443.0,9709874562.52,9709874562.52
2015-10-27,'600653,申华控股,5.8,5.85,5.42,5.71,5.8,0.0,0.0,4.7295,82595211,466800560.0,10129005838.6,10129005838.6
2015-10-26,'600653,申华控股,5.8,5.92,5.61,5.75,5.69,0.11,1.9332,5.0647,88448624,509851343.0,10129005838.6,10129005838.6
2015-10-23,'600653,申华控股,5.69,5.91,5.46,5.52,5.49,0.2,3.643,4.863,84926200,484965236.0,9936904003.73,9936904003.73
2015-10-22,'600653,申华控股,5.49,5.53,5.21,5.27,5.31,0.18,3.3898,3.9196,68451339,368521809.0,9587627940.33,9587627940.33
2015-10-21,'600653,申华控股,5.31,6.03,5.3,5.86,5.89,-0.58,-9.8472,6.429,112275235,636382923.0,9273279483.27,9273279483.27
2015-10-20,'600653,申华控股,5.89,5.91,5.73,5.82,5.93,-0.04,-0.6745,4.7309,82619554,481744352.0,10286180067.1,10286180067.1
2015-10-19,'600653,申华控股,5.93,5.99,5.6,5.7,5.69,0.24,4.2179,5.8633,102395296,586323429.0,10356035279.8,10356035279.8
2015-10-16,'600653,申华控股,5.69,5.75,5.52,5.68,5.64,0.05,0.8865,5.8138,101531023,572504385.0,9936904003.73,9936904003.73
2015-10-15,'600653,申华控股,5.64,5.68,5.33,5.36,5.38,0.26,4.8327,5.1274,89544418,497152908.0,9849584987.88,9849584987.88
2015-10-14,'600653,申华控股,5.38,5.62,5.36,5.38,5.4,-0.02,-0.3704,4.2707,74581809,407764397.0,9395526105.46,9395526105.46
2015-10-13,'600653,申华控股,5.4,5.45,5.32,5.34,5.44,-0.04,-0.7353,4.0729,71128119,382576727.0,9430453711.8,9430453711.8
2015-10-12,'600653,申华控股,5.44,5.48,5.1,5.1,5.14,0.3,5.8366,5.0634,88426294,473356643.0,9500308924.48,9500308924.48
2015-10-09,'600653,申华控股,5.14,5.19,5.02,5.07,5.08,0.06,1.1811,2.733,47729430,244076715.0,8976394829.38,8976394829.38
2015-10-08,'600653,申华控股,5.08,5.14,5.02,5.12,4.91,0.17,3.4623,2.3593,41202118,209637498.0,8871612010.36,8871612010.36
2015-09-30,'600653,申华控股,4.91,4.99,4.9,4.97,4.9,0.01,0.2041,1.0778,18823172,92866871.0,8574727356.47,8574727356.47
2015-09-29,'600653,申华控股,4.9,4.99,4.85,4.96,5.06,-0.16,-3.1621,2.1976,38379088,188988118.0,8557263553.3,8557263553.3
2015-09-28,'600653,申华控股,5.06,5.15,4.92,5.15,5.06,0.0,0.0,1.992,34788429,174815327.0,8836684404.02,8836684404.02
2015-09-25,'600653,申华控股,5.06,5.24,5.01,5.05,5.12,-0.06,-1.1719,3.1657,55284299,282998390.0,8836684404.02,8836684404.02
2015-09-24,'600653,申华控股,5.12,5.26,5.03,5.05,4.99,0.13,2.6052,2.9192,50980454,261776782.0,8941467223.04,8941467223.04
2015-09-23,'600653,申华控股,4.99,5.1,4.97,5.08,5.15,-0.16,-3.1068,2.9565,51632163,259268446.0,8714437781.83,8714437781.83
2015-09-22,'600653,申华控股,5.15,5.22,5.05,5.15,5.17,-0.02,-0.3868,3.5084,61270635,315559256.0,8993858632.55,8993858632.55
2015-09-21,'600653,申华控股,5.17,5.18,4.86,4.95,5.0,0.17,3.4,3.1778,55496222,281706010.0,9028786238.89,9028786238.89
2015-09-18,'600653,申华控股,5.0,5.07,4.9,4.98,4.91,0.09,1.833,2.575,44968890,223827777.0,8731901585.0,8731901585.0
2015-09-17,'600653,申华控股,4.91,5.27,4.9,5.08,5.17,-0.26,-5.029,4.8146,84081841,428424335.0,8574727356.47,8574727356.47
2015-09-16,'600653,申华控股,5.17,5.18,4.71,4.71,4.71,0.46,9.7665,4.0563,70838695,349497970.0,9028786238.89,9028786238.89
2015-09-15,'600653,申华控股,4.71,5.14,4.71,4.95,5.23,-0.52,-9.9426,3.9923,69720454,341127451.0,8225451293.07,8225451293.07
2015-09-14,'600653,申华控股,5.23,5.77,5.23,5.75,5.81,-0.58,-9.9828,4.961,86637665,472666585.0,9133569057.91,9133569057.91
2015-09-11,'600653,申华控股,5.81,5.89,5.4,5.4,5.4,0.41,7.5926,5.5782,97417298,548657610.0,10146469641.8,10146469641.8
2015-09-10,'600653,申华控股,5.4,5.68,5.36,5.56,5.72,-0.32,-5.5944,4.2683,74541503,413948209.0,9430453711.8,9430453711.8
2015-09-09,'600653,申华控股,5.72,5.85,5.45,5.5,5.47,0.25,4.5704,6.1012,106549286,605938649.0,9989295413.24,9989295413.24
2015-09-08,'600653,申华控股,5.47,5.5,5.02,5.16,5.1,0.37,7.2549,3.9804,69512306,365143605.0,9552700333.99,9552700333.99
2015-09-07,'600653,申华控股,5.1,5.3,5.0,5.13,4.92,0.18,3.6585,4.0343,70453863,362735304.0,8906539616.7,8906539616.7
2015-09-02,'600653,申华控股,4.92,5.62,4.91,5.05,5.46,-0.54,-9.8901,5.1107,89252402,460928055.0,8592191159.64,8592191159.64
2015-09-01,'600653,申华控股,5.46,5.89,5.46,5.89,6.07,-0.61,-10.0494,6.2411,108992822,607777060.0,9535236530.82,9535236530.82
2015-08-31,'600653,申华控股,6.07,6.46,5.95,6.35,6.41,-0.34,-5.3042,8.5502,149319091,920635880.0,10600528524.2,10600528524.2
2015-08-28,'600653,申华控股,6.41,6.41,5.8,5.95,5.83,0.58,9.9485,10.4909,183211371,1120971816.0,11194297832.0,11194297832.0
2015-08-27,'600653,申华控股,5.83,6.09,5.23,5.9,5.8,0.03,0.5172,9.4174,164462874,932557766.0,10181397248.1,10181397248.1
2015-08-26,'600653,申华控股,5.8,6.66,5.8,5.91,6.44,-0.64,-9.9379,12.0075,209696071,1275768390.0,10129005838.6,10129005838.6
2015-08-25,'600653,申华控股,6.44,6.44,6.44,6.44,7.16,-0.72,-10.0559,1.3467,23518300,151457852.0,11246689241.5,11246689241.5
2015-08-24,'600653,申华控股,7.16,7.35,7.16,7.35,7.96,-0.8,-10.0503,3.5494,61985864,446110975.0,12504083069.7,12504083069.7
2015-08-21,'600653,申华控股,7.96,8.45,7.96,8.2,8.84,-0.88,-9.9548,11.6595,203618447,1662925438.0,13901187323.3,13901187323.3
2015-08-20,'600653,申华控股,8.84,10.0,8.8,9.4,9.15,-0.31,-3.388,23.9237,417799551,3942429561.0,15438002002.3,15438002002.3
2015-08-19,'600653,申华控股,9.15,9.15,7.49,7.88,8.32,0.83,9.976,22.7345,397031704,3343161954.0,15979379900.5,15979379900.5
2015-08-18,'600653,申华控股,8.32,8.32,8.01,8.32,7.56,0.76,10.0529,16.7003,291650470,2421088430.0,14529884237.4,14529884237.4
2015-08-17,'600653,申华控股,7.56,7.56,7.56,7.56,6.87,0.69,10.0437,1.3058,22803617,172395345.0,13202635196.5,13202635196.5
2015-08-14,'600653,申华控股,6.87,7.07,6.8,6.98,6.95,-0.08,-1.1511,5.189,90619995,628000906.0,11997632777.8,11997632777.8
2015-08-13,'600653,申华控股,6.95,7.08,6.55,6.6,6.64,0.31,4.6687,6.4544,112717702,773764302.0,12137343203.1,12137343203.1
2015-08-12,'600653,申华控股,6.64,6.88,6.53,6.62,6.7,-0.06,-0.8955,4.4621,77924501,521366510.0,11595965304.9,11595965304.9
2015-08-11,'600653,申华控股,6.7,6.88,6.5,6.56,6.6,0.1,1.5152,6.173,107803194,719851272.0,11700748123.9,11700748123.9
2015-08-10,'600653,申华控股,6.6,6.7,6.2,6.24,6.19,0.41,6.6236,5.0096,87487147,562577871.0,11526110092.2,11526110092.2
2015-08-07,'600653,申华控股,6.19,6.3,6.03,6.06,5.99,0.2,3.3389,3.2494,56746708,350036753.0,10810094162.2,10810094162.2
2015-08-06,'600653,申华控股,5.99,6.12,5.85,5.9,6.04,-0.05,-0.8278,2.1532,37603933,225266503.0,10460818098.8,10460818098.8
2015-08-05,'600653,申华控股,6.04,6.28,5.98,6.19,6.18,-0.14,-2.2654,3.5233,61529504,377164922.0,10548137114.7,10548137114.7
2015-08-04,'600653,申华控股,6.18,6.19,5.69,5.69,5.65,0.53,9.3805,3.4785,60747105,361462582.0,10792630359.1,10792630359.1
2015-08-03,'600653,申华控股,5.65,6.05,5.48,6.05,6.04,-0.39,-6.457,2.7668,48318054,276971284.0,9867048791.05,9867048791.05
2015-07-31,'600653,申华控股,6.04,6.27,5.87,6.17,6.28,-0.24,-3.8217,2.8045,48977988,299016776.0,10548137114.7,10548137114.7
2015-07-30,'600653,申华控股,6.28,6.64,6.2,6.53,6.55,-0.27,-4.1221,3.6589,63898820,415346909.0,10967268390.8,10967268390.8
2015-07-29,'600653,申华控股,6.55,6.62,6.07,6.35,6.17,0.38,6.1588,3.5112,61319552,386616362.0,11438791076.4,11438791076.4
2015-07-28,'600653,申华控股,6.17,6.48,5.78,5.81,6.34,-0.17,-2.6814,5.168,90253015,554231635.0,10775166555.9,10775166555.9
2015-07-27,'600653,申华控股,6.34,7.15,6.34,6.88,7.04,-0.7,-9.9432,5.0041,87389995,589700983.0,11072051209.8,11072051209.8
2015-07-24,'600653,申华控股,7.04,7.39,6.8,7.34,7.35,-0.31,-4.2177,6.8879,120289290,866392006.0,12294517431.7,12294517431.7
2015-07-23,'600653,申华控股,7.35,7.47,7.11,7.19,7.14,0.21,2.9412,6.5173,113817118,829086576.0,12835895330.0,12835895330.0
2015-07-22,'600653,申华控股,7.14,7.3,6.67,6.76,6.83,0.31,4.5388,6.7907,118591800,821812806.0,12469155463.4,12469155463.4
2015-07-21,'600653,申华控股,6.83,6.94,6.53,6.63,6.78,0.05,0.7375,5.2979,92520765,626614084.0,11927777565.1,11927777565.1
2015-07-20,'600653,申华控股,6.78,6.96,6.51,6.7,6.69,0.09,1.3453,6.8555,119723941,808424924.0,11840458549.3,11840458549.3
2015-07-17,'600653,申华控股,6.69,6.75,6.14,6.21,6.14,0.55,8.9577,6.0068,104902138,681839693.0,11683284320.7,11683284320.7
2015-07-16,'600653,申华控股,6.14,6.36,5.51,5.65,6.02,0.12,1.9934,5.3165,92846767,561127954.0,10722775146.4,10722775146.4
2015-07-15,'600653,申华控股,6.02,7.23,6.0,7.23,6.58,-0.56,-8.5106,9.6853,169142257,1103329773.0,10513209508.3,10513209508.3
2015-07-14,'600653,申华控股,6.58,6.58,6.58,6.58,5.98,0.6,10.0334,0.2228,3890141,25597128.0,11491182485.9,11491182485.9
2015-07-13,'600653,申华控股,5.98,5.98,5.98,5.98,5.44,0.54,9.9265,0.2375,4148123,24805776.0,10443354295.7,10443354295.7
2015-07-10,'600653,申华控股,0.0,0.0,0.0,0.0,5.44,None,None,0.0,0,0.0,9500308924.48,9500308924.48
2015-07-09,'600653,申华控股,0.0,0.0,0.0,0.0,5.44,None,None,0.0,0,0.0,9500308924.48,9500308924.48
2015-07-08,'600653,申华控股,0.0,0.0,0.0,0.0,5.44,None,None,0.0,0,0.0,9500308924.48,9500308924.48
2015-07-07,'600653,申华控股,5.44,5.71,5.44,5.71,6.04,-0.6,-9.9338,2.2736,39705939,217570869.0,9500308924.48,9500308924.48
2015-07-06,'600653,申华控股,6.04,7.37,6.04,7.37,6.71,-0.67,-9.9851,8.6129,150414186,981256787.0,10548137114.7,10548137114.7
2015-07-03,'600653,申华控股,6.71,7.7,6.71,7.11,7.46,-0.75,-10.0536,6.4447,112548994,778852155.0,11718211927.1,11718211927.1
2015-07-02,'600653,申华控股,7.46,8.4,7.32,8.25,8.1,-0.64,-7.9012,6.6976,116965059,919374499.0,13027997164.8,13027997164.8
2015-07-01,'600653,申华控股,8.1,8.64,8.0,8.18,8.04,0.06,0.7463,9.4025,164203593,1371649514.0,14145680567.7,14145680567.7
2015-06-30,'600653,申华控股,8.04,8.04,7.2,7.49,7.31,0.73,9.9863,9.8313,171692059,1310143266.0,14040897748.7,14040897748.7
2015-06-29,'600653,申华控股,7.31,8.47,7.31,8.38,8.12,-0.81,-9.9754,6.225,108712851,831711997.0,12766040117.3,12766040117.3
2015-06-26,'600653,申华控股,8.12,8.69,8.12,8.68,9.02,-0.9,-9.9778,4.5695,79800062,665966565.0,14180608174.0,14180608174.0
2015-06-25,'600653,申华控股,9.02,9.71,8.8,9.7,9.54,-0.52,-5.4507,5.2001,90812773,851065269.0,15752350459.3,15752350459.3
2015-06-24,'600653,申华控股,9.54,9.63,9.0,9.36,9.28,0.26,2.8017,5.7194,99883042,940169721.0,16660468224.2,16660468224.2
2015-06-23,'600653,申华控股,9.28,9.45,8.21,9.11,9.11,0.17,1.8661,5.3257,93006939,829520087.0,16206409341.8,16206409341.8
2015-06-19,'600653,申华控股,9.11,10.09,9.11,9.81,10.12,-1.01,-9.9802,4.8394,84513475,808170764.0,15909524687.9,15909524687.9
2015-06-18,'600653,申华控股,10.12,10.88,10.07,10.42,10.39,-0.27,-2.5987,5.6264,98257972,1030858667.0,17673368808.0,17673368808.0
2015-06-17,'600653,申华控股,10.39,10.55,9.51,10.09,10.21,0.18,1.763,6.2387,108951966,1093742493.0,18144891493.6,18144891493.6
2015-06-16,'600653,申华控股,10.21,10.9,10.0,10.7,11.0,-0.79,-7.1818,7.3337,128073996,1335889369.0,17830543036.6,17830543036.6
2015-06-15,'600653,申华控股,11.0,11.98,10.92,11.71,11.24,-0.24,-2.1352,12.335,215416474,2446252322.0,19210183487.0,19210183487.0
2015-06-12,'600653,申华控股,11.24,11.24,10.3,10.31,10.22,1.02,9.9804,7.5643,132101526,1447626424.0,19629314763.1,19629314763.1
2015-06-11,'600653,申华控股,10.22,10.34,10.01,10.17,10.19,0.03,0.2944,5.9064,103149048,1051099538.0,17848006839.7,17848006839.7
2015-06-10,'600653,申华控股,10.19,10.6,9.7,10.13,10.19,0.0,0.0,8.7292,152444887,1564317631.0,17795615430.2,17795615430.2
2015-06-09,'600653,申华控股,10.19,10.4,9.4,9.61,9.66,0.53,5.4865,7.9035,138024520,1351305923.0,17795615430.2,17795615430.2
2015-06-08,'600653,申华控股,9.66,9.87,9.4,9.87,9.89,-0.23,-2.3256,6.7983,118723654,1143199007.0,16870033862.2,16870033862.2
2015-06-05,'600653,申华控股,9.89,10.19,9.5,10.0,9.89,0.0,0.0,8.0959,141385432,1400830475.0,17271701335.1,17271701335.1
2015-06-04,'600653,申华控股,9.89,10.03,9.08,10.03,10.08,-0.19,-1.8849,7.8476,137049685,1318498431.0,17271701335.1,17271701335.1
2015-06-03,'600653,申华控股,10.08,10.49,9.52,10.21,10.0,0.08,0.8,12.4261,217006799,2191164678.0,17603513595.4,17603513595.4
2015-06-02,'600653,申华控股,10.0,10.0,9.15,9.15,9.09,0.91,10.011,11.1215,194223211,1879176444.0,17463803170.0,17463803170.0
2015-06-01,'600653,申华控股,9.09,9.15,8.25,8.33,8.33,0.76,9.1236,9.1428,159667677,1408559045.0,15874597081.5,15874597081.5
2015-05-29,'600653,申华控股,8.33,8.58,7.6,7.98,8.28,0.05,0.6039,9.183,160369392,1316768654.0,14547348040.6,14547348040.6
2015-05-28,'600653,申华控股,8.28,9.44,8.27,9.11,9.19,-0.91,-9.9021,10.9323,190919542,1692064119.0,14460029024.8,14460029024.8
2015-05-27,'600653,申华控股,9.19,9.54,8.48,8.85,8.92,0.27,3.0269,15.0269,262426537,2370280458.0,16049235113.2,16049235113.2
2015-05-26,'600653,申华控股,8.92,8.92,8.3,8.45,8.11,0.81,9.9877,15.8593,276963629,2405611392.0,15577712427.6,15577712427.6
2015-05-25,'600653,申华控股,8.11,8.11,7.16,7.33,7.37,0.74,10.0407,10.9387,191032033,1498944670.0,14163144370.9,14163144370.9
2015-05-22,'600653,申华控股,7.37,7.75,7.34,7.62,7.11,0.26,3.6568,13.5022,235799738,1767923869.0,12870822936.3,12870822936.3
2015-05-21,'600653,申华控股,7.11,7.11,6.4,6.46,6.46,0.65,10.0619,9.8591,172178119,1165313328.0,12416764053.9,12416764053.9
2015-05-20,'600653,申华控股,6.46,6.69,6.41,6.55,6.51,-0.05,-0.768,6.3172,110321843,727416462.0,11281616847.8,11281616847.8
2015-05-19,'600653,申华控股,6.51,6.53,6.1,6.11,6.18,0.33,5.3398,5.3976,94262702,597967992.0,11368935863.7,11368935863.7
2015-05-18,'600653,申华控股,6.18,6.33,6.14,6.21,6.14,0.04,0.6515,3.292,57490878,357923708.0,10792630359.1,10792630359.1
