2016-05-13,'600654,中安消,19.25,19.75,18.8,19.6,19.67,-0.42,-2.1352,2.7597,20836594,401450528.0,24698154096.0,14534580714.5
2016-05-12,'600654,中安消,19.67,19.75,18.1,18.72,19.22,0.45,2.3413,3.4466,26023492,488572572.0,25237022912.6,14851698839.2
2016-05-11,'600654,中安消,19.22,19.92,19.2,19.48,19.35,-0.13,-0.6718,3.0976,23387964,457641795.0,24659663466.2,14511929419.9
2016-05-10,'600654,中安消,19.35,20.12,19.12,19.98,20.01,-0.66,-3.2984,3.7359,28207973,550595920.0,24826456195.2,14610085029.9
2016-05-09,'600654,中安消,20.01,21.3,19.6,21.3,21.54,-1.53,-7.1031,4.7204,35640727,726411740.0,25673250049.9,15108413511.5
2016-05-06,'600654,XD中安消,21.54,24.08,21.49,23.93,23.68,-2.14,-9.0372,4.6586,35174208,796190878.0,27636272167.7,16263629537.2
2016-05-05,'600654,中安消,23.78,24.1,23.58,23.88,23.6,0.18,0.7627,2.3288,17583766,418583381.0,30510239189.8,17954926202.1
2016-05-04,'600654,中安消,23.6,24.08,23.5,23.7,23.84,-0.24,-1.0067,3.1247,23592854,560133026.0,30279295411.2,17819018434.4
2016-05-03,'600654,中安消,23.84,23.93,22.58,22.85,22.7,1.14,5.022,3.3896,25592840,597949572.0,30587220449.3,18000228791.4
2016-04-29,'600654,中安消,22.7,23.2,22.68,22.9,22.99,-0.29,-1.2614,2.4125,18215783,417560964.0,29124576518.4,17139479595.8
2016-04-28,'600654,中安消,22.99,23.08,22.45,22.85,22.79,0.2,0.8776,3.1323,23650428,539629933.0,29496652606.1,17358442110.5
2016-04-27,'600654,中安消,22.79,23.18,22.59,22.9,22.95,-0.16,-0.6972,3.0629,23126411,528975646.0,29240048407.7,17207433479.7
2016-04-26,'600654,中安消,22.95,23.05,22.21,22.65,23.17,-0.22,-0.9495,4.7093,35557187,802408118.0,29445331766.4,17328240384.3
2016-04-25,'600654,中安消,23.17,24.96,22.8,24.96,24.53,-1.36,-5.5442,3.739,28230813,663468063.0,29727596384.6,17494349878.2
2016-04-22,'600654,中安消,0.0,0.0,0.0,0.0,24.53,None,None,0.0,0,0.0,31472504933.8,18521208567.6
2016-04-21,'600654,中安消,24.53,25.51,24.5,25.3,25.59,-1.06,-4.1422,3.0379,22937121,574462869.0,31472504933.8,18521208567.6
2016-04-20,'600654,中安消,25.59,26.89,24.39,26.65,26.35,-0.76,-2.8843,5.841,44102339,1138276519.0,32832507185.3,19321554310.9
2016-04-19,'600654,中安消,26.35,26.42,25.0,25.17,25.0,1.35,5.4,4.9462,37345608,963475504.0,33807603139.2,19895387107.9
2016-04-18,'600654,中安消,25.0,25.78,24.71,25.78,26.03,-1.03,-3.957,3.2866,24815087,621557502.0,32075524800.0,18876078850.0
2016-04-15,'600654,中安消,26.03,26.13,25.64,26.05,26.03,0.0,0.0,3.5073,26481378,686041967.0,33397036421.8,19653773298.6
2016-04-14,'600654,中安消,26.03,26.18,25.16,25.2,25.2,0.83,3.2937,5.244,39594163,1024343775.0,33397036421.8,19653773298.6
2016-04-13,'600654,中安消,25.2,25.75,24.65,25.0,24.86,0.34,1.3677,5.0872,38410209,971016571.0,32332128998.4,19027087480.8
2016-04-12,'600654,中安消,24.86,26.04,24.3,25.85,25.83,-0.97,-3.7553,5.1628,38981182,976694155.0,31895901861.1,18770372808.4
2016-04-11,'600654,中安消,25.83,26.36,25.66,25.9,25.58,0.25,0.9773,3.7546,28349054,734270049.0,33140432223.4,19502764667.8
2016-04-08,'600654,中安消,25.58,26.96,25.14,26.96,27.38,-1.8,-6.5741,4.807,36294586,950262736.0,32819676975.4,19314003879.3
2016-04-07,'600654,中安消,27.38,27.96,26.09,26.34,26.58,0.8,3.0098,7.4368,56150776,1530728604.0,35129114761.0,20673081556.5
2016-04-06,'600654,中安消,26.58,28.7,25.96,26.02,28.84,-2.26,-7.8363,10.3024,77787719,2055326655.0,34102697967.4,20069047033.3
2016-04-05,'600654,中安消,0.0,0.0,0.0,0.0,28.84,None,None,0.0,0,0.0,37002325409.3,21775444561.4
2016-04-01,'600654,中安消,0.0,0.0,0.0,0.0,28.84,None,None,0.0,0,0.0,37002325409.3,21775444561.4
2016-03-31,'600654,中安消,0.0,0.0,0.0,0.0,28.84,None,None,0.0,0,0.0,37002325409.3,21775444561.4
2016-03-30,'600654,中安消,0.0,0.0,0.0,0.0,28.84,None,None,0.0,0,0.0,37002325409.3,21775444561.4
2016-03-29,'600654,中安消,0.0,0.0,0.0,0.0,28.84,None,None,0.0,0,0.0,37002325409.3,21775444561.4
2016-03-28,'600654,中安消,0.0,0.0,0.0,0.0,28.84,None,None,0.0,0,0.0,37002325409.3,21775444561.4
2016-03-25,'600654,中安消,0.0,0.0,0.0,0.0,28.84,None,None,0.0,0,0.0,37002325409.3,21775444561.4
2016-03-24,'600654,中安消,0.0,0.0,0.0,0.0,28.84,None,None,0.0,0,0.0,37002325409.3,21775444561.4
2016-03-23,'600654,中安消,0.0,0.0,0.0,0.0,28.84,None,None,0.0,0,0.0,37002325409.3,21775444561.4
2016-03-22,'600654,中安消,0.0,0.0,0.0,0.0,28.84,None,None,0.0,0,0.0,37002325409.3,21775444561.4
2016-03-21,'600654,中安消,0.0,0.0,0.0,0.0,28.84,None,None,0.0,0,0.0,37002325409.3,21775444561.4
2016-03-18,'600654,中安消,0.0,0.0,0.0,0.0,28.84,None,None,0.0,0,0.0,37002325409.3,21775444561.4
2016-03-17,'600654,中安消,0.0,0.0,0.0,0.0,28.84,None,None,0.0,0,0.0,37002325409.3,21775444561.4
2016-03-16,'600654,中安消,0.0,0.0,0.0,0.0,28.84,None,None,0.0,0,0.0,37002325409.3,21775444561.4
2016-03-15,'600654,中安消,0.0,0.0,0.0,0.0,28.84,None,None,0.0,0,0.0,37002325409.3,21775444561.4
2016-03-14,'600654,中安消,0.0,0.0,0.0,0.0,28.84,None,None,0.0,0,0.0,37002325409.3,21775444561.4
2016-03-11,'600654,中安消,0.0,0.0,0.0,0.0,28.84,None,None,0.0,0,0.0,37002325409.3,21775444561.4
2016-03-10,'600654,中安消,0.0,0.0,0.0,0.0,28.84,None,None,0.0,0,0.0,37002325409.3,21775444561.4
2016-03-09,'600654,中安消,0.0,0.0,0.0,0.0,28.84,None,None,0.0,0,0.0,37002325409.3,21775444561.4
2016-03-08,'600654,中安消,0.0,0.0,0.0,0.0,28.84,None,None,0.0,0,0.0,37002325409.3,21775444561.4
2016-03-07,'600654,中安消,0.0,0.0,0.0,0.0,28.84,None,None,0.0,0,0.0,37002325409.3,21775444561.4
2016-03-04,'600654,中安消,0.0,0.0,0.0,0.0,28.84,None,None,0.0,0,0.0,37002325409.3,21775444561.4
2016-03-03,'600654,中安消,0.0,0.0,0.0,0.0,28.84,None,None,0.0,0,0.0,37002325409.3,21775444561.4
2016-03-02,'600654,中安消,0.0,0.0,0.0,0.0,28.84,None,None,0.0,0,0.0,37002325409.3,21775444561.4
2016-03-01,'600654,中安消,0.0,0.0,0.0,0.0,28.84,None,None,0.0,0,0.0,37002325409.3,21775444561.4
2016-02-29,'600654,中安消,0.0,0.0,0.0,0.0,28.84,None,None,0.0,0,0.0,37002325409.3,21775444561.4
2016-02-26,'600654,中安消,0.0,0.0,0.0,0.0,28.84,None,None,0.0,0,0.0,37002325409.3,21775444561.4
2016-02-25,'600654,中安消,0.0,0.0,0.0,0.0,28.84,None,None,0.0,0,0.0,37002325409.3,21775444561.4
2016-02-24,'600654,中安消,0.0,0.0,0.0,0.0,28.84,None,None,0.0,0,0.0,37002325409.3,21775444561.4
2016-02-23,'600654,中安消,0.0,0.0,0.0,0.0,28.84,None,None,0.0,0,0.0,37002325409.3,21775444561.4
2016-02-22,'600654,中安消,0.0,0.0,0.0,0.0,28.84,None,None,0.0,0,0.0,37002325409.3,21775444561.4
2016-02-19,'600654,中安消,0.0,0.0,0.0,0.0,28.84,None,None,0.0,0,0.0,37002325409.3,21775444561.4
2016-02-18,'600654,中安消,0.0,0.0,0.0,0.0,28.84,None,None,0.0,0,0.0,37002325409.3,21775444561.4
2016-02-17,'600654,中安消,0.0,0.0,0.0,0.0,28.84,None,None,0.0,0,0.0,37002325409.3,21775444561.4
2016-02-16,'600654,中安消,0.0,0.0,0.0,0.0,28.84,None,None,0.0,0,0.0,37002325409.3,21775444561.4
2016-02-15,'600654,中安消,0.0,0.0,0.0,0.0,28.84,None,None,0.0,0,0.0,37002325409.3,21775444561.4
2016-02-05,'600654,中安消,0.0,0.0,0.0,0.0,28.84,None,None,0.0,0,0.0,37002325409.3,21775444561.4
2016-02-04,'600654,中安消,0.0,0.0,0.0,0.0,28.84,None,None,0.0,0,0.0,37002325409.3,21775444561.4
2016-02-03,'600654,中安消,0.0,0.0,0.0,0.0,28.84,None,None,0.0,0,0.0,37002325409.3,21775444561.4
2016-02-02,'600654,中安消,0.0,0.0,0.0,0.0,28.84,None,None,0.0,0,0.0,37002325409.3,21775444561.4
2016-02-01,'600654,中安消,0.0,0.0,0.0,0.0,28.84,None,None,0.0,0,0.0,37002325409.3,21775444561.4
2016-01-29,'600654,中安消,0.0,0.0,0.0,0.0,28.84,None,None,0.0,0,0.0,37002325409.3,21775444561.4
2016-01-28,'600654,中安消,0.0,0.0,0.0,0.0,28.84,None,None,0.0,0,0.0,37002325409.3,21775444561.4
2016-01-27,'600654,中安消,0.0,0.0,0.0,0.0,28.84,None,None,0.0,0,0.0,37002325409.3,21775444561.4
2016-01-26,'600654,中安消,0.0,0.0,0.0,0.0,28.84,None,None,0.0,0,0.0,37002325409.3,21775444561.4
2016-01-25,'600654,中安消,0.0,0.0,0.0,0.0,28.84,None,None,0.0,0,0.0,37002325409.3,21775444561.4
2016-01-22,'600654,中安消,0.0,0.0,0.0,0.0,28.84,None,None,0.0,0,0.0,37002325409.3,21775444561.4
2016-01-21,'600654,中安消,0.0,0.0,0.0,0.0,28.84,None,None,0.0,0,0.0,37002325409.3,21775444561.4
2016-01-20,'600654,中安消,0.0,0.0,0.0,0.0,28.84,None,None,0.0,0,0.0,37002325409.3,21775444561.4
2016-01-19,'600654,中安消,0.0,0.0,0.0,0.0,28.84,None,None,0.0,0,0.0,37002325409.3,21775444561.4
2016-01-18,'600654,中安消,0.0,0.0,0.0,0.0,28.84,None,None,0.0,0,0.0,37002325409.3,21775444561.4
2016-01-15,'600654,中安消,0.0,0.0,0.0,0.0,28.84,None,None,0.0,0,0.0,37002325409.3,21775444561.4
2016-01-14,'600654,中安消,0.0,0.0,0.0,0.0,28.84,None,None,0.0,0,0.0,37002325409.3,21775444561.4
2016-01-13,'600654,中安消,0.0,0.0,0.0,0.0,28.84,None,None,0.0,0,0.0,37002325409.3,21775444561.4
2016-01-12,'600654,中安消,0.0,0.0,0.0,0.0,28.84,None,None,0.0,0,0.0,37002325409.3,21775444561.4
2016-01-11,'600654,中安消,0.0,0.0,0.0,0.0,28.84,None,None,0.0,0,0.0,37002325409.3,21775444561.4
2016-01-08,'600654,中安消,0.0,0.0,0.0,0.0,28.84,None,None,0.0,0,0.0,37002325409.3,21775444561.4
2016-01-07,'600654,中安消,0.0,0.0,0.0,0.0,28.84,None,None,0.0,0,0.0,37002325409.3,21775444561.4
2016-01-06,'600654,中安消,0.0,0.0,0.0,0.0,28.84,None,None,0.0,0,0.0,37002325409.3,21775444561.4
2016-01-05,'600654,中安消,0.0,0.0,0.0,0.0,28.84,None,None,0.0,0,0.0,37002325409.3,21775444561.4
2016-01-04,'600654,中安消,0.0,0.0,0.0,0.0,28.84,None,None,0.0,0,0.0,37002325409.3,21775444561.4
2015-12-31,'600654,中安消,0.0,0.0,0.0,0.0,28.84,None,None,0.0,0,0.0,37002325409.3,21775444561.4
2015-12-30,'600654,中安消,0.0,0.0,0.0,0.0,28.84,None,None,0.0,0,0.0,37002325409.3,21775444561.4
2015-12-29,'600654,中安消,0.0,0.0,0.0,0.0,28.84,None,None,0.0,0,0.0,37002325409.3,21775444561.4
2015-12-28,'600654,中安消,0.0,0.0,0.0,0.0,28.84,None,None,0.0,0,0.0,37002325409.3,21775444561.4
2015-12-25,'600654,中安消,0.0,0.0,0.0,0.0,28.84,None,None,0.0,0,0.0,37002325409.3,21775444561.4
2015-12-24,'600654,中安消,0.0,0.0,0.0,0.0,28.84,None,None,0.0,0,0.0,37002325409.3,21775444561.4
2015-12-23,'600654,中安消,0.0,0.0,0.0,0.0,28.84,None,None,0.0,0,0.0,37002325409.3,21775444561.4
2015-12-22,'600654,中安消,0.0,0.0,0.0,0.0,28.84,None,None,0.0,0,0.0,37002325409.3,21775444561.4
2015-12-21,'600654,中安消,0.0,0.0,0.0,0.0,28.84,None,None,0.0,0,0.0,37002325409.3,21775444561.4
2015-12-18,'600654,中安消,0.0,0.0,0.0,0.0,28.84,None,None,0.0,0,0.0,37002325409.3,21775444561.4
2015-12-17,'600654,中安消,0.0,0.0,0.0,0.0,28.84,None,None,0.0,0,0.0,37002325409.3,21775444561.4
2015-12-16,'600654,中安消,0.0,0.0,0.0,0.0,28.84,None,None,0.0,0,0.0,37002325409.3,21775444561.4
2015-12-15,'600654,中安消,0.0,0.0,0.0,0.0,28.84,None,None,0.0,0,0.0,37002325409.3,21775444561.4
2015-12-14,'600654,中安消,0.0,0.0,0.0,0.0,28.84,None,None,0.0,0,0.0,37002325409.3,21775444561.4
2015-12-11,'600654,中安消,28.84,30.0,28.0,30.0,30.14,-1.3,-4.3132,3.708,27996975,805228787.0,37002325409.3,21775444561.4
2015-12-10,'600654,中安消,30.14,31.44,30.05,30.23,31.18,-1.04,-3.3355,2.0144,15209511,467734130.0,38670252698.9,22757000661.6
2015-12-09,'600654,中安消,31.18,31.95,30.98,31.75,32.02,-0.84,-2.6234,1.8455,13934083,436555053.0,40004594530.6,23542245541.7
2015-12-08,'600654,中安消,32.02,33.7,31.51,33.53,33.32,-1.3,-3.9016,2.2777,17197499,561811188.0,41082332163.8,24176481791.1
2015-12-07,'600654,中安消,33.32,33.66,32.54,33.65,33.55,-0.23,-0.6855,1.9432,14672028,487210655.0,42750259453.4,25158037891.3
2015-12-04,'600654,中安消,33.55,34.47,33.0,33.7,33.93,-0.38,-1.12,2.2315,16849112,570438910.0,43045354281.6,25331697816.7
2015-12-03,'600654,中安消,33.93,34.47,31.8,31.8,32.13,1.8,5.6022,2.4506,18502960,616768212.0,43532902258.6,25618614215.2
2015-12-02,'600654,中安消,32.13,33.96,31.91,32.5,32.12,0.01,0.0311,3.1415,23719777,782142000.0,41223464473.0,24259536538.0
2015-12-01,'600654,中安消,0.0,0.0,0.0,0.0,32.12,None,None,0.0,0,0.0,41210634263.0,24251986106.5
2015-11-30,'600654,中安消,32.12,34.3,30.46,34.3,33.84,-1.72,-5.0827,4.349,32836613,1056410938.0,41210634263.0,24251986106.5
2015-11-27,'600654,中安消,33.84,34.37,33.1,33.51,33.44,0.4,1.1962,3.7832,28564768,967812971.0,43417430369.3,25550660331.4
2015-11-26,'600654,中安消,33.44,34.98,33.38,34.8,34.75,-1.31,-3.7698,3.1882,24072515,816450516.0,42904221972.5,25248643069.8
2015-11-25,'600654,中安消,34.75,35.58,34.01,34.8,34.67,0.08,0.2307,2.5174,19007424,661998209.0,44584979472.0,26237749601.5
2015-11-24,'600654,中安消,34.67,35.7,33.71,35.7,35.72,-1.05,-2.9395,3.0416,22965114,791649173.0,44482337792.6,26177346149.2
2015-11-23,'600654,中安消,35.72,37.03,35.55,37.0,37.02,-1.3,-3.5116,3.4956,26393543,949538513.0,45829509834.2,26970141460.9
2015-11-20,'600654,中安消,37.02,37.6,35.75,35.88,35.82,1.2,3.3501,4.2714,32250623,1196567596.0,47497437123.8,27951697561.1
2015-11-19,'600654,中安消,35.82,35.99,33.86,35.0,34.32,1.5,4.3706,3.4458,26017082,909175930.0,45957811933.4,27045645776.3
2015-11-18,'600654,中安消,34.32,37.06,33.95,36.3,36.26,-1.94,-5.3502,4.4357,33491579,1193322735.0,44033280445.4,25913081045.3
2015-11-17,'600654,中安消,36.26,38.42,36.0,38.02,38.14,-1.88,-4.9292,6.1988,46803671,1739279626.0,46522341169.9,27377864764.0
2015-11-16,'600654,中安消,38.14,39.95,37.71,38.2,37.67,0.47,1.2477,6.1198,46207003,1789894812.0,48934420634.9,28797345893.6
2015-11-13,'600654,中安消,37.67,38.7,37.3,37.8,37.85,-0.18,-0.4756,3.7023,27954302,1059489890.0,48331400768.6,28442475611.2
2015-11-12,'600654,中安消,37.85,38.76,37.4,38.32,38.28,-0.43,-1.1233,3.7502,28315435,1071657320.0,48562344547.2,28578383378.9
2015-11-11,'600654,中安消,38.28,39.04,37.5,38.8,39.01,-0.73,-1.8713,4.6928,35432458,1351269818.0,49114043573.8,28903051935.1
2015-11-10,'600654,中安消,39.01,39.93,36.45,37.0,36.36,2.65,7.2882,7.1314,53844886,2043064592.0,50050648897.9,29454233437.5
2015-11-09,'600654,中安消,36.36,38.8,35.8,36.8,35.38,0.98,2.7699,10.0263,75703183,2794255752.0,46650643269.1,27453369079.4
2015-11-06,'600654,中安消,35.38,35.38,32.6,32.6,32.16,3.22,10.0124,9.3488,70587595,2419570525.0,45393282697.0,26713426788.5
2015-11-05,'600654,中安消,32.16,33.86,29.36,29.36,30.91,1.25,4.044,20.6651,156030563,4965309673.0,41261955102.7,24282187832.6
2015-11-04,'600654,中安消,0.0,0.0,0.0,0.0,30.91,None,None,0.0,0,0.0,39658178862.7,23338383890.1
2015-11-03,'600654,中安消,0.0,0.0,0.0,0.0,30.91,None,None,0.0,0,0.0,39658178862.7,23338383890.1
2015-11-02,'600654,中安消,0.0,0.0,0.0,0.0,30.91,None,None,0.0,0,0.0,39658178862.7,23338383890.1
2015-10-30,'600654,中安消,0.0,0.0,0.0,0.0,30.91,None,None,0.0,0,0.0,39658178862.7,23338383890.1
2015-10-29,'600654,中安消,0.0,0.0,0.0,0.0,30.91,None,None,0.0,0,0.0,39658178862.7,23338383890.1
2015-10-28,'600654,中安消,0.0,0.0,0.0,0.0,30.91,None,None,0.0,0,0.0,39658178862.7,23338383890.1
2015-10-27,'600654,中安消,0.0,0.0,0.0,0.0,30.91,None,None,0.0,0,0.0,39658178862.7,23338383890.1
2015-10-26,'600654,中安消,0.0,0.0,0.0,0.0,30.91,None,None,0.0,0,0.0,39658178862.7,23338383890.1
2015-10-23,'600654,中安消,0.0,0.0,0.0,0.0,30.91,None,None,0.0,0,0.0,39658178862.7,23338383890.1
2015-10-22,'600654,中安消,0.0,0.0,0.0,0.0,30.91,None,None,0.0,0,0.0,39658178862.7,23338383890.1
2015-10-21,'600654,中安消,0.0,0.0,0.0,0.0,30.91,None,None,0.0,0,0.0,39658178862.7,23338383890.1
2015-10-20,'600654,中安消,0.0,0.0,0.0,0.0,30.91,None,None,0.0,0,0.0,39658178862.7,23338383890.1
2015-10-19,'600654,中安消,0.0,0.0,0.0,0.0,30.91,None,None,0.0,0,0.0,39658178862.7,23338383890.1
2015-10-16,'600654,中安消,0.0,0.0,0.0,0.0,30.91,None,None,0.0,0,0.0,39658178862.7,23338383890.1
2015-10-15,'600654,中安消,0.0,0.0,0.0,0.0,30.91,None,None,0.0,0,0.0,39658178862.7,23338383890.1
2015-10-14,'600654,中安消,0.0,0.0,0.0,0.0,30.91,None,None,0.0,0,0.0,39658178862.7,23338383890.1
2015-10-13,'600654,中安消,0.0,0.0,0.0,0.0,30.91,None,None,0.0,0,0.0,39658178862.7,23338383890.1
2015-10-12,'600654,中安消,0.0,0.0,0.0,0.0,30.91,None,None,0.0,0,0.0,39658178862.7,23338383890.1
2015-10-09,'600654,中安消,0.0,0.0,0.0,0.0,30.91,None,None,0.0,0,0.0,39658178862.7,23338383890.1
2015-10-08,'600654,中安消,0.0,0.0,0.0,0.0,30.91,None,None,0.0,0,0.0,39658178862.7,23338383890.1
2015-09-30,'600654,中安消,0.0,0.0,0.0,0.0,30.91,None,None,0.0,0,0.0,39658178862.7,23338383890.1
2015-09-29,'600654,中安消,0.0,0.0,0.0,0.0,30.91,None,None,0.0,0,0.0,39658178862.7,23338383890.1
2015-09-28,'600654,中安消,0.0,0.0,0.0,0.0,30.91,None,None,0.0,0,0.0,39658178862.7,23338383890.1
2015-09-25,'600654,中安消,0.0,0.0,0.0,0.0,30.91,None,None,0.0,0,0.0,39658178862.7,23338383890.1
2015-09-24,'600654,中安消,0.0,0.0,0.0,0.0,30.91,None,None,0.0,0,0.0,39658178862.7,23338383890.1
2015-09-23,'600654,中安消,0.0,0.0,0.0,0.0,30.91,None,None,0.0,0,0.0,39658178862.7,23338383890.1
2015-09-22,'600654,中安消,0.0,0.0,0.0,0.0,30.91,None,None,0.0,0,0.0,39658178862.7,23338383890.1
2015-09-21,'600654,中安消,0.0,0.0,0.0,0.0,30.91,None,None,0.0,0,0.0,39658178862.7,23338383890.1
2015-09-18,'600654,中安消,0.0,0.0,0.0,0.0,30.91,None,None,0.0,0,0.0,39658178862.7,23338383890.1
2015-09-17,'600654,中安消,0.0,0.0,0.0,0.0,30.91,None,None,0.0,0,0.0,39658178862.7,23338383890.1
2015-09-16,'600654,中安消,0.0,0.0,0.0,0.0,30.91,None,None,0.0,0,0.0,39658178862.7,23338383890.1
2015-09-15,'600654,中安消,0.0,0.0,0.0,0.0,30.91,None,None,0.0,0,0.0,39658178862.7,23338383890.1
2015-09-14,'600654,中安消,0.0,0.0,0.0,0.0,30.91,None,None,0.0,0,0.0,39658178862.7,23338383890.1
2015-09-11,'600654,中安消,0.0,0.0,0.0,0.0,30.91,None,None,0.0,0,0.0,39658178862.7,23338383890.1
2015-09-10,'600654,中安消,0.0,0.0,0.0,0.0,30.91,None,None,0.0,0,0.0,39658178862.7,23338383890.1
2015-09-09,'600654,中安消,0.0,0.0,0.0,0.0,30.91,None,None,0.0,0,0.0,39658178862.7,23338383890.1
2015-09-08,'600654,中安消,0.0,0.0,0.0,0.0,30.91,None,None,0.0,0,0.0,39658178862.7,23338383890.1
2015-09-07,'600654,中安消,0.0,0.0,0.0,0.0,30.91,None,None,0.0,0,0.0,39658178862.7,23338383890.1
2015-09-02,'600654,中安消,0.0,0.0,0.0,0.0,30.91,None,None,0.0,0,0.0,39658178862.7,23338383890.1
2015-09-01,'600654,中安消,0.0,0.0,0.0,0.0,30.91,None,None,0.0,0,0.0,39658178862.7,23338383890.1
2015-08-31,'600654,中安消,0.0,0.0,0.0,0.0,30.91,None,None,0.0,0,0.0,39658178862.7,23338383890.1
2015-08-28,'600654,中安消,0.0,0.0,0.0,0.0,30.91,None,None,0.0,0,0.0,39658178862.7,23338383890.1
2015-08-27,'600654,中安消,0.0,0.0,0.0,0.0,30.91,None,None,0.0,0,0.0,39658178862.7,23338383890.1
2015-08-26,'600654,中安消,0.0,0.0,0.0,0.0,30.91,None,None,0.0,0,0.0,39658178862.7,23338383890.1
2015-08-25,'600654,中安消,0.0,0.0,0.0,0.0,30.91,None,None,0.0,0,0.0,39658178862.7,23338383890.1
2015-08-24,'600654,中安消,0.0,0.0,0.0,0.0,30.91,None,None,0.0,0,0.0,39658178862.7,23338383890.1
2015-08-21,'600654,中安消,0.0,0.0,0.0,0.0,30.91,None,None,0.0,0,0.0,39658178862.7,23338383890.1
2015-08-20,'600654,中安消,0.0,0.0,0.0,0.0,30.91,None,None,0.0,0,0.0,39658178862.7,23338383890.1
2015-08-19,'600654,中安消,0.0,0.0,0.0,0.0,30.91,None,None,0.0,0,0.0,39658178862.7,23338383890.1
2015-08-18,'600654,中安消,0.0,0.0,0.0,0.0,30.91,None,None,0.0,0,0.0,39658178862.7,23338383890.1
2015-08-17,'600654,中安消,0.0,0.0,0.0,0.0,30.91,None,None,0.0,0,0.0,39658178862.7,23338383890.1
2015-08-14,'600654,中安消,0.0,0.0,0.0,0.0,30.91,None,None,0.0,0,0.0,39658178862.7,23338383890.1
2015-08-13,'600654,中安消,0.0,0.0,0.0,0.0,30.91,None,None,0.0,0,0.0,39658178862.7,23338383890.1
2015-08-12,'600654,中安消,0.0,0.0,0.0,0.0,30.91,None,None,0.0,0,0.0,39658178862.7,23338383890.1
2015-08-11,'600654,中安消,0.0,0.0,0.0,0.0,30.91,None,None,0.0,0,0.0,39658178862.7,23338383890.1
2015-08-10,'600654,中安消,0.0,0.0,0.0,0.0,30.91,None,None,0.0,0,0.0,39658178862.7,23338383890.1
2015-08-07,'600654,中安消,0.0,0.0,0.0,0.0,30.91,None,None,0.0,0,0.0,39658178862.7,23338383890.1
2015-08-06,'600654,中安消,0.0,0.0,0.0,0.0,30.91,None,None,0.0,0,0.0,39658178862.7,23338383890.1
2015-08-05,'600654,中安消,0.0,0.0,0.0,0.0,30.91,None,None,0.0,0,0.0,39658178862.7,23338383890.1
2015-08-04,'600654,中安消,0.0,0.0,0.0,0.0,30.91,None,None,0.0,0,0.0,39658178862.7,23338383890.1
2015-08-03,'600654,中安消,0.0,0.0,0.0,0.0,30.91,None,None,0.0,0,0.0,39658178862.7,23338383890.1
2015-07-31,'600654,中安消,0.0,0.0,0.0,0.0,30.91,None,None,0.0,0,0.0,39658178862.7,23338383890.1
2015-07-30,'600654,中安消,0.0,0.0,0.0,0.0,30.91,None,None,0.0,0,0.0,39658178862.7,23338383890.1
2015-07-29,'600654,中安消,0.0,0.0,0.0,0.0,30.91,None,None,0.0,0,0.0,39658178862.7,23338383890.1
2015-07-28,'600654,中安消,0.0,0.0,0.0,0.0,30.91,None,None,0.0,0,0.0,39658178862.7,23338383890.1
2015-07-27,'600654,中安消,0.0,0.0,0.0,0.0,30.91,None,None,0.0,0,0.0,39658178862.7,23338383890.1
2015-07-24,'600654,中安消,0.0,0.0,0.0,0.0,30.91,None,None,0.0,0,0.0,39658178862.7,23338383890.1
2015-07-23,'600654,中安消,0.0,0.0,0.0,0.0,30.91,None,None,0.0,0,0.0,39658178862.7,23338383890.1
2015-07-22,'600654,中安消,0.0,0.0,0.0,0.0,30.91,None,None,0.0,0,0.0,39658178862.7,23338383890.1
2015-07-21,'600654,中安消,0.0,0.0,0.0,0.0,30.91,None,None,0.0,0,0.0,39658178862.7,23338383890.1
2015-07-20,'600654,中安消,0.0,0.0,0.0,0.0,30.91,None,None,0.0,0,0.0,39658178862.7,23338383890.1
2015-07-17,'600654,中安消,0.0,0.0,0.0,0.0,30.91,None,None,0.0,0,0.0,39658178862.7,23338383890.1
2015-07-16,'600654,中安消,0.0,0.0,0.0,0.0,30.91,None,None,0.0,0,0.0,39658178862.7,23338383890.1
2015-07-15,'600654,中安消,0.0,0.0,0.0,0.0,30.91,None,None,0.0,0,0.0,39658178862.7,23338383890.1
2015-07-14,'600654,中安消,0.0,0.0,0.0,0.0,30.91,None,None,0.0,0,0.0,39658178862.7,23338383890.1
2015-07-13,'600654,中安消,0.0,0.0,0.0,0.0,30.91,None,None,0.0,0,0.0,39658178862.7,23338383890.1
2015-07-10,'600654,中安消,0.0,0.0,0.0,0.0,30.91,None,None,0.0,0,0.0,39658178862.7,23338383890.1
2015-07-09,'600654,中安消,0.0,0.0,0.0,0.0,30.91,None,None,0.0,0,0.0,39658178862.7,23338383890.1
2015-07-08,'600654,中安消,0.0,0.0,0.0,0.0,30.91,None,None,0.0,0,0.0,39658178862.7,23338383890.1
2015-07-07,'600654,中安消,0.0,0.0,0.0,0.0,30.91,None,None,0.0,0,0.0,39658178862.7,23338383890.1
2015-07-06,'600654,中安消,0.0,0.0,0.0,0.0,30.91,None,None,0.0,0,0.0,39658178862.7,23338383890.1
2015-07-03,'600654,中安消,0.0,0.0,0.0,0.0,30.91,None,None,0.0,0,0.0,39658178862.7,23338383890.1
2015-07-02,'600654,中安消,0.0,0.0,0.0,0.0,30.91,None,None,0.0,0,0.0,39658178862.7,23338383890.1
2015-07-01,'600654,中安消,0.0,0.0,0.0,0.0,30.91,None,None,0.0,0,0.0,39658178862.7,23338383890.1
2015-06-30,'600654,中安消,0.0,0.0,0.0,0.0,30.91,None,None,0.0,0,0.0,39658178862.7,23338383890.1
2015-06-29,'600654,中安消,0.0,0.0,0.0,0.0,30.91,None,None,0.0,0,0.0,39658178862.7,23338383890.1
2015-06-26,'600654,中安消,30.91,33.01,30.91,33.0,34.34,-3.43,-9.9884,3.3719,25459497,797870518.0,39658178862.7,23338383890.1
2015-06-25,'600654,中安消,34.34,37.4,33.5,35.85,35.48,-1.14,-3.2131,3.6897,27859079,999063738.0,44058940865.3,25928181908.4
2015-06-24,'600654,中安消,35.48,36.69,34.01,35.51,35.16,0.32,0.9101,3.3831,25543729,904974247.0,45521584796.2,26788931103.9
2015-06-23,'600654,中安消,35.16,37.96,33.05,36.45,36.72,-1.56,-4.2484,4.4287,33438597,1149607559.0,45111018078.7,26547317294.6
2015-06-19,'600654,中安消,36.72,40.6,36.09,38.4,39.02,-2.3,-5.8944,3.4068,25723064,974470382.0,47112530826.2,27725184614.9
2015-06-18,'600654,中安消,39.02,41.87,38.83,40.04,39.97,-0.95,-2.3768,2.7313,20622770,835982108.0,50063479107.8,29461783869.1
2015-06-17,'600654,中安消,39.97,40.99,38.15,38.15,38.04,1.93,5.0736,4.2606,32169481,1270563863.0,51282349050.2,30179074865.4
2015-06-16,'600654,中安消,38.04,41.65,37.8,41.65,41.66,-3.62,-8.6894,3.5352,26692422,1048052367.0,48806118535.7,28721841578.2
2015-06-15,'600654,中安消,41.66,44.49,41.5,43.2,43.63,-1.97,-4.5152,3.0385,22941699,976557421.0,53450654526.7,31455097795.6
2015-06-12,'600654,中安消,43.63,47.07,42.4,43.6,43.44,0.19,0.4374,4.5191,34120805,1533785606.0,55978205881.0,32942532809.0
2015-06-11,'600654,中安消,43.44,43.96,41.9,43.2,43.01,0.43,0.9998,3.5385,26717261,1153330536.0,55734431892.5,32799074609.8
2015-06-10,'600654,中安消,43.01,44.08,39.5,40.15,40.18,2.83,7.0433,5.1713,39045286,1662955176.0,55182732865.9,32474406053.5
2015-06-09,'600654,中安消,40.18,40.98,38.26,38.26,38.89,1.29,3.317,5.305,40055334,1598543867.0,51551783458.6,30337633927.7
2015-06-08,'600654,中安消,38.89,39.58,36.5,38.29,39.17,-0.28,-0.7148,4.9183,37135204,1394584516.0,49896686378.9,29363628259.1
2015-06-05,'600654,中安消,39.17,42.97,38.53,42.02,41.41,-2.24,-5.4093,5.896,44517573,1773598541.0,50255932256.6,29575040342.2
2015-06-04,'600654,中安消,41.41,45.45,38.93,42.2,43.26,-1.85,-4.2765,5.2207,39418472,1659167033.0,53129899278.7,31266337007.1
2015-06-03,'600654,中安消,43.26,43.77,38.02,39.0,39.79,3.47,8.7208,7.3981,55858679,2269350581.0,55503488113.9,32663166842.0
2015-06-02,'600654,中安消,39.79,43.1,37.9,41.0,39.27,0.52,1.3242,8.3766,63246844,2517486465.0,51051405271.7,30043167097.7
2015-06-01,'600654,中安消,39.27,39.27,34.96,36.0,35.7,3.57,10.0,5.7768,43617182,1660736668.0,50384234355.8,29650544657.6
2015-05-29,'600654,中安消,0.0,0.0,0.0,0.0,35.7,None,None,0.0,0,0.0,45803849414.4,26955040597.8
2015-05-28,'600654,中安消,0.0,0.0,0.0,0.0,35.7,None,None,0.0,0,0.0,45803849414.4,26955040597.8
2015-05-27,'600654,中安消,35.7,35.7,34.79,35.1,32.45,3.25,10.0154,7.4363,56147215,1998690266.0,45803849414.4,26955040597.8
2015-05-26,'600654,中安消,32.45,32.45,31.01,31.8,29.5,2.95,10.0,6.6569,50262512,1612630723.0,41634031190.4,24501150347.3
2015-05-25,'600654,中安消,29.5,29.5,27.1,27.1,26.82,2.68,9.9925,6.4217,48486879,1415451447.0,37849119264.0,22273773043.0
2015-05-22,'600654,中安消,26.82,27.3,26.01,27.19,27.2,-0.38,-1.3971,6.1732,46610294,1250135729.0,34410623005.4,20250257390.3
2015-05-21,'600654,中安消,27.2,27.32,26.33,27.32,26.54,0.66,2.4868,3.9889,30117554,812310175.0,34898170982.4,20537173788.8
2015-05-20,'600654,中安消,26.54,27.5,25.13,25.3,25.0,1.54,6.16,4.9857,37644299,1002140723.0,34051377127.7,20038845307.2
2015-05-19,'600654,中安消,25.0,25.51,23.81,24.88,24.44,0.56,2.2913,5.3154,40133357,997776310.0,32075524800.0,18876078850.0
2015-05-18,'600654,中安消,24.44,24.95,22.59,22.9,22.95,1.49,6.4924,7.3838,55750968,1347298514.0,31357033044.5,18453254683.8
