2016-05-13,'600696,匹凸匹,0.0,0.0,0.0,0.0,16.9,None,None,0.0,0,0.0,5755557795.0,5755557795.0
2016-05-12,'600696,匹凸匹,0.0,0.0,0.0,0.0,16.9,None,None,0.0,0,0.0,5755557795.0,5755557795.0
2016-05-11,'600696,匹凸匹,0.0,0.0,0.0,0.0,16.9,None,None,0.0,0,0.0,5755557795.0,5755557795.0
2016-05-10,'600696,匹凸匹,0.0,0.0,0.0,0.0,16.9,None,None,0.0,0,0.0,5755557795.0,5755557795.0
2016-05-09,'600696,匹凸匹,0.0,0.0,0.0,0.0,16.9,None,None,0.0,0,0.0,5755557795.0,5755557795.0
2016-05-06,'600696,匹凸匹,0.0,0.0,0.0,0.0,16.9,None,None,0.0,0,0.0,5755557795.0,5755557795.0
2016-05-05,'600696,匹凸匹,0.0,0.0,0.0,0.0,16.9,None,None,0.0,0,0.0,5755557795.0,5755557795.0
2016-05-04,'600696,匹凸匹,0.0,0.0,0.0,0.0,16.9,None,None,0.0,0,0.0,5755557795.0,5755557795.0
2016-05-03,'600696,匹凸匹,0.0,0.0,0.0,0.0,16.9,None,None,0.0,0,0.0,5755557795.0,5755557795.0
2016-04-29,'600696,匹凸匹,0.0,0.0,0.0,0.0,16.9,None,None,0.0,0,0.0,5755557795.0,5755557795.0
2016-04-28,'600696,匹凸匹,0.0,0.0,0.0,0.0,16.9,None,None,0.0,0,0.0,5755557795.0,5755557795.0
2016-04-27,'600696,匹凸匹,0.0,0.0,0.0,0.0,16.9,None,None,0.0,0,0.0,5755557795.0,5755557795.0
2016-04-26,'600696,匹凸匹,0.0,0.0,0.0,0.0,16.9,None,None,0.0,0,0.0,5755557795.0,5755557795.0
2016-04-25,'600696,匹凸匹,0.0,0.0,0.0,0.0,16.9,None,None,0.0,0,0.0,5755557795.0,5755557795.0
2016-04-22,'600696,匹凸匹,0.0,0.0,0.0,0.0,16.9,None,None,0.0,0,0.0,5755557795.0,5755557795.0
2016-04-21,'600696,匹凸匹,0.0,0.0,0.0,0.0,16.9,None,None,0.0,0,0.0,5755557795.0,5755557795.0
2016-04-20,'600696,匹凸匹,16.9,16.94,14.64,15.6,15.4,1.5,9.7403,27.2764,92894028,1508953278.0,5755557795.0,5755557795.0
2016-04-19,'600696,匹凸匹,15.4,15.4,14.48,14.5,14.0,1.4,10.0,9.3133,31718040,480316587.0,5244709470.0,5244709470.0
2016-04-18,'600696,匹凸匹,14.0,14.21,13.85,14.21,14.44,-0.44,-3.0471,4.3693,14880347,208686830.0,4767917700.0,4767917700.0
2016-04-15,'600696,匹凸匹,14.44,14.7,14.31,14.64,14.64,-0.2,-1.3661,4.5678,15556229,224748348.0,4917766542.0,4917766542.0
2016-04-14,'600696,匹凸匹,14.64,14.95,14.5,14.8,14.6,0.04,0.274,5.0235,17108390,251137659.0,4985879652.0,4985879652.0
2016-04-13,'600696,匹凸匹,14.6,14.8,14.45,14.45,14.56,0.04,0.2747,7.0214,23912357,350303119.0,4972257030.0,4972257030.0
2016-04-12,'600696,匹凸匹,14.56,14.78,14.33,14.47,14.44,0.12,0.831,5.6682,19303805,280545815.0,4958634408.0,4958634408.0
2016-04-11,'600696,匹凸匹,14.44,14.65,14.26,14.41,14.39,0.05,0.3475,6.134,20890300,301953397.0,4917766542.0,4917766542.0
2016-04-08,'600696,匹凸匹,14.39,15.05,13.99,14.92,15.17,-0.78,-5.1417,8.222,28001218,403406485.0,4900738264.5,4900738264.5
2016-04-07,'600696,匹凸匹,15.17,15.49,15.08,15.2,15.17,0.0,0.0,6.7052,22835672,348958485.0,5166379393.5,5166379393.5
2016-04-06,'600696,匹凸匹,15.17,15.65,15.04,15.29,15.54,-0.37,-2.381,7.163,24394823,372913309.0,5166379393.5,5166379393.5
2016-04-05,'600696,匹凸匹,15.54,15.87,14.81,15.0,15.45,0.09,0.5825,8.7329,29741376,455095728.0,5292388647.0,5292388647.0
2016-04-01,'600696,匹凸匹,0.0,0.0,0.0,0.0,15.45,None,None,0.0,0,0.0,5261737747.5,5261737747.5
2016-03-31,'600696,匹凸匹,0.0,0.0,0.0,0.0,15.45,None,None,0.0,0,0.0,5261737747.5,5261737747.5
2016-03-30,'600696,匹凸匹,15.45,15.54,15.1,15.1,15.05,0.4,2.6578,3.2916,11210020,172027728.0,5261737747.5,5261737747.5
2016-03-29,'600696,匹凸匹,15.05,15.56,14.8,15.38,15.75,-0.7,-4.4444,7.0137,23886365,362460133.0,5125511527.5,5125511527.5
2016-03-28,'600696,匹凸匹,15.75,16.55,15.62,16.3,15.73,0.02,0.1271,6.3115,21494927,344394099.0,5363907412.5,5363907412.5
2016-03-25,'600696,匹凸匹,15.73,16.16,15.62,15.68,15.54,0.19,1.2227,6.2641,21333438,338547162.0,5357096101.5,5357096101.5
2016-03-24,'600696,匹凸匹,15.54,16.33,15.51,16.31,16.5,-0.96,-5.8182,9.5908,32663033,519342287.0,5292388647.0,5292388647.0
2016-03-23,'600696,匹凸匹,16.5,16.99,16.39,16.4,16.39,0.11,0.6711,8.9671,30538917,509524078.0,5619331575.0,5619331575.0
2016-03-22,'600696,匹凸匹,16.39,16.79,16.31,16.5,17.02,-0.63,-3.7015,10.9394,37255698,615719797.0,5581869364.5,5581869364.5
2016-03-21,'600696,匹凸匹,17.02,17.35,16.4,16.5,16.87,0.15,0.8892,14.8953,50728098,859085534.0,5796425661.0,5796425661.0
2016-03-18,'600696,匹凸匹,16.87,17.38,16.31,16.79,16.3,0.57,3.4969,14.9547,50930644,854474418.0,5745340828.5,5745340828.5
2016-03-17,'600696,匹凸匹,16.3,16.6,15.22,15.5,15.47,0.83,5.3652,13.8146,47047735,748142687.0,5551218465.0,5551218465.0
2016-03-16,'600696,匹凸匹,15.47,16.35,15.3,16.12,15.58,-0.11,-0.706,9.2308,31437031,496144415.0,5268549058.5,5268549058.5
2016-03-15,'600696,匹凸匹,15.58,16.32,15.39,15.45,15.76,-0.18,-1.1421,13.2663,45180479,720327929.0,5306011269.0,5306011269.0
2016-03-14,'600696,匹凸匹,15.76,15.95,14.51,14.9,14.53,1.23,8.4652,11.7076,39871981,612881935.0,5367313068.0,5367313068.0
2016-03-11,'600696,匹凸匹,14.53,15.74,14.3,15.43,15.36,-0.83,-5.4036,10.7466,36599324,545261606.0,4948417441.5,4948417441.5
2016-03-10,'600696,匹凸匹,15.36,16.49,15.28,15.8,15.82,-0.46,-2.9077,16.9022,57563219,912668288.0,5231086848.0,5231086848.0
2016-03-09,'600696,匹凸匹,15.82,15.82,13.5,13.7,14.38,1.44,10.0139,13.9284,47435250,712048067.0,5387747001.0,5387747001.0
2016-03-08,'600696,匹凸匹,14.38,14.72,13.0,13.98,14.18,0.2,1.4104,9.9915,34027749,474095117.0,4897332609.0,4897332609.0
2016-03-07,'600696,匹凸匹,14.18,14.55,13.85,13.99,13.85,0.33,2.3827,7.9659,27128959,387267817.0,4829219499.0,4829219499.0
2016-03-04,'600696,匹凸匹,13.85,15.13,13.85,14.8,15.39,-1.54,-10.0065,12.486,42523111,609785639.0,4716832867.5,4716832867.5
2016-03-03,'600696,匹凸匹,15.39,17.08,15.28,16.48,16.98,-1.59,-9.364,15.9323,54260033,884136120.0,5241303814.5,5241303814.5
2016-03-02,'600696,匹凸匹,16.98,17.99,15.33,15.33,17.03,-0.05,-0.2936,20.5884,70117165,1144689444.0,5782803039.0,5782803039.0
2016-03-01,'600696,匹凸匹,0.0,0.0,0.0,0.0,17.03,None,None,0.0,0,0.0,5799831316.5,5799831316.5
2016-02-29,'600696,匹凸匹,0.0,0.0,0.0,0.0,17.03,None,None,0.0,0,0.0,5799831316.5,5799831316.5
2016-02-26,'600696,匹凸匹,0.0,0.0,0.0,0.0,17.03,None,None,0.0,0,0.0,5799831316.5,5799831316.5
2016-02-25,'600696,匹凸匹,0.0,0.0,0.0,0.0,17.03,None,None,0.0,0,0.0,5799831316.5,5799831316.5
2016-02-24,'600696,匹凸匹,0.0,0.0,0.0,0.0,17.03,None,None,0.0,0,0.0,5799831316.5,5799831316.5
2016-02-23,'600696,匹凸匹,17.03,17.03,15.17,15.48,15.48,1.55,10.0129,17.5568,59792506,969690408.0,5799831316.5,5799831316.5
2016-02-22,'600696,匹凸匹,15.48,15.48,14.48,14.6,14.07,1.41,10.0213,13.0236,44353787,674690302.0,5271954714.0,5271954714.0
2016-02-19,'600696,匹凸匹,14.07,14.4,13.81,14.01,14.4,-0.33,-2.2917,6.4527,21975825,309315483.0,4791757288.5,4791757288.5
2016-02-18,'600696,匹凸匹,14.4,15.25,14.3,14.41,14.37,0.03,0.2088,8.8036,29982172,441993476.0,4904143920.0,4904143920.0
2016-02-17,'600696,匹凸匹,14.37,14.55,14.02,14.21,14.62,-0.25,-1.71,8.9916,30622308,437108267.0,4893926953.5,4893926953.5
2016-02-16,'600696,匹凸匹,14.62,15.15,14.01,14.19,14.41,0.21,1.4573,12.5889,42873355,624205819.0,4979068341.0,4979068341.0
2016-02-15,'600696,匹凸匹,14.41,14.88,12.9,13.35,13.89,0.52,3.7437,10.1933,34714757,482909201.0,4907549575.5,4907549575.5
2016-02-05,'600696,匹凸匹,13.89,14.28,13.0,13.5,13.09,0.8,6.1115,13.4159,45690006,620651912.0,4730455489.5,4730455489.5
2016-02-04,'600696,匹凸匹,13.09,13.09,11.75,11.75,11.9,1.19,10.0,10.312,35119158,442304516.0,4458003049.5,4458003049.5
2016-02-03,'600696,匹凸匹,11.9,12.5,11.71,11.9,11.65,0.25,2.1459,9.2112,31370089,380373802.0,4052730045.0,4052730045.0
2016-02-02,'600696,匹凸匹,0.0,0.0,0.0,0.0,11.65,None,None,0.0,0,0.0,3967588657.5,3967588657.5
2016-02-01,'600696,匹凸匹,11.65,12.7,11.65,12.37,12.94,-1.29,-9.9691,9.5595,32556494,390420497.0,3967588657.5,3967588657.5
2016-01-29,'600696,匹凸匹,12.94,13.39,12.1,13.2,13.41,-0.47,-3.5048,11.6198,39572902,499936227.0,4406918217.0,4406918217.0
2016-01-28,'600696,匹凸匹,13.41,14.47,12.52,13.08,13.16,0.25,1.8997,12.346,42046380,576201098.0,4566984025.5,4566984025.5
2016-01-27,'600696,匹凸匹,13.16,13.88,13.16,13.8,14.62,-1.46,-9.9863,8.9613,30519071,404569558.0,4481842638.0,4481842638.0
2016-01-26,'600696,匹凸匹,14.62,15.58,14.62,14.62,16.24,-1.62,-9.9754,12.0162,40923008,607091874.0,4979068341.0,4979068341.0
2016-01-25,'600696,匹凸匹,16.24,16.24,16.24,16.24,18.04,-1.8,-9.9778,0.3028,1031300,16748312.0,5530784532.0,5530784532.0
2016-01-22,'600696,匹凸匹,18.04,18.04,18.04,18.04,20.04,-2.0,-9.98,0.3778,1286700,23212068.0,6143802522.0,6143802522.0
2016-01-21,'600696,匹凸匹,0.0,0.0,0.0,0.0,20.04,None,None,0.0,0,0.0,6824933622.0,6824933622.0
2016-01-20,'600696,匹凸匹,0.0,0.0,0.0,0.0,20.04,None,None,0.0,0,0.0,6824933622.0,6824933622.0
2016-01-19,'600696,匹凸匹,0.0,0.0,0.0,0.0,20.04,None,None,0.0,0,0.0,6824933622.0,6824933622.0
2016-01-18,'600696,匹凸匹,0.0,0.0,0.0,0.0,20.04,None,None,0.0,0,0.0,6824933622.0,6824933622.0
2016-01-15,'600696,匹凸匹,0.0,0.0,0.0,0.0,20.04,None,None,0.0,0,0.0,6824933622.0,6824933622.0
2016-01-14,'600696,匹凸匹,0.0,0.0,0.0,0.0,20.04,None,None,0.0,0,0.0,6824933622.0,6824933622.0
2016-01-13,'600696,匹凸匹,0.0,0.0,0.0,0.0,20.04,None,None,0.0,0,0.0,6824933622.0,6824933622.0
2016-01-12,'600696,匹凸匹,0.0,0.0,0.0,0.0,20.04,None,None,0.0,0,0.0,6824933622.0,6824933622.0
2016-01-11,'600696,匹凸匹,0.0,0.0,0.0,0.0,20.04,None,None,0.0,0,0.0,6824933622.0,6824933622.0
2016-01-08,'600696,匹凸匹,0.0,0.0,0.0,0.0,20.04,None,None,0.0,0,0.0,6824933622.0,6824933622.0
2016-01-07,'600696,匹凸匹,0.0,0.0,0.0,0.0,20.04,None,None,0.0,0,0.0,6824933622.0,6824933622.0
2016-01-06,'600696,匹凸匹,0.0,0.0,0.0,0.0,20.04,None,None,0.0,0,0.0,6824933622.0,6824933622.0
2016-01-05,'600696,匹凸匹,0.0,0.0,0.0,0.0,20.04,None,None,0.0,0,0.0,6824933622.0,6824933622.0
2016-01-04,'600696,匹凸匹,0.0,0.0,0.0,0.0,20.04,None,None,0.0,0,0.0,6824933622.0,6824933622.0
2015-12-31,'600696,匹凸匹,0.0,0.0,0.0,0.0,20.04,None,None,0.0,0,0.0,6824933622.0,6824933622.0
2015-12-30,'600696,匹凸匹,20.04,20.92,18.5,18.8,19.02,1.02,5.3628,18.6973,63676634,1278424566.0,6824933622.0,6824933622.0
2015-12-29,'600696,匹凸匹,19.02,19.02,17.65,17.88,17.29,1.73,10.0058,15.7389,53601327,984413836.0,6477556761.0,6477556761.0
2015-12-28,'600696,匹凸匹,17.29,17.65,16.11,16.72,16.73,0.56,3.3473,11.9825,40808316,690404322.0,5888378359.5,5888378359.5
2015-12-25,'600696,匹凸匹,16.73,17.85,15.92,16.36,16.51,0.22,1.3325,12.4276,42324225,719089753.0,5697661651.5,5697661651.5
2015-12-24,'600696,匹凸匹,16.51,17.99,16.3,17.25,18.11,-1.6,-8.8349,18.6737,63596113,1073468395.0,5622737230.5,5622737230.5
2015-12-23,'600696,匹凸匹,0.0,0.0,0.0,0.0,18.11,None,None,0.0,0,0.0,6167642110.5,6167642110.5
2015-12-22,'600696,匹凸匹,0.0,0.0,0.0,0.0,18.11,None,None,0.0,0,0.0,6167642110.5,6167642110.5
2015-12-21,'600696,匹凸匹,0.0,0.0,0.0,0.0,18.11,None,None,0.0,0,0.0,6167642110.5,6167642110.5
2015-12-18,'600696,匹凸匹,0.0,0.0,0.0,0.0,18.11,None,None,0.0,0,0.0,6167642110.5,6167642110.5
2015-12-17,'600696,匹凸匹,0.0,0.0,0.0,0.0,18.11,None,None,0.0,0,0.0,6167642110.5,6167642110.5
2015-12-16,'600696,匹凸匹,0.0,0.0,0.0,0.0,18.11,None,None,0.0,0,0.0,6167642110.5,6167642110.5
2015-12-15,'600696,匹凸匹,0.0,0.0,0.0,0.0,18.11,None,None,0.0,0,0.0,6167642110.5,6167642110.5
2015-12-14,'600696,匹凸匹,0.0,0.0,0.0,0.0,18.11,None,None,0.0,0,0.0,6167642110.5,6167642110.5
2015-12-11,'600696,匹凸匹,0.0,0.0,0.0,0.0,18.11,None,None,0.0,0,0.0,6167642110.5,6167642110.5
2015-12-10,'600696,匹凸匹,18.11,18.44,16.16,16.36,16.76,1.35,8.0549,18.1448,61794996,1092952938.0,6167642110.5,6167642110.5
2015-12-09,'600696,匹凸匹,16.76,17.74,16.5,16.85,16.13,0.63,3.9058,20.6228,70234244,1200603333.0,5707878618.0,5707878618.0
2015-12-08,'600696,匹凸匹,16.13,16.13,14.41,14.5,14.66,1.47,10.0273,11.8101,40221226,628671140.0,5493322321.5,5493322321.5
2015-12-07,'600696,匹凸匹,14.66,14.85,14.02,14.46,14.38,0.28,1.9471,9.7425,33179682,481142804.0,4992690963.0,4992690963.0
2015-12-04,'600696,匹凸匹,14.38,14.85,13.92,14.21,14.45,-0.07,-0.4844,10.2803,35011171,502334556.0,4897332609.0,4897332609.0
2015-12-03,'600696,匹凸匹,14.45,14.8,13.52,13.81,14.18,0.27,1.9041,10.9379,37250871,531415269.0,4921172197.5,4921172197.5
2015-12-02,'600696,匹凸匹,14.18,15.26,14.18,15.26,15.76,-1.58,-10.0254,14.2625,48573228,709195996.0,4829219499.0,4829219499.0
2015-12-01,'600696,匹凸匹,15.76,16.3,14.49,15.72,15.16,0.6,3.9578,24.2265,82507151,1284620882.0,5367313068.0,5367313068.0
2015-11-30,'600696,匹凸匹,15.16,15.16,12.78,13.7,13.78,1.38,10.0145,20.7227,70574451,1020833479.0,5162973738.0,5162973738.0
2015-11-27,'600696,匹凸匹,0.0,0.0,0.0,0.0,13.78,None,None,0.0,0,0.0,4692993279.0,4692993279.0
2015-11-26,'600696,匹凸匹,13.78,14.4,13.15,13.21,13.15,0.63,4.7909,20.3275,69228295,958353251.0,4692993279.0,4692993279.0
2015-11-25,'600696,匹凸匹,13.15,13.15,12.36,13.15,11.95,1.2,10.0418,25.3388,86295233,1115640934.0,4478436982.5,4478436982.5
2015-11-24,'600696,匹凸匹,11.95,11.95,11.95,11.95,10.86,1.09,10.0368,1.1381,3876002,46318224.0,4069758322.5,4069758322.5
2015-11-23,'600696,匹凸匹,0.0,0.0,0.0,0.0,10.86,None,None,0.0,0,0.0,3698541873.0,3698541873.0
2015-11-20,'600696,匹凸匹,0.0,0.0,0.0,0.0,10.86,None,None,0.0,0,0.0,3698541873.0,3698541873.0
2015-11-19,'600696,匹凸匹,0.0,0.0,0.0,0.0,10.86,None,None,0.0,0,0.0,3698541873.0,3698541873.0
2015-11-18,'600696,匹凸匹,0.0,0.0,0.0,0.0,10.86,None,None,0.0,0,0.0,3698541873.0,3698541873.0
2015-11-17,'600696,匹凸匹,0.0,0.0,0.0,0.0,10.86,None,None,0.0,0,0.0,3698541873.0,3698541873.0
2015-11-16,'600696,匹凸匹,0.0,0.0,0.0,0.0,10.86,None,None,0.0,0,0.0,3698541873.0,3698541873.0
2015-11-13,'600696,匹凸匹,0.0,0.0,0.0,0.0,10.86,None,None,0.0,0,0.0,3698541873.0,3698541873.0
2015-11-12,'600696,匹凸匹,0.0,0.0,0.0,0.0,10.86,None,None,0.0,0,0.0,3698541873.0,3698541873.0
2015-11-11,'600696,匹凸匹,0.0,0.0,0.0,0.0,10.86,None,None,0.0,0,0.0,3698541873.0,3698541873.0
2015-11-10,'600696,匹凸匹,0.0,0.0,0.0,0.0,10.86,None,None,0.0,0,0.0,3698541873.0,3698541873.0
2015-11-09,'600696,匹凸匹,0.0,0.0,0.0,0.0,10.86,None,None,0.0,0,0.0,3698541873.0,3698541873.0
2015-11-06,'600696,匹凸匹,0.0,0.0,0.0,0.0,10.86,None,None,0.0,0,0.0,3698541873.0,3698541873.0
2015-11-05,'600696,匹凸匹,0.0,0.0,0.0,0.0,10.86,None,None,0.0,0,0.0,3698541873.0,3698541873.0
2015-11-04,'600696,匹凸匹,0.0,0.0,0.0,0.0,10.86,None,None,0.0,0,0.0,3698541873.0,3698541873.0
2015-11-03,'600696,匹凸匹,0.0,0.0,0.0,0.0,10.86,None,None,0.0,0,0.0,3698541873.0,3698541873.0
2015-11-02,'600696,匹凸匹,0.0,0.0,0.0,0.0,10.86,None,None,0.0,0,0.0,3698541873.0,3698541873.0
2015-10-30,'600696,匹凸匹,0.0,0.0,0.0,0.0,10.86,None,None,0.0,0,0.0,3698541873.0,3698541873.0
2015-10-29,'600696,匹凸匹,0.0,0.0,0.0,0.0,10.86,None,None,0.0,0,0.0,3698541873.0,3698541873.0
2015-10-28,'600696,匹凸匹,0.0,0.0,0.0,0.0,10.86,None,None,0.0,0,0.0,3698541873.0,3698541873.0
2015-10-27,'600696,匹凸匹,0.0,0.0,0.0,0.0,10.86,None,None,0.0,0,0.0,3698541873.0,3698541873.0
2015-10-26,'600696,匹凸匹,10.86,11.36,10.41,10.65,10.54,0.32,3.0361,11.7096,39878851,429609465.0,3698541873.0,3698541873.0
2015-10-23,'600696,匹凸匹,10.54,10.68,10.1,10.18,10.19,0.35,3.4347,10.2509,34910876,363001278.0,3589560897.0,3589560897.0
2015-10-22,'600696,匹凸匹,10.19,10.26,9.61,9.9,9.95,0.24,2.4121,11.1017,37808561,379593092.0,3470362954.5,3470362954.5
2015-10-21,'600696,匹凸匹,9.95,11.44,9.95,11.03,11.06,-1.11,-10.0362,12.5344,42687967,456459611.0,3388627222.5,3388627222.5
2015-10-20,'600696,匹凸匹,11.06,11.27,10.6,10.6,10.69,0.37,3.4612,10.8263,36870540,405496449.0,3766654983.0,3766654983.0
2015-10-19,'600696,匹凸匹,10.69,11.04,10.61,10.9,11.07,-0.38,-3.4327,11.7434,39993948,430249411.0,3640645729.5,3640645729.5
2015-10-16,'600696,匹凸匹,11.07,11.48,10.46,10.55,10.44,0.63,6.0345,14.5731,49631074,543887227.0,3770060638.5,3770060638.5
2015-10-15,'600696,匹凸匹,10.44,10.55,10.01,10.07,10.18,0.26,2.554,10.6451,36253662,375861730.0,3555504342.0,3555504342.0
2015-10-14,'600696,匹凸匹,10.18,10.66,9.87,9.97,10.11,0.07,0.6924,14.2708,48601437,499587195.0,3466957299.0,3466957299.0
2015-10-13,'600696,匹凸匹,10.11,10.25,9.85,10.0,10.22,-0.11,-1.0763,10.5862,36052990,361912549.0,3443117710.5,3443117710.5
2015-10-12,'600696,匹凸匹,10.22,10.36,9.61,9.68,9.58,0.64,6.6806,14.1948,48342728,481512170.0,3480579921.0,3480579921.0
2015-10-09,'600696,匹凸匹,9.58,9.73,9.4,9.55,9.75,-0.17,-1.7436,9.465,32234429,309037760.0,3262617969.0,3262617969.0
2015-10-08,'600696,匹凸匹,9.75,10.12,9.54,9.73,9.54,0.21,2.2013,15.2836,52050583,510817995.0,3320514112.5,3320514112.5
2015-09-30,'600696,匹凸匹,9.54,10.36,9.5,9.89,9.42,0.12,1.2739,21.5141,73269742,734634153.0,3248995347.0,3248995347.0
2015-09-29,'600696,匹凸匹,9.42,9.42,8.9,8.91,8.56,0.86,10.0467,6.3777,21720304,201215641.0,3208127481.0,3208127481.0
2015-09-28,'600696,匹凸匹,0.0,0.0,0.0,0.0,8.56,None,None,0.0,0,0.0,2915241108.0,2915241108.0
2015-09-25,'600696,匹凸匹,8.56,9.11,8.4,9.09,9.23,-0.67,-7.2589,9.7859,33327473,293293510.0,2915241108.0,2915241108.0
2015-09-24,'600696,匹凸匹,9.23,9.38,8.63,8.78,8.8,0.43,4.8864,12.0578,41064595,367888233.0,3143420026.5,3143420026.5
2015-09-23,'600696,匹凸匹,8.8,9.13,8.55,8.89,9.15,-0.35,-3.8251,14.5142,49430395,436449325.0,2996976840.0,2996976840.0
2015-09-22,'600696,匹凸匹,9.15,9.15,8.28,8.35,8.32,0.83,9.976,18.101,61645665,554883099.0,3116174782.5,3116174782.5
2015-09-21,'600696,匹凸匹,8.32,8.49,7.57,7.67,7.94,0.38,4.7859,9.4384,32143775,259425742.0,2833505376.0,2833505376.0
2015-09-18,'600696,匹凸匹,7.94,8.15,7.78,7.96,7.9,0.04,0.5063,7.7388,26355615,209934349.0,2704090467.0,2704090467.0
2015-09-17,'600696,匹凸匹,7.9,8.66,7.84,8.3,8.49,-0.59,-6.9494,11.6134,39551270,328259427.0,2690467845.0,2690467845.0
2015-09-16,'600696,匹凸匹,8.49,8.65,7.45,7.88,7.88,0.61,7.7411,10.837,36907119,299082876.0,2891401519.5,2891401519.5
2015-09-15,'600696,匹凸匹,7.88,8.35,7.88,8.25,8.75,-0.87,-9.9429,10.2484,34902601,277597098.0,2683656534.0,2683656534.0
2015-09-14,'600696,匹凸匹,8.75,9.84,8.75,9.79,9.72,-0.97,-9.9794,8.9544,30495577,280710621.0,2979948562.5,2979948562.5
2015-09-11,'600696,匹凸匹,9.72,9.8,9.4,9.4,9.48,0.24,2.5316,10.6447,36252147,347447465.0,3310297146.0,3310297146.0
2015-09-10,'600696,匹凸匹,9.48,9.95,9.2,9.33,10.07,-0.59,-5.859,17.3005,58919648,560561370.0,3228561414.0,3228561414.0
2015-09-09,'600696,匹凸匹,10.07,10.6,9.14,9.14,10.16,-0.09,-0.8858,25.1311,85587912,831801769.0,3429495088.5,3429495088.5
2015-09-08,'600696,匹凸匹,10.16,10.16,10.16,10.16,11.29,-1.13,-10.0089,0.4007,1364800,13866368.0,3460145988.0,3460145988.0
2015-09-07,'600696,匹凸匹,0.0,0.0,0.0,0.0,11.29,None,None,0.0,0,0.0,3844985059.5,3844985059.5
2015-09-02,'600696,匹凸匹,0.0,0.0,0.0,0.0,11.29,None,None,0.0,0,0.0,3844985059.5,3844985059.5
2015-09-01,'600696,匹凸匹,0.0,0.0,0.0,0.0,11.29,None,None,0.0,0,0.0,3844985059.5,3844985059.5
2015-08-31,'600696,匹凸匹,0.0,0.0,0.0,0.0,11.29,None,None,0.0,0,0.0,3844985059.5,3844985059.5
2015-08-28,'600696,匹凸匹,0.0,0.0,0.0,0.0,11.29,None,None,0.0,0,0.0,3844985059.5,3844985059.5
2015-08-27,'600696,匹凸匹,0.0,0.0,0.0,0.0,11.29,None,None,0.0,0,0.0,3844985059.5,3844985059.5
2015-08-26,'600696,匹凸匹,0.0,0.0,0.0,0.0,11.29,None,None,0.0,0,0.0,3844985059.5,3844985059.5
2015-08-25,'600696,匹凸匹,0.0,0.0,0.0,0.0,11.29,None,None,0.0,0,0.0,3844985059.5,3844985059.5
2015-08-24,'600696,匹凸匹,11.29,11.95,11.29,11.58,12.54,-1.25,-9.9681,2.6539,9038433,102876263.0,3844985059.5,3844985059.5
2015-08-21,'600696,匹凸匹,12.54,13.93,12.49,13.5,13.88,-1.34,-9.6542,7.051,24013419,312375055.0,4270691997.0,4270691997.0
2015-08-20,'600696,匹凸匹,13.88,14.67,13.54,14.6,14.6,-0.72,-4.9315,8.1686,27819480,394679720.0,4727049834.0,4727049834.0
2015-08-19,'600696,匹凸匹,14.6,14.68,12.62,13.5,14.02,0.58,4.1369,12.6268,43002497,588903196.0,4972257030.0,4972257030.0
2015-08-18,'600696,匹凸匹,14.02,15.6,13.39,14.51,14.64,-0.62,-4.235,15.4799,52719298,781909540.0,4774729011.0,4774729011.0
2015-08-17,'600696,匹凸匹,14.64,14.88,14.1,14.7,14.97,-0.33,-2.2044,7.8589,26764714,388060862.0,4985879652.0,4985879652.0
2015-08-14,'600696,匹凸匹,14.97,15.39,14.7,15.0,14.99,-0.02,-0.1334,10.4131,35463288,531977282.0,5098266283.5,5098266283.5
2015-08-13,'600696,匹凸匹,14.99,15.23,13.9,13.99,14.28,0.71,4.972,11.1406,37940991,556673444.0,5105077594.5,5105077594.5
2015-08-12,'600696,匹凸匹,14.28,14.5,14.0,14.1,14.49,-0.21,-1.4493,8.017,27303162,388227516.0,4863276054.0,4863276054.0
2015-08-11,'600696,匹凸匹,14.49,14.93,13.7,14.12,14.26,0.23,1.6129,13.4885,45937203,653092174.0,4934794819.5,4934794819.5
2015-08-10,'600696,匹凸匹,14.26,14.6,13.61,13.61,13.69,0.57,4.1636,11.2296,38244288,538386986.0,4856464743.0,4856464743.0
2015-08-07,'600696,匹凸匹,13.69,14.1,13.0,13.08,13.08,0.61,4.6636,9.1098,31024981,421945306.0,4662342379.5,4662342379.5
2015-08-06,'600696,匹凸匹,13.08,13.72,12.82,12.96,13.46,-0.38,-2.8232,6.9985,23834314,314561938.0,4454597394.0,4454597394.0
2015-08-05,'600696,匹凸匹,13.46,14.02,13.18,14.0,14.1,-0.64,-4.539,12.7924,43566393,593939410.0,4584012303.0,4584012303.0
2015-08-04,'600696,匹凸匹,14.1,14.1,12.86,13.02,12.82,1.28,9.9844,12.0585,41067193,557612024.0,4801974255.0,4801974255.0
2015-08-03,'600696,匹凸匹,12.82,13.58,12.28,12.85,12.67,0.15,1.1839,9.3083,31700733,411482245.0,4366050351.0,4366050351.0
2015-07-31,'600696,匹凸匹,12.67,13.85,12.49,13.3,13.88,-1.21,-8.7176,10.5165,35815592,472840181.0,4314965518.5,4314965518.5
2015-07-30,'600696,匹凸匹,13.88,14.94,13.55,13.8,13.71,0.17,1.24,14.5353,49502076,705099342.0,4727049834.0,4727049834.0
2015-07-29,'600696,匹凸匹,13.71,13.71,12.23,12.9,12.46,1.25,10.0321,11.8225,40263313,520946087.0,4669153690.5,4669153690.5
2015-07-28,'600696,匹凸匹,12.46,13.47,12.02,12.3,13.3,-0.84,-6.3158,11.8232,40265749,508399826.0,4243446753.0,4243446753.0
2015-07-27,'600696,匹凸匹,13.3,15.49,13.3,14.1,14.78,-1.48,-10.0135,13.7179,46718376,673991720.0,4529521815.0,4529521815.0
2015-07-24,'600696,匹凸匹,14.78,16.2,14.5,14.8,15.59,-0.81,-5.1956,17.2187,58640933,901548107.0,5033558829.0,5033558829.0
2015-07-23,'600696,匹凸匹,15.59,16.39,14.66,15.3,15.03,0.56,3.7259,16.7749,57129473,880403706.0,5309416924.5,5309416924.5
2015-07-22,'600696,匹凸匹,15.03,15.03,12.98,13.15,13.66,1.37,10.0293,18.0052,61319635,854007081.0,5118700216.5,5118700216.5
2015-07-21,'600696,匹凸匹,13.66,14.59,12.58,13.35,13.32,0.34,2.5526,20.7215,70570274,970217048.0,4652125413.0,4652125413.0
2015-07-20,'600696,匹凸匹,13.32,13.32,12.72,12.95,12.11,1.21,9.9917,7.3316,24968833,329635322.0,4536333126.0,4536333126.0
2015-07-17,'600696,匹凸匹,12.11,12.11,10.88,11.2,11.01,1.1,9.9909,8.7796,29900460,347136029.0,4124248810.5,4124248810.5
2015-07-16,'600696,匹凸匹,11.01,11.01,9.28,9.39,10.01,1.0,9.99,15.6982,53462595,572461900.0,3749626705.5,3749626705.5
2015-07-15,'600696,多伦股份,10.01,10.79,9.82,10.79,9.81,0.2,2.0387,19.9061,67793358,707857897.0,3409061155.5,3409061155.5
2015-07-14,'600696,多伦股份,9.81,9.81,9.81,9.81,8.92,0.89,9.9776,0.35,1192050,11694011.0,3340948045.5,3340948045.5
2015-07-13,'600696,多伦股份,8.92,8.92,8.92,8.92,8.11,0.81,9.9877,3.0506,10389347,92672975.0,3037844706.0,3037844706.0
2015-07-10,'600696,多伦股份,0.0,0.0,0.0,0.0,8.11,None,None,0.0,0,0.0,2761986610.5,2761986610.5
2015-07-09,'600696,多伦股份,0.0,0.0,0.0,0.0,8.11,None,None,0.0,0,0.0,2761986610.5,2761986610.5
2015-07-08,'600696,多伦股份,0.0,0.0,0.0,0.0,8.11,None,None,0.0,0,0.0,2761986610.5,2761986610.5
2015-07-07,'600696,多伦股份,8.11,8.5,8.11,8.5,9.01,-0.9,-9.9889,3.6393,12394043,101575898.0,2761986610.5,2761986610.5
2015-07-06,'600696,多伦股份,9.01,11.0,9.01,11.0,10.01,-1.0,-9.99,11.06,37666513,365445676.0,3068495605.5,3068495605.5
2015-07-03,'600696,多伦股份,10.01,10.98,10.01,10.4,11.12,-1.11,-9.982,8.5764,29208388,298125917.0,3409061155.5,3409061155.5
2015-07-02,'600696,多伦股份,11.12,12.17,11.12,12.02,12.35,-1.23,-9.9595,8.837,30095864,345790530.0,3787088916.0,3787088916.0
2015-07-01,'600696,多伦股份,12.35,14.1,12.35,13.3,13.72,-1.37,-9.9854,10.8347,36899254,494453651.0,4205984542.5,4205984542.5
2015-06-30,'600696,多伦股份,13.72,13.88,11.61,12.43,12.83,0.89,6.9369,14.1176,48079587,610325913.0,4672559346.0,4672559346.0
2015-06-29,'600696,多伦股份,12.83,14.49,12.82,14.2,14.24,-1.41,-9.9017,13.9296,47439293,638788282.0,4369456006.5,4369456006.5
2015-06-26,'600696,多伦股份,14.24,15.0,14.24,15.0,15.82,-1.58,-9.9874,12.1828,41490568,595798828.0,4849653432.0,4849653432.0
2015-06-25,'600696,多伦股份,15.82,17.55,15.82,17.08,17.58,-1.76,-10.0114,12.82,43660439,733168050.0,5387747001.0,5387747001.0
2015-06-24,'600696,多伦股份,17.58,18.88,16.75,16.8,18.32,-0.74,-4.0393,18.7808,63960836,1125730161.0,5987142369.0,5987142369.0
2015-06-23,'600696,多伦股份,18.32,18.32,18.32,18.32,20.35,-2.03,-9.9754,0.57,1941200,35562784.0,6239160876.0,6239160876.0
2015-06-19,'600696,多伦股份,20.35,20.35,20.35,20.35,22.61,-2.26,-9.9956,0.8717,2968700,60413045.0,6930508942.5,6930508942.5
2015-06-18,'600696,多伦股份,0.0,0.0,0.0,0.0,22.61,None,None,0.0,0,0.0,7700187085.5,7700187085.5
2015-06-17,'600696,多伦股份,0.0,0.0,0.0,0.0,22.61,None,None,0.0,0,0.0,7700187085.5,7700187085.5
2015-06-16,'600696,多伦股份,0.0,0.0,0.0,0.0,22.61,None,None,0.0,0,0.0,7700187085.5,7700187085.5
2015-06-15,'600696,多伦股份,22.61,23.86,21.88,22.68,23.4,-0.79,-3.3761,10.574,36011319,822827778.0,7700187085.5,7700187085.5
2015-06-12,'600696,多伦股份,23.4,24.9,22.66,23.0,23.4,0.0,0.0,14.7324,50173384,1201797361.0,7969233870.0,7969233870.0
2015-06-11,'600696,多伦股份,23.4,23.9,22.16,23.19,22.2,1.2,5.4054,18.492,62977312,1462441806.0,7969233870.0,7969233870.0
2015-06-10,'600696,多伦股份,22.2,22.2,19.82,19.89,20.18,2.02,10.0099,10.4912,35729310,754441624.0,7560555210.0,7560555210.0
2015-06-09,'600696,多伦股份,20.18,21.47,20.01,21.1,22.04,-1.86,-8.4392,17.1126,58279724,1206373707.0,6872612799.0,6872612799.0
2015-06-08,'600696,多伦股份,22.04,25.51,22.0,23.89,23.19,-1.15,-4.959,27.0316,92060296,2187503332.0,7506064722.0,7506064722.0
2015-06-05,'600696,多伦股份,23.19,23.19,21.6,22.79,21.08,2.11,10.0095,16.2456,55327047,1250758611.0,7897715104.5,7897715104.5
2015-06-04,'600696,多伦股份,21.08,21.08,18.51,18.96,19.16,1.92,10.0209,18.8838,64311582,1286395711.0,7179121794.0,7179121794.0
2015-06-03,'600696,多伦股份,19.16,20.5,18.5,18.7,19.44,-0.28,-1.4403,21.1234,71939083,1400664271.0,6525235938.0,6525235938.0
2015-06-02,'600696,多伦股份,19.44,19.44,17.83,19.44,17.67,1.77,10.017,34.874,118768966,2276722561.0,6620594292.0,6620594292.0
2015-06-01,'600696,多伦股份,17.67,17.67,17.67,17.67,16.06,1.61,10.0249,1.4939,5087617,89898192.0,6017793268.5,6017793268.5
2015-05-29,'600696,多伦股份,16.06,16.06,15.91,16.06,14.6,1.46,10.0,8.8404,30107347,483440178.0,5469482733.0,5469482733.0
2015-05-28,'600696,多伦股份,14.6,14.6,14.6,14.6,13.27,1.33,10.0226,1.1276,3840288,56068205.0,4972257030.0,4972257030.0
2015-05-27,'600696,多伦股份,0.0,0.0,0.0,0.0,13.27,None,None,0.0,0,0.0,4519304848.5,4519304848.5
2015-05-26,'600696,多伦股份,0.0,0.0,0.0,0.0,13.27,None,None,0.0,0,0.0,4519304848.5,4519304848.5
2015-05-25,'600696,多伦股份,0.0,0.0,0.0,0.0,13.27,None,None,0.0,0,0.0,4519304848.5,4519304848.5
2015-05-22,'600696,多伦股份,0.0,0.0,0.0,0.0,13.27,None,None,0.0,0,0.0,4519304848.5,4519304848.5
2015-05-21,'600696,多伦股份,0.0,0.0,0.0,0.0,13.27,None,None,0.0,0,0.0,4519304848.5,4519304848.5
2015-05-20,'600696,多伦股份,0.0,0.0,0.0,0.0,13.27,None,None,0.0,0,0.0,4519304848.5,4519304848.5
2015-05-19,'600696,多伦股份,0.0,0.0,0.0,0.0,13.27,None,None,0.0,0,0.0,4519304848.5,4519304848.5
2015-05-18,'600696,多伦股份,0.0,0.0,0.0,0.0,13.27,None,None,0.0,0,0.0,4519304848.5,4519304848.5
