2016-05-13,'600715,文投控股,18.17,18.69,17.2,17.44,17.3,0.87,5.0289,1.9911,8930144,162297627.0,29964673930.0,8149463040.0
2016-05-12,'600715,文投控股,17.3,17.56,16.6,17.19,17.29,0.01,0.0578,1.2062,5410171,92128853.0,28529931700.0,7759257600.0
2016-05-11,'600715,文投控股,17.29,18.29,17.26,18.07,18.0,-0.71,-3.9444,1.982,8889661,157530654.0,28513440410.0,7754772480.0
2016-05-10,'600715,文投控股,18.0,18.31,17.35,17.38,17.4,0.6,3.4483,1.4137,6340778,112990322.0,29684322000.0,8073216000.0
2016-05-09,'600715,文投控股,17.4,18.21,17.25,18.01,18.27,-0.87,-4.7619,2.1563,9671116,169959269.0,28694844600.0,7804108800.0
2016-05-06,'600715,文投控股,18.27,18.98,18.0,18.77,18.8,-0.53,-2.8191,2.4389,10938867,201612173.0,30129586830.0,8194314240.0
2016-05-05,'600715,文投控股,18.8,19.07,18.42,18.86,19.12,-0.32,-1.6736,1.9335,8672050,162194067.0,31003625200.0,8432025600.0
2016-05-04,'600715,文投控股,19.12,19.96,18.9,19.96,19.97,-0.85,-4.2564,2.2515,10098258,193886160.0,31531346480.0,8575549440.0
2016-05-03,'600715,XR文投控,19.97,20.87,19.87,20.34,20.29,-0.32,-1.5771,0.8796,3945265,79538676.0,32933106130.0,8956784640.0
2016-04-29,'600715,文投控股,40.57,41.2,40.03,40.93,39.87,0.7,1.7557,1.521,3410974,138758580.0,33452581765.0,9098065920.0
2016-04-28,'600715,文投控股,39.87,40.1,38.53,38.53,38.79,1.08,2.7842,1.2309,2760349,108731739.0,32875386615.0,8941086720.0
2016-04-27,'600715,文投控股,38.79,39.04,38.61,39.02,38.79,0.0,0.0,0.4752,1065725,41415502.0,31984856955.0,8698890240.0
2016-04-26,'600715,文投控股,38.79,39.27,38.51,39.0,38.24,0.55,1.4383,0.8829,1979893,76864968.0,31984856955.0,8698890240.0
2016-04-25,'600715,文投控股,38.24,38.36,36.77,37.41,36.74,1.5,4.0827,1.0433,2339602,88648715.0,31531346480.0,8575549440.0
2016-04-22,'600715,文投控股,36.74,36.78,36.0,36.0,36.59,0.15,0.4099,0.7037,1578018,57402349.0,30294499730.0,8239165440.0
2016-04-21,'600715,文投控股,36.59,37.78,36.0,36.49,37.02,-0.43,-1.1615,0.8842,1982829,73266079.0,30170815055.0,8205527040.0
2016-04-20,'600715,文投控股,37.02,38.94,35.14,38.51,38.57,-1.55,-4.0187,1.9512,4375663,163531674.0,30525377790.0,8301957120.0
2016-04-19,'600715,文投控股,38.57,39.3,38.2,38.7,38.62,-0.05,-0.1295,1.0585,2373798,91839975.0,31803452765.0,8649553920.0
2016-04-18,'600715,文投控股,38.62,39.23,38.23,39.19,39.17,-0.55,-1.4041,1.039,2330110,89821751.0,31844680990.0,8660766720.0
2016-04-15,'600715,文投控股,39.17,39.33,38.68,38.99,38.99,0.18,0.4617,0.965,2163969,84523265.0,32298191465.0,8784107520.0
2016-04-14,'600715,文投控股,38.99,39.0,38.28,38.86,38.46,0.53,1.3781,1.1787,2643348,102325962.0,32149769855.0,8743741440.0
2016-04-13,'600715,文投控股,38.46,39.5,38.2,39.01,38.67,-0.21,-0.5431,1.7528,3930721,152467619.0,31712750670.0,8624885760.0
2016-04-12,'600715,文投控股,38.67,40.1,37.8,39.25,39.65,-0.98,-2.4716,2.2685,5087278,196164640.0,31885909215.0,8671979520.0
2016-04-11,'600715,文投控股,39.65,40.61,38.5,39.8,39.67,-0.02,-0.0504,1.7738,3977750,158422580.0,32693982425.0,8891750400.0
2016-04-08,'600715,文投控股,39.67,42.5,39.35,42.18,42.15,-2.48,-5.8837,2.0564,4611578,187550448.0,32710473715.0,8896235520.0
2016-04-07,'600715,文投控股,42.15,43.45,42.02,43.11,42.44,-0.29,-0.6833,2.662,5969670,253902161.0,34755393675.0,9452390400.0
2016-04-06,'600715,松辽汽车,42.44,42.86,41.85,42.0,41.44,1.0,2.4131,1.9663,4409487,186069735.0,34994517380.0,9517424640.0
2016-04-05,'600715,松辽汽车,41.44,41.5,40.54,40.8,40.52,0.92,2.2705,1.9411,4353124,179072029.0,34169952880.0,9293168640.0
2016-04-01,'600715,松辽汽车,40.52,41.16,40.28,41.1,41.16,-0.64,-1.5549,1.3263,2974384,120765691.0,33411353540.0,9086853120.0
2016-03-31,'600715,松辽汽车,41.16,42.27,40.3,40.9,41.25,-0.09,-0.2182,3.733,8371447,345985438.0,33939074820.0,9230376960.0
2016-03-30,'600715,松辽汽车,41.25,41.9,40.4,41.83,41.83,-0.58,-1.3866,4.3985,9863886,403043636.0,34013285625.0,9250560000.0
2016-03-29,'600715,松辽汽车,41.83,42.45,40.5,42.1,41.92,-0.09,-0.2147,1.3586,3046801,126968558.0,34491533035.0,9380628480.0
2016-03-28,'600715,松辽汽车,41.92,43.9,41.76,43.0,42.7,-0.78,-1.8267,0.8808,1975200,83679305.0,34565743840.0,9400811520.0
2016-03-25,'600715,松辽汽车,42.7,43.69,41.5,41.5,42.12,0.58,1.377,1.4765,3311200,141797182.0,35208904150.0,9575731200.0
2016-03-24,'600715,松辽汽车,42.12,43.58,41.6,42.3,42.16,-0.04,-0.0949,1.5262,3422607,145245894.0,34730656740.0,9445662720.0
2016-03-23,'600715,松辽汽车,42.16,43.95,42.11,43.88,43.63,-1.47,-3.3692,1.7147,3845271,164686546.0,34763639320.0,9454632960.0
2016-03-22,'600715,松辽汽车,43.63,44.5,42.39,43.0,43.79,-0.16,-0.3654,1.6708,3746933,164043912.0,35975749135.0,9784289280.0
2016-03-21,'600715,松辽汽车,43.79,44.59,40.8,40.85,40.66,3.13,7.698,2.536,5687144,243971833.0,36107679455.0,9820170240.0
2016-03-18,'600715,松辽汽车,40.66,40.95,39.75,40.01,40.34,0.32,0.7933,2.0303,4553041,183095835.0,33526792570.0,9118248960.0
2016-03-17,'600715,松辽汽车,40.34,40.98,38.7,39.6,39.77,0.57,1.4332,1.644,3686661,146845143.0,33262931930.0,9046487040.0
2016-03-16,'600715,松辽汽车,39.77,40.25,39.3,39.98,39.98,-0.21,-0.5253,0.8519,1910500,76075865.0,32792930165.0,8918661120.0
2016-03-15,'600715,松辽汽车,39.98,40.79,36.49,39.0,39.48,0.5,1.2665,2.7847,6244795,241306563.0,32966088710.0,8965754880.0
2016-03-14,'600715,松辽汽车,39.48,41.74,39.2,41.0,39.71,-0.23,-0.5792,3.479,7801755,316156874.0,32553806460.0,8853626880.0
2016-03-11,'600715,*ST松辽,0.0,0.0,0.0,0.0,39.71,None,None,0.0,0,0.0,32743456295.0,8905205760.0
2016-03-10,'600715,*ST松辽,39.71,40.9,39.22,39.74,39.37,0.34,0.8636,0.9961,2233813,89218153.0,32743456295.0,8905205760.0
2016-03-09,'600715,*ST松辽,39.37,40.28,38.5,39.5,40.25,-0.88,-2.1863,1.3832,3101931,122475950.0,32463104365.0,8828958720.0
2016-03-08,'600715,*ST松辽,40.25,41.06,39.16,41.06,40.9,-0.65,-1.5892,0.8837,1981682,79012398.0,33188721125.0,9026304000.0
2016-03-07,'600715,*ST松辽,40.9,41.9,40.1,41.0,41.62,-0.72,-1.7299,1.2957,2905627,118962897.0,33724688050.0,9172070400.0
2016-03-04,'600715,*ST松辽,41.62,41.9,39.91,41.8,39.9,1.72,4.3108,2.685,6021234,249382914.0,34318374490.0,9333534720.0
2016-03-03,'600715,*ST松辽,39.9,40.85,39.33,40.2,39.67,0.23,0.5798,1.6377,3672709,147501411.0,32900123550.0,8947814400.0
2016-03-02,'600715,*ST松辽,39.67,39.67,37.78,39.48,37.78,1.89,5.0026,1.7705,3970471,156462856.0,32710473715.0,8896235520.0
2016-03-01,'600715,*ST松辽,37.78,37.97,36.45,37.28,36.96,0.82,2.2186,1.2892,2891218,108053296.0,31152046810.0,8472391680.0
2016-02-29,'600715,*ST松辽,36.96,38.0,35.97,37.95,37.86,-0.9,-2.3772,1.5865,3557904,129111590.0,30475903920.0,8288501760.0
2016-02-26,'600715,*ST松辽,37.86,38.38,35.79,37.7,37.66,0.2,0.5311,1.7391,3899994,145016970.0,31218011970.0,8490332160.0
2016-02-25,'600715,*ST松辽,37.66,40.2,37.66,40.15,39.64,-1.98,-4.995,1.5996,3587305,137587050.0,31053099070.0,8445480960.0
2016-02-24,'600715,*ST松辽,39.64,39.9,38.3,38.3,38.19,1.45,3.7968,2.0437,4583209,179550396.0,32685736780.0,8889507840.0
2016-02-23,'600715,*ST松辽,38.19,38.27,36.46,36.46,36.45,1.74,4.7737,2.7414,6147776,233017929.0,31490118255.0,8564336640.0
2016-02-22,'600715,*ST松辽,36.45,36.85,36.05,36.13,35.74,0.71,1.9866,1.2465,2795278,102225716.0,30055376025.0,8174131200.0
2016-02-19,'600715,*ST松辽,35.74,36.83,35.12,35.88,35.91,-0.17,-0.4734,1.6782,3763540,134545749.0,29469935230.0,8014909440.0
2016-02-18,'600715,*ST松辽,35.91,37.99,35.88,36.99,36.68,-0.77,-2.0992,1.2391,2778774,102884748.0,29610111195.0,8053032960.0
2016-02-17,'600715,*ST松辽,36.68,37.2,36.23,36.67,36.54,0.14,0.3831,1.0997,2466100,90519053.0,30245025860.0,8225710080.0
2016-02-16,'600715,*ST松辽,36.54,37.57,36.0,36.6,36.2,0.34,0.9392,1.2397,2780085,102069347.0,30129586830.0,8194314240.0
2016-02-15,'600715,*ST松辽,36.2,36.7,33.49,33.49,35.24,0.96,2.7242,0.8604,1929500,68487611.0,29849234900.0,8118067200.0
2016-02-05,'600715,*ST松辽,35.24,36.42,34.48,35.38,34.7,0.54,1.5562,2.0002,4485480,161118814.0,29057652980.0,7902781440.0
2016-02-04,'600715,*ST松辽,34.7,34.7,33.05,33.37,33.05,1.65,4.9924,1.2006,2692491,93231806.0,28612388150.0,7781683200.0
2016-02-03,'600715,*ST松辽,33.05,33.05,31.12,31.9,31.48,1.57,4.9873,1.5946,3575987,117135688.0,27251856725.0,7411660800.0
2016-02-02,'600715,*ST松辽,31.48,31.48,29.61,29.97,29.98,1.5,5.0033,1.0479,2349925,73278371.0,25957290460.0,7059578880.0
2016-02-01,'600715,*ST松辽,29.98,32.32,29.97,31.55,31.55,-1.57,-4.9762,0.7342,1646414,50172673.0,24720443710.0,6723194880.0
2016-01-29,'600715,*ST松辽,31.55,32.11,30.11,30.3,31.69,-0.14,-0.4418,1.4883,3337580,102344679.0,26015009975.0,7075276800.0
2016-01-28,'600715,*ST松辽,31.69,33.39,31.69,33.39,33.36,-1.67,-5.006,1.1137,2497589,79617583.0,26130449005.0,7106672640.0
2016-01-27,'600715,*ST松辽,33.36,35.12,33.36,33.4,35.12,-1.76,-5.0114,1.0212,2290100,76615310.0,27507471720.0,7481180160.0
2016-01-26,'600715,*ST松辽,35.12,36.96,35.12,36.96,36.97,-1.85,-5.0041,1.1186,2508500,89749511.0,28958705240.0,7875870720.0
2016-01-25,'600715,*ST松辽,36.97,37.59,36.52,36.9,36.0,0.97,2.6944,1.1447,2566987,95127847.0,30484149565.0,8290744320.0
2016-01-22,'600715,*ST松辽,36.0,36.25,34.51,35.25,34.68,1.32,3.8062,1.1292,2532237,89535196.0,29684322000.0,8073216000.0
2016-01-21,'600715,*ST松辽,34.68,36.96,34.68,36.0,36.51,-1.83,-5.0123,1.4324,3212151,114989552.0,28595896860.0,7777198080.0
2016-01-20,'600715,*ST松辽,36.51,36.97,35.5,35.99,35.46,1.05,2.9611,1.6497,3699460,133824655.0,30104849895.0,8187586560.0
2016-01-19,'600715,*ST松辽,35.46,35.46,33.2,33.77,33.77,1.69,5.0044,1.3943,3126872,109325951.0,29239057170.0,7952117760.0
2016-01-18,'600715,*ST松辽,33.77,34.07,32.35,32.36,33.84,-0.07,-0.2069,1.2677,2842908,95145646.0,27845543165.0,7573125120.0
2016-01-15,'600715,*ST松辽,33.84,34.83,33.4,34.5,33.92,-0.08,-0.2358,1.7477,3919338,134075064.0,27903262680.0,7588823040.0
2016-01-14,'600715,*ST松辽,33.92,34.2,31.7,33.0,33.34,0.58,1.7397,1.9535,4380806,144095972.0,27969227840.0,7606763520.0
2016-01-13,'600715,*ST松辽,33.34,33.94,32.32,33.2,32.32,1.02,3.1559,2.3883,5355948,180085668.0,27490980430.0,7476695040.0
2016-01-12,'600715,*ST松辽,32.32,32.32,29.3,30.8,30.78,1.54,5.0032,2.171,4868546,150424338.0,26649924640.0,7247953920.0
2016-01-11,'600715,*ST松辽,30.78,32.56,30.78,31.67,32.4,-1.62,-5.0,2.2382,5019210,156105602.0,25380095310.0,6902599680.0
2016-01-08,'600715,*ST松辽,32.4,33.88,32.4,32.56,34.11,-1.71,-5.0132,3.4558,7749760,252393542.0,26715889800.0,7265894400.0
2016-01-07,'600715,*ST松辽,34.11,35.6,34.11,35.6,35.9,-1.79,-4.9861,0.5088,1141100,39351520.0,28125895095.0,7649372160.0
2016-01-06,'600715,*ST松辽,35.9,38.0,35.55,35.92,37.42,-1.52,-4.062,2.7693,6210338,222238921.0,29601865550.0,8050790400.0
2016-01-05,'600715,*ST松辽,37.42,38.3,37.42,37.42,39.39,-1.97,-5.0013,1.1448,2567182,96306162.0,30855203590.0,8391659520.0
2016-01-04,'600715,*ST松辽,39.39,41.7,39.39,41.7,41.46,-2.07,-4.9928,0.6349,1423700,57249813.0,32479595655.0,8833443840.0
2015-12-31,'600715,*ST松辽,41.46,42.14,41.03,41.3,41.36,0.1,0.2418,0.4991,1119365,46562521.0,34186444170.0,9297653760.0
2015-12-30,'600715,*ST松辽,41.36,42.66,41.06,41.06,41.52,-0.16,-0.3854,1.0032,2249642,93784640.0,34103987720.0,9275228160.0
2015-12-29,'600715,*ST松辽,41.52,42.2,40.5,41.78,41.94,-0.42,-1.0014,0.6224,1395741,57784573.0,34235918040.0,9311109120.0
2015-12-28,'600715,*ST松辽,41.94,42.94,40.68,42.94,42.53,-0.59,-1.3873,1.4747,3307213,137262726.0,34582235130.0,9405296640.0
2015-12-25,'600715,*ST松辽,42.53,43.29,41.91,43.29,42.58,-0.05,-0.1174,0.6271,1406284,59818433.0,35068728185.0,9537607680.0
2015-12-24,'600715,*ST松辽,42.58,43.81,41.7,41.98,41.74,0.84,2.0125,1.2446,2791058,119447757.0,35109956410.0,9548820480.0
2015-12-23,'600715,*ST松辽,41.74,42.5,40.82,40.82,40.78,0.96,2.3541,1.1234,2519396,105651803.0,34417322230.0,9360445440.0
2015-12-22,'600715,*ST松辽,40.78,42.89,40.78,42.88,42.4,-1.62,-3.8208,1.4417,3233135,133381428.0,33625740310.0,9145159680.0
2015-12-21,'600715,*ST松辽,42.4,44.09,41.37,43.32,43.26,-0.86,-1.988,2.1677,4861265,206108711.0,34961534800.0,9508454400.0
2015-12-18,'600715,*ST松辽,43.26,43.86,41.0,43.03,43.01,0.25,0.5813,2.2116,4959663,210001416.0,35670660270.0,9701314560.0
2015-12-17,'600715,*ST松辽,43.01,46.7,42.5,45.0,44.54,-1.53,-3.4351,2.5884,5804650,254513665.0,35464519145.0,9645250560.0
2015-12-16,'600715,*ST松辽,44.54,45.64,44.3,45.57,43.47,1.07,2.4615,1.0453,2344128,106589586.0,36726102830.0,9988362240.0
2015-12-15,'600715,*ST松辽,43.47,43.47,41.9,42.0,41.4,2.07,5.0,0.609,1365761,58776391.0,35843818815.0,9748408320.0
2015-12-14,'600715,*ST松辽,41.4,41.4,40.12,41.4,39.43,1.97,4.9962,1.4546,3262002,134914031.0,34136970300.0,9284198400.0
2015-12-11,'600715,*ST松辽,39.43,41.2,39.43,41.2,41.5,-2.07,-4.988,2.6318,5901881,233933701.0,32512578235.0,8842414080.0
2015-12-10,'600715,*ST松辽,41.5,41.5,40.0,40.0,39.52,1.98,5.0101,2.348,5265620,217217712.0,34219426750.0,9306624000.0
2015-12-09,'600715,*ST松辽,39.52,39.52,38.15,38.15,37.64,1.88,4.9947,2.0796,4663677,182865613.0,32586789040.0,8862597120.0
2015-12-08,'600715,*ST松辽,37.64,37.67,37.0,37.67,35.88,1.76,4.9052,2.2075,4950394,186276363.0,31036607780.0,8440995840.0
2015-12-07,'600715,*ST松辽,35.88,35.88,34.19,34.19,34.17,1.71,5.0044,1.236,2771736,97985108.0,29585374260.0,8046305280.0
2015-12-04,'600715,*ST松辽,34.17,34.17,32.15,32.55,32.54,1.63,5.0092,2.5926,5814150,197541580.0,28175368965.0,7662827520.0
2015-12-03,'600715,*ST松辽,32.54,34.55,31.42,31.42,33.07,-0.53,-1.6027,2.5564,5732901,186478010.0,26831328830.0,7297290240.0
2015-12-02,'600715,*ST松辽,33.07,36.55,33.07,36.55,34.81,-1.74,-4.9986,3.2847,7366238,252120429.0,27268348015.0,7416145920.0
2015-12-01,'600715,*ST松辽,34.81,34.81,34.81,34.81,33.15,1.66,5.0075,0.0281,63100,2196511.0,28703090245.0,7806351360.0
2015-11-30,'600715,*ST松辽,33.15,33.15,33.15,33.15,31.57,1.58,5.0048,0.0175,39200,1299480.0,27334313175.0,7434086400.0
2015-11-27,'600715,*ST松辽,31.57,31.57,31.57,31.57,30.07,1.5,4.9884,0.0126,28228,891158.0,26031501265.0,7079761920.0
2015-11-26,'600715,*ST松辽,30.07,30.07,30.07,30.07,28.64,1.43,4.993,0.0015,3412,102599.0,24794654515.0,6743377920.0
2015-11-25,'600715,*ST松辽,0.0,0.0,0.0,0.0,28.64,None,None,0.0,0,0.0,23615527280.0,6422691840.0
2015-11-24,'600715,*ST松辽,0.0,0.0,0.0,0.0,28.64,None,None,0.0,0,0.0,23615527280.0,6422691840.0
2015-11-23,'600715,*ST松辽,0.0,0.0,0.0,0.0,28.64,None,None,0.0,0,0.0,23615527280.0,6422691840.0
2015-11-20,'600715,*ST松辽,0.0,0.0,0.0,0.0,28.64,None,None,0.0,0,0.0,23615527280.0,6422691840.0
2015-11-19,'600715,*ST松辽,0.0,0.0,0.0,0.0,28.64,None,None,0.0,0,0.0,23615527280.0,6422691840.0
2015-11-18,'600715,*ST松辽,0.0,0.0,0.0,0.0,28.64,None,None,0.0,0,0.0,23615527280.0,6422691840.0
2015-11-17,'600715,*ST松辽,0.0,0.0,0.0,0.0,28.64,None,None,0.0,0,0.0,23615527280.0,6422691840.0
2015-11-16,'600715,*ST松辽,0.0,0.0,0.0,0.0,28.64,None,None,0.0,0,0.0,23615527280.0,6422691840.0
2015-11-13,'600715,*ST松辽,0.0,0.0,0.0,0.0,28.64,None,None,0.0,0,0.0,23615527280.0,6422691840.0
2015-11-12,'600715,*ST松辽,0.0,0.0,0.0,0.0,28.64,None,None,0.0,0,0.0,23615527280.0,6422691840.0
2015-11-11,'600715,*ST松辽,0.0,0.0,0.0,0.0,28.64,None,None,0.0,0,0.0,23615527280.0,6422691840.0
2015-11-10,'600715,*ST松辽,0.0,0.0,0.0,0.0,28.64,None,None,0.0,0,0.0,23615527280.0,6422691840.0
2015-11-09,'600715,*ST松辽,0.0,0.0,0.0,0.0,28.64,None,None,0.0,0,0.0,23615527280.0,6422691840.0
2015-11-06,'600715,*ST松辽,0.0,0.0,0.0,0.0,28.64,None,None,0.0,0,0.0,23615527280.0,6422691840.0
2015-11-05,'600715,*ST松辽,0.0,0.0,0.0,0.0,28.64,None,None,0.0,0,0.0,23615527280.0,6422691840.0
2015-11-04,'600715,*ST松辽,28.64,28.64,27.5,27.65,27.28,1.36,4.9853,2.9015,6506680,183834125.0,23615527280.0,6422691840.0
2015-11-03,'600715,*ST松辽,27.28,27.81,27.14,27.5,27.07,0.21,0.7758,1.5211,3411132,93803628.0,22494119560.0,6117703680.0
2015-11-02,'600715,*ST松辽,27.07,27.98,26.34,26.34,26.91,0.16,0.5946,2.4627,5522654,150714260.0,22320961015.0,6070609920.0
2015-10-30,'600715,*ST松辽,26.91,28.12,26.8,27.16,26.85,0.06,0.2235,3.1527,7070187,196218543.0,22189030695.0,6034728960.0
2015-10-29,'600715,*ST松辽,26.85,27.13,25.26,25.26,25.88,0.97,3.7481,2.0562,4611132,123119893.0,22139556825.0,6021273600.0
2015-10-28,'600715,*ST松辽,25.88,27.11,25.61,26.8,25.82,0.06,0.2324,3.5384,7934987,211742708.0,21339729260.0,5803745280.0
2015-10-27,'600715,*ST松辽,25.82,25.82,24.0,24.5,24.59,1.23,5.002,2.1857,4901506,125027399.0,21290255390.0,5790289920.0
2015-10-26,'600715,*ST松辽,24.59,24.59,23.6,24.1,23.42,1.17,4.9957,2.2922,5140374,125742081.0,20276041055.0,5514455040.0
2015-10-23,'600715,*ST松辽,23.42,23.42,22.6,22.61,22.3,1.12,5.0224,1.9277,4323002,100210599.0,19311300590.0,5252075520.0
2015-10-22,'600715,*ST松辽,22.3,22.35,21.18,21.7,21.98,0.32,1.4559,1.3073,2931720,63842933.0,18387788350.0,5000908800.0
2015-10-21,'600715,*ST松辽,21.98,23.3,21.98,23.14,23.14,-1.16,-5.013,1.0715,2402901,54058449.0,18123927710.0,4929146880.0
2015-10-20,'600715,*ST松辽,23.14,23.64,22.61,23.64,23.37,-0.23,-0.9842,1.4567,3266800,75297697.0,19080422530.0,5189283840.0
2015-10-19,'600715,*ST松辽,23.37,23.7,23.0,23.06,22.92,0.45,1.9634,1.416,3175404,74017874.0,19270072365.0,5240862720.0
2015-10-16,'600715,*ST松辽,22.92,23.79,22.5,23.79,23.68,-0.76,-3.2095,1.2724,2853500,65743364.0,18899018340.0,5139947520.0
2015-10-15,'600715,*ST松辽,23.68,23.98,23.25,23.39,23.39,0.29,1.2398,1.2601,2825800,66619522.0,19525687360.0,5310382080.0
2015-10-14,'600715,*ST松辽,23.39,23.88,23.18,23.63,23.59,-0.2,-0.8478,1.7716,3972826,92918928.0,19286563655.0,5245347840.0
2015-10-13,'600715,*ST松辽,23.59,23.79,22.8,22.87,22.89,0.7,3.0581,1.8014,4039800,94374103.0,19451476555.0,5290199040.0
2015-10-12,'600715,*ST松辽,22.89,23.31,22.1,22.19,22.2,0.69,3.1081,3.7817,8480721,195425425.0,18874281405.0,5133219840.0
2015-10-09,'600715,*ST松辽,22.2,22.42,21.83,22.42,22.16,0.04,0.1805,1.2491,2801133,61900909.0,18305331900.0,4978483200.0
2015-10-08,'600715,*ST松辽,22.16,23.02,22.09,22.74,22.32,-0.16,-0.7168,2.5247,5661747,126346775.0,18272349320.0,4969512960.0
2015-09-30,'600715,*ST松辽,22.32,22.4,21.23,22.13,22.13,0.19,0.8586,0.5997,1344803,29538873.0,18404279640.0,5005393920.0
2015-09-29,'600715,*ST松辽,22.13,22.65,21.55,21.68,22.5,-0.37,-1.6444,0.8297,1860620,41527466.0,18247612385.0,4962785280.0
2015-09-28,'600715,*ST松辽,22.5,22.79,21.7,22.5,22.56,-0.06,-0.266,1.2675,2842371,63662640.0,18552701250.0,5045760000.0
2015-09-25,'600715,*ST松辽,22.56,23.23,22.2,22.48,22.45,0.11,0.49,1.4831,3325970,75564621.0,18602175120.0,5059215360.0
2015-09-24,'600715,*ST松辽,22.45,22.6,21.5,21.66,21.63,0.82,3.791,2.4221,5431662,119911197.0,18511473025.0,5034547200.0
2015-09-23,'600715,*ST松辽,21.63,21.63,19.9,20.55,20.6,1.03,5.0,1.6837,3775833,77941967.0,17835330135.0,4850657280.0
2015-09-22,'600715,*ST松辽,20.6,20.98,20.07,20.27,20.08,0.52,2.5896,0.89,1995984,40957623.0,16986028700.0,4619673600.0
2015-09-21,'600715,*ST松辽,20.08,20.12,18.5,19.01,19.16,0.92,4.8017,1.0939,2453121,48261203.0,16557255160.0,4503060480.0
2015-09-18,'600715,*ST松辽,19.16,19.4,18.2,19.36,19.16,0.0,0.0,0.5504,1234400,23230142.0,15798655820.0,4296744960.0
2015-09-17,'600715,*ST松辽,19.16,20.02,18.85,19.2,19.07,0.09,0.4719,1.4257,3197287,62795685.0,15798655820.0,4296744960.0
2015-09-16,'600715,*ST松辽,19.07,19.39,17.62,17.62,18.55,0.52,2.8032,0.8222,1843820,34407093.0,15724445015.0,4276561920.0
2015-09-15,'600715,*ST松辽,18.55,19.5,18.55,18.56,19.53,-0.98,-5.0179,0.8308,1863200,34606036.0,15295671475.0,4159948800.0
2015-09-14,'600715,*ST松辽,19.53,20.88,19.53,20.6,20.56,-1.03,-5.0097,0.7771,1742776,34660000.0,16103744685.0,4379719680.0
2015-09-11,'600715,*ST松辽,20.56,20.75,19.6,19.77,19.77,0.79,3.996,1.4236,3192450,64425067.0,16953046120.0,4610703360.0
2015-09-10,'600715,*ST松辽,19.77,19.77,18.28,18.86,18.83,0.94,4.992,1.2675,2842503,55625100.0,16301640165.0,4433541120.0
2015-09-09,'600715,*ST松辽,18.83,18.83,17.95,18.06,17.93,0.9,5.0195,1.6671,3738508,70076126.0,15526549535.0,4222740480.0
2015-09-08,'600715,*ST松辽,17.93,18.06,16.5,16.5,17.2,0.73,4.2442,1.6481,3696043,63645536.0,14784441485.0,4020910080.0
2015-09-07,'600715,*ST松辽,17.2,18.78,17.2,17.3,18.1,-0.9,-4.9724,1.8696,4192800,73819700.0,14182509400.0,3857203200.0
2015-09-02,'600715,*ST松辽,18.1,18.1,18.1,18.1,19.05,-0.95,-4.9869,0.3858,865200,15660120.0,14924617450.0,4059033600.0
2015-09-01,'600715,*ST松辽,19.05,19.13,19.05,19.1,20.05,-1.0,-4.9875,0.8324,1866700,35565610.0,15707953725.0,4272076800.0
2015-08-31,'600715,*ST松辽,20.05,21.14,20.05,21.14,21.1,-1.05,-4.9763,1.3829,3101300,62460041.0,16532518225.0,4496332800.0
2015-08-28,'600715,*ST松辽,21.1,22.2,20.91,22.0,21.51,-0.41,-1.9061,2.6281,5893779,125516648.0,17398310950.0,4731801600.0
2015-08-27,'600715,*ST松辽,21.51,22.2,21.03,21.3,22.14,-0.63,-2.8455,3.1998,7175711,151663738.0,17736382395.0,4823746560.0
2015-08-26,'600715,*ST松辽,22.14,22.5,22.14,22.14,23.31,-1.17,-5.0193,1.531,3433267,76096080.0,18255858030.0,4965027840.0
2015-08-25,'600715,*ST松辽,23.31,23.31,23.31,23.31,24.54,-1.23,-5.0122,0.3167,710200,16554762.0,19220598495.0,5227407360.0
2015-08-24,'600715,*ST松辽,24.54,25.18,24.54,24.54,25.83,-1.29,-4.9942,0.6942,1556700,38206816.0,20234812830.0,5503242240.0
2015-08-21,'600715,*ST松辽,25.83,27.0,25.82,26.01,27.18,-1.35,-4.9669,1.0506,2356008,61644100.0,21298501035.0,5792532480.0
2015-08-20,'600715,*ST松辽,27.18,27.95,26.79,27.95,26.73,0.45,1.6835,1.5449,3464429,94780971.0,22411663110.0,6095278080.0
2015-08-19,'600715,*ST松辽,26.73,27.02,25.33,26.15,26.66,0.07,0.2626,1.4514,3254752,84612178.0,5994362880.0,5994362880.0
2015-08-18,'600715,*ST松辽,26.66,28.39,26.65,28.08,28.05,-1.39,-4.9554,2.148,4817101,131962083.0,5978664960.0,5978664960.0
2015-08-17,'600715,*ST松辽,28.05,28.5,27.8,27.91,27.91,0.14,0.5016,1.6873,3783971,106332973.0,6290380800.0,6290380800.0
2015-08-14,'600715,*ST松辽,27.91,28.24,27.55,27.8,27.57,0.34,1.2332,1.3309,2984549,83236162.0,6258984960.0,6258984960.0
2015-08-13,'600715,*ST松辽,27.57,27.88,26.66,26.81,27.02,0.55,2.0355,1.3774,3088892,84376417.0,6182737920.0,6182737920.0
2015-08-12,'600715,*ST松辽,27.02,27.99,26.81,27.15,27.53,-0.51,-1.8525,0.9782,2193614,59893973.0,6059397120.0,6059397120.0
2015-08-11,'600715,*ST松辽,27.53,28.29,26.88,27.19,27.19,0.34,1.2505,2.002,4489587,124365215.0,6173767680.0,6173767680.0
2015-08-10,'600715,*ST松辽,27.19,27.76,26.26,26.97,26.6,0.59,2.218,2.4532,5501410,148926846.0,6097520640.0,6097520640.0
2015-08-07,'600715,*ST松辽,26.6,26.6,25.33,25.33,25.33,1.27,5.0138,1.334,2991677,78301289.0,5965209600.0,5965209600.0
2015-08-06,'600715,*ST松辽,25.33,25.38,24.41,24.41,25.31,0.02,0.079,0.7783,1745351,43534013.0,5680404480.0,5680404480.0
2015-08-05,'600715,*ST松辽,25.31,26.5,25.31,26.04,26.64,-1.33,-4.9925,0.9589,2150402,55425690.0,5675919360.0,5675919360.0
2015-08-04,'600715,*ST松辽,26.64,26.75,24.72,25.89,25.87,0.77,2.9764,1.6469,3693260,94508959.0,5974179840.0,5974179840.0
2015-08-03,'600715,*ST松辽,25.87,27.26,25.87,27.17,27.23,-1.36,-4.9945,0.7649,1715429,45046363.0,5801502720.0,5801502720.0
2015-07-31,'600715,*ST松辽,27.23,27.96,26.6,27.48,27.41,-0.18,-0.6567,1.2328,2764530,75165396.0,6106490880.0,6106490880.0
2015-07-30,'600715,*ST松辽,27.41,27.83,26.53,26.65,26.5,0.91,3.434,2.478,5557046,152850036.0,6146856960.0,6146856960.0
2015-07-29,'600715,*ST松辽,26.5,26.5,24.6,25.6,25.24,1.26,4.9921,1.4624,3279450,84405710.0,5942784000.0,5942784000.0
2015-07-28,'600715,*ST松辽,25.24,26.87,24.78,24.89,26.08,-0.84,-3.2209,2.4849,5572560,142221251.0,5660221440.0,5660221440.0
2015-07-27,'600715,*ST松辽,26.08,28.52,25.96,26.21,27.16,-1.08,-3.9764,4.0391,9057962,250670861.0,5848596480.0,5848596480.0
2015-07-24,'600715,*ST松辽,27.16,29.81,27.0,29.7,28.39,-1.23,-4.3325,3.8399,8611116,247282480.0,6090792960.0,6090792960.0
2015-07-23,'600715,*ST松辽,28.39,28.39,28.0,28.38,27.04,1.35,4.9926,2.2602,5068569,143746006.0,6366627840.0,6366627840.0
2015-07-22,'600715,*ST松辽,27.04,27.04,26.55,26.55,25.75,1.29,5.0097,1.8443,4135949,111539818.0,6063882240.0,6063882240.0
2015-07-21,'600715,*ST松辽,25.75,25.75,23.93,24.39,24.52,1.23,5.0163,1.7779,3986987,100852740.0,5774592000.0,5774592000.0
2015-07-20,'600715,*ST松辽,24.52,25.2,24.01,24.5,24.6,-0.08,-0.3252,1.5763,3535031,86727850.0,5498757120.0,5498757120.0
2015-07-17,'600715,*ST松辽,24.6,24.89,23.15,23.3,24.37,0.23,0.9438,1.9718,4421926,106609918.0,5516697600.0,5516697600.0
2015-07-16,'600715,*ST松辽,24.37,25.0,24.37,24.37,25.65,-1.28,-4.9903,1.129,2531906,61823947.0,5465118720.0,5465118720.0
2015-07-15,'600715,*ST松辽,25.65,26.68,25.65,26.68,27.0,-1.35,-5.0,0.7883,1767800,45773564.0,5752166400.0,5752166400.0
2015-07-14,'600715,*ST松辽,27.0,28.18,26.13,27.0,27.33,-0.33,-1.2075,2.3714,5318107,144991146.0,6054912000.0,6054912000.0
2015-07-13,'600715,*ST松辽,27.33,27.33,25.7,26.05,26.03,1.3,4.9942,3.8366,8603871,229006248.0,6128916480.0,6128916480.0
2015-07-10,'600715,*ST松辽,26.03,26.03,23.55,23.55,24.79,1.24,5.002,4.1007,9196022,233674178.0,5837383680.0,5837383680.0
2015-07-09,'600715,*ST松辽,24.79,27.12,24.79,24.79,26.09,-1.3,-4.9828,5.7711,12941990,330493958.0,5559306240.0,5559306240.0
2015-07-08,'600715,*ST松辽,26.09,26.09,26.09,26.09,27.46,-1.37,-4.9891,0.0421,94500,2465505.0,5850839040.0,5850839040.0
2015-07-07,'600715,*ST松辽,27.46,27.46,27.46,27.46,28.91,-1.45,-5.0156,0.0374,83800,2301148.0,6158069760.0,6158069760.0
2015-07-06,'600715,*ST松辽,28.91,31.95,28.91,31.9,30.43,-1.52,-4.9951,1.0409,2334175,69287369.0,6483240960.0,6483240960.0
2015-07-03,'600715,*ST松辽,30.43,30.85,30.43,30.43,32.03,-1.6,-4.9953,0.4881,1094500,33311370.0,6824110080.0,6824110080.0
2015-07-02,'600715,*ST松辽,32.03,34.0,32.03,34.0,33.72,-1.69,-5.0119,1.207,2706807,88048956.0,7182919680.0,7182919680.0
2015-07-01,'600715,*ST松辽,33.72,33.72,33.15,33.72,32.11,1.61,5.014,1.6881,3785652,127441169.0,7561912320.0,7561912320.0
2015-06-30,'600715,*ST松辽,32.11,34.49,31.88,31.88,33.56,-1.45,-4.3206,2.0636,4627737,148857921.0,7200860160.0,7200860160.0
2015-06-29,'600715,*ST松辽,33.56,35.82,33.56,35.82,35.33,-1.77,-5.0099,0.4313,967300,32861653.0,7526031360.0,7526031360.0
2015-06-26,'600715,*ST松辽,35.33,36.97,35.33,36.2,37.19,-1.86,-5.0013,0.5609,1257952,44761005.0,7922964480.0,7922964480.0
2015-06-25,'600715,*ST松辽,37.19,38.83,36.25,38.49,38.14,-0.95,-2.4908,0.7538,1690447,63748319.0,8340080640.0,8340080640.0
2015-06-24,'600715,*ST松辽,38.14,38.65,37.43,37.52,37.15,0.99,2.6649,1.1077,2483989,94286649.0,8553123840.0,8553123840.0
2015-06-23,'600715,*ST松辽,37.15,40.94,37.15,39.44,39.11,-1.96,-5.0115,1.023,2294120,87160465.0,8331110400.0,8331110400.0
2015-06-19,'600715,*ST松辽,39.11,41.4,39.09,41.4,41.15,-2.04,-4.9575,0.753,1688628,67374737.0,8770652160.0,8770652160.0
2015-06-18,'600715,*ST松辽,41.15,42.77,41.0,42.31,42.29,-1.14,-2.6957,0.8128,1822801,76863176.0,9228134400.0,9228134400.0
2015-06-17,'600715,*ST松辽,42.29,42.98,39.82,41.5,41.89,0.4,0.9549,1.7958,4027110,164777278.0,9483786240.0,9483786240.0
2015-06-16,'600715,*ST松辽,41.89,43.2,41.89,43.0,44.09,-2.2,-4.9898,1.8457,4139205,174359030.0,9394083840.0,9394083840.0
2015-06-15,'600715,*ST松辽,44.09,45.8,44.09,45.8,46.41,-2.32,-4.9989,1.9116,4286800,189731283.0,9887447040.0,9887447040.0
2015-06-12,'600715,*ST松辽,46.41,50.52,45.7,50.52,48.11,-1.7,-3.5336,4.0013,8973267,431442049.0,10407720960.0,10407720960.0
2015-06-11,'600715,*ST松辽,48.11,48.11,48.11,48.11,45.82,2.29,4.9978,0.3406,763885,36750507.0,10788956160.0,10788956160.0
2015-06-10,'600715,*ST松辽,45.82,45.95,43.6,43.77,43.76,2.06,4.7075,1.8405,4127447,186380699.0,10275409920.0,10275409920.0
2015-06-09,'600715,*ST松辽,43.76,44.1,42.88,43.78,43.77,-0.01,-0.0228,1.3267,2975301,129743921.0,9813442560.0,9813442560.0
2015-06-08,'600715,*ST松辽,43.77,44.5,43.2,43.85,43.81,-0.04,-0.0913,0.9625,2158443,94706778.0,9815685120.0,9815685120.0
2015-06-05,'600715,*ST松辽,43.81,45.39,43.4,45.28,44.1,-0.29,-0.6576,1.6001,3588339,158481668.0,9824655360.0,9824655360.0
2015-06-04,'600715,*ST松辽,44.1,44.4,41.07,42.36,42.37,1.73,4.0831,1.3994,3138328,133395457.0,9889689600.0,9889689600.0
2015-06-03,'600715,*ST松辽,42.37,44.85,42.06,43.5,43.56,-1.19,-2.7319,1.1583,2597501,111715541.0,9501726720.0,9501726720.0
2015-06-02,'600715,*ST松辽,43.56,44.0,42.0,43.4,43.63,-0.07,-0.1604,1.1759,2637110,112597188.0,9768591360.0,9768591360.0
2015-06-01,'600715,*ST松辽,43.63,44.89,42.9,44.89,42.96,0.67,1.5596,1.4694,3295234,144636271.0,9784289280.0,9784289280.0
2015-05-29,'600715,*ST松辽,42.96,42.96,39.0,40.38,40.91,2.05,5.011,1.8186,4078403,171661999.0,9634037760.0,9634037760.0
2015-05-28,'600715,*ST松辽,40.91,43.13,40.6,43.0,41.08,-0.17,-0.4138,1.7029,3818761,163226300.0,9174312960.0,9174312960.0
2015-05-27,'600715,*ST松辽,41.08,41.08,39.12,39.12,39.12,1.96,5.0102,1.4368,3222064,130516125.0,9212436480.0,9212436480.0
2015-05-26,'600715,*ST松辽,39.12,40.59,37.04,40.59,38.66,0.46,1.1899,2.5467,5711052,226196043.0,8772894720.0,8772894720.0
2015-05-25,'600715,*ST松辽,38.66,38.66,38.66,38.66,36.82,1.84,4.9973,0.1504,337235,13037505.0,8669736960.0,8669736960.0
2015-05-22,'600715,*ST松辽,36.82,36.82,36.82,36.82,35.07,1.75,4.99,0.0726,162852,5996211.0,8257105920.0,8257105920.0
2015-05-21,'600715,*ST松辽,35.07,35.07,34.32,34.32,33.4,1.67,5.0,0.2957,663102,23071041.0,7864657920.0,7864657920.0
2015-05-20,'600715,*ST松辽,33.4,33.4,31.56,31.66,31.81,1.59,4.9984,1.024,2296429,75979983.0,7490150400.0,7490150400.0
2015-05-19,'600715,*ST松辽,31.81,32.14,31.44,31.44,31.69,0.12,0.3787,1.1359,2547362,81132073.0,7133583360.0,7133583360.0
2015-05-18,'600715,*ST松辽,31.69,32.19,31.38,31.82,31.82,-0.13,-0.4085,1.046,2345789,74347319.0,7106672640.0,7106672640.0
