2016-05-13,'600735,新华锦,12.45,12.66,12.3,12.5,12.38,0.07,0.5654,0.8642,3249354,40611025.0,4681104085.2,4681104085.2
2016-05-12,'600735,新华锦,12.38,12.45,12.13,12.45,12.56,-0.18,-1.4331,0.9304,3498261,42970509.0,4654784624.48,4654784624.48
2016-05-11,'600735,新华锦,12.56,12.89,12.47,12.89,12.69,-0.13,-1.0244,0.8392,3155220,39844586.0,4722463237.76,4722463237.76
2016-05-10,'600735,新华锦,12.69,12.86,12.52,12.55,12.69,0.0,0.0,1.013,3808975,48418627.0,4771342236.24,4771342236.24
2016-05-09,'600735,新华锦,12.69,13.08,12.61,13.05,13.2,-0.51,-3.8636,1.8778,7060284,90781467.0,4771342236.24,4771342236.24
2016-05-06,'600735,新华锦,13.2,14.19,13.0,14.08,14.09,-0.89,-6.3165,2.5511,9592110,130315701.0,4963098307.2,4963098307.2
2016-05-05,'600735,新华锦,14.09,14.15,13.9,14.0,14.08,0.01,0.071,1.5337,5766660,81024718.0,5297731450.64,5297731450.64
2016-05-04,'600735,新华锦,14.08,14.25,13.85,14.0,14.03,0.05,0.3564,1.8792,7065815,99136597.0,5293971527.68,5293971527.68
2016-05-03,'600735,新华锦,14.03,14.1,13.35,13.52,13.55,0.48,3.5424,2.189,8230341,114039656.0,5275171912.88,5275171912.88
2016-04-29,'600735,新华锦,13.55,13.62,13.34,13.45,13.52,0.03,0.2219,1.6993,6389405,86334372.0,5094695610.8,5094695610.8
2016-04-28,'600735,新华锦,13.52,13.6,13.18,13.35,13.34,0.18,1.3493,2.0604,7747025,103819690.0,5083415841.92,5083415841.92
2016-04-27,'600735,新华锦,13.34,13.55,13.3,13.52,13.49,-0.15,-1.1119,1.4773,5554507,74469970.0,5015737228.64,5015737228.64
2016-04-26,'600735,新华锦,13.49,13.5,13.07,13.23,13.23,0.26,1.9652,1.4225,5348430,71144534.0,5072136073.04,5072136073.04
2016-04-25,'600735,新华锦,13.23,13.44,12.98,13.4,13.55,-0.32,-2.3616,1.5045,5656865,74593962.0,4974378076.08,4974378076.08
2016-04-22,'600735,新华锦,13.55,13.59,13.05,13.06,13.32,0.23,1.7267,1.7521,6587802,87450164.0,5094695610.8,5094695610.8
2016-04-21,'600735,新华锦,13.32,13.79,13.3,13.53,13.5,-0.18,-1.3333,2.868,10783322,146094857.0,5008217382.72,5008217382.72
2016-04-20,'600735,新华锦,13.5,14.87,13.32,14.8,14.8,-1.3,-8.7838,5.05,18987503,263729861.0,5075895996.0,5075895996.0
2016-04-19,'600735,新华锦,14.8,14.97,14.53,14.95,14.79,0.01,0.0676,2.1871,8223163,121060269.0,5564685980.8,5564685980.8
2016-04-18,'600735,新华锦,14.79,15.06,14.61,15.06,15.23,-0.44,-2.889,2.8648,10771495,159439069.0,5560926057.84,5560926057.84
2016-04-15,'600735,新华锦,15.23,15.4,15.1,15.33,15.34,-0.11,-0.7171,2.6136,9826775,149542912.0,5726362668.08,5726362668.08
2016-04-14,'600735,新华锦,15.34,15.45,15.01,15.38,15.26,0.08,0.5242,3.1302,11769285,179103368.0,5767721820.64,5767721820.64
2016-04-13,'600735,新华锦,15.26,15.68,15.08,15.08,15.02,0.24,1.5979,5.7252,21526441,331173399.0,5737642436.96,5737642436.96
2016-04-12,'600735,新华锦,15.02,15.15,14.58,14.9,15.18,-0.16,-1.054,3.5119,13204617,195395395.0,5647404285.92,5647404285.92
2016-04-11,'600735,新华锦,15.18,15.85,15.02,15.22,15.08,0.1,0.6631,6.3956,24047135,370739340.0,5707563053.28,5707563053.28
2016-04-08,'600735,新华锦,15.08,15.1,14.15,14.22,14.52,0.56,3.8567,5.6562,21266719,313799357.0,5669963823.68,5669963823.68
2016-04-07,'600735,新华锦,14.52,14.88,14.05,14.88,14.9,-0.38,-2.5503,5.26,19777101,286617101.0,5459408137.92,5459408137.92
2016-04-06,'600735,新华锦,14.9,15.1,14.46,15.0,15.17,-0.27,-1.7798,5.2038,19566016,290394378.0,5602285210.4,5602285210.4
2016-04-05,'600735,新华锦,15.17,15.21,13.75,13.95,13.91,1.26,9.0582,5.7108,21472285,315102150.0,5703803130.32,5703803130.32
2016-04-01,'600735,新华锦,13.91,14.39,13.52,14.39,14.4,-0.49,-3.4028,4.4138,16595542,229058479.0,5230052837.36,5230052837.36
2016-03-31,'600735,新华锦,14.4,14.71,14.26,14.61,14.51,-0.11,-0.7581,3.6533,13736246,198201240.0,5414289062.4,5414289062.4
2016-03-30,'600735,新华锦,14.51,14.6,13.6,13.76,13.53,0.98,7.2432,3.9079,14693397,206644222.0,5455648214.96,5455648214.96
2016-03-29,'600735,新华锦,13.53,14.2,13.23,14.2,14.1,-0.57,-4.0426,3.8594,14511185,198755965.0,5087175764.88,5087175764.88
2016-03-28,'600735,新华锦,14.1,14.99,13.96,14.86,14.56,-0.46,-3.1593,4.7855,17993001,261030550.0,5301491373.6,5301491373.6
2016-03-25,'600735,新华锦,14.56,14.64,14.19,14.45,14.54,0.02,0.1376,3.0329,11403530,165062900.0,5474447829.76,5474447829.76
2016-03-24,'600735,新华锦,14.54,15.0,14.3,14.8,14.99,-0.45,-3.002,4.2752,16074543,235442581.0,5466927983.84,5466927983.84
2016-03-23,'600735,新华锦,14.99,15.1,14.5,14.59,14.69,0.3,2.0422,4.5294,17030287,251874169.0,5636124517.04,5636124517.04
2016-03-22,'600735,新华锦,14.69,15.76,14.65,15.2,15.19,-0.5,-3.2916,7.0731,26594357,401394443.0,5523326828.24,5523326828.24
2016-03-21,'600735,新华锦,15.19,15.19,14.2,14.5,13.81,1.38,9.9928,7.7088,28984502,427445266.0,5711322976.24,5711322976.24
2016-03-18,'600735,新华锦,13.81,13.81,12.55,12.78,12.55,1.26,10.0398,7.134,26823109,357591147.0,5192453607.76,5192453607.76
2016-03-17,'600735,新华锦,12.55,12.62,12.04,12.1,12.03,0.52,4.3225,4.028,15144795,187737706.0,4718703314.8,4718703314.8
2016-03-16,'600735,新华锦,12.03,12.47,11.85,12.27,12.22,-0.19,-1.5548,2.4165,9085835,110404785.0,4523187320.88,4523187320.88
2016-03-15,'600735,新华锦,12.22,12.6,12.11,12.5,12.61,-0.39,-3.0928,2.6397,9924895,122347652.0,4594625857.12,4594625857.12
2016-03-14,'600735,新华锦,12.61,12.84,12.15,12.3,11.99,0.62,5.171,4.0278,15144194,189814652.0,4741262852.56,4741262852.56
2016-03-11,'600735,新华锦,11.99,12.17,11.71,11.81,12.12,-0.13,-1.0726,1.9954,7502392,89180296.0,4508147629.04,4508147629.04
2016-03-10,'600735,新华锦,12.12,12.58,12.03,12.19,12.0,0.12,1.0,2.9285,11011010,135439276.0,4557026627.52,4557026627.52
2016-03-09,'600735,新华锦,12.0,12.25,11.68,12.0,12.33,-0.33,-2.6764,1.825,6861681,82679608.0,4511907552.0,4511907552.0
2016-03-08,'600735,新华锦,12.33,12.35,11.52,12.28,12.4,-0.07,-0.5645,3.0778,11572172,138790587.0,4635985009.68,4635985009.68
2016-03-07,'600735,新华锦,12.4,12.66,12.17,12.23,12.12,0.28,2.3102,2.739,10298424,127635307.0,4662304470.4,4662304470.4
2016-03-04,'600735,新华锦,12.12,13.44,12.03,13.15,13.2,-1.08,-8.1818,3.0381,11423093,144262951.0,4557026627.52,4557026627.52
2016-03-03,'600735,新华锦,13.2,13.79,12.9,13.05,13.09,0.11,0.8403,3.5906,13500305,180543549.0,4963098307.2,4963098307.2
2016-03-02,'600735,新华锦,13.09,13.15,12.12,12.4,12.4,0.69,5.5645,3.9819,14971758,190009823.0,4921739154.64,4921739154.64
2016-03-01,'600735,新华锦,12.4,12.5,11.6,12.14,12.39,0.01,0.0807,3.319,12479142,151187257.0,4662304470.4,4662304470.4
2016-02-29,'600735,新华锦,12.39,13.61,12.39,13.6,13.77,-1.38,-10.0218,2.7906,10492546,131693443.0,4658544547.44,4658544547.44
2016-02-26,'600735,新华锦,13.77,14.57,13.22,14.28,14.18,-0.41,-2.8914,2.7839,10467084,145400374.0,5177413915.92,5177413915.92
2016-02-25,'600735,新华锦,14.18,15.78,14.11,15.51,15.68,-1.5,-9.5663,3.6465,13710508,203051781.0,5331570757.28,5331570757.28
2016-02-24,'600735,新华锦,15.68,16.4,15.11,16.4,16.39,-0.71,-4.3319,5.604,21070732,331367673.0,5895559201.28,5895559201.28
2016-02-23,'600735,新华锦,16.39,17.04,15.38,15.46,15.49,0.9,5.8102,5.7293,21541910,352387519.0,6162513731.44,6162513731.44
2016-02-22,'600735,新华锦,15.49,15.67,15.15,15.55,15.16,0.33,2.1768,2.4412,9178753,141369743.0,5824120665.04,5824120665.04
2016-02-19,'600735,新华锦,15.16,15.6,14.78,14.98,15.03,0.13,0.8649,2.3807,8951301,136239306.0,5700043207.36,5700043207.36
2016-02-18,'600735,新华锦,15.03,15.75,14.97,15.74,15.64,-0.61,-3.9003,3.4313,12901565,197596033.0,5651164208.88,5651164208.88
2016-02-17,'600735,新华锦,15.64,15.95,15.08,15.22,15.25,0.39,2.5574,3.2615,12262987,190513952.0,5880519509.44,5880519509.44
2016-02-16,'600735,新华锦,15.25,15.25,13.86,14.0,13.86,1.39,10.0289,2.9646,11146687,163212580.0,5733882514.0,5733882514.0
2016-02-15,'600735,新华锦,13.86,13.91,13.06,13.6,13.99,-0.13,-0.9292,1.7074,6419788,86570399.0,5211253222.56,5211253222.56
2016-02-05,'600735,新华锦,13.99,14.49,13.86,14.4,14.45,-0.46,-3.1834,1.8267,6868092,97419278.0,5260132221.04,5260132221.04
2016-02-04,'600735,新华锦,14.45,14.63,13.84,13.84,13.95,0.5,3.5842,2.6987,10146725,145383423.0,5433088677.2,5433088677.2
2016-02-03,'600735,新华锦,13.95,14.07,13.52,13.7,14.11,-0.16,-1.1339,2.2814,8577906,117728526.0,5245092529.2,5245092529.2
2016-02-02,'600735,新华锦,14.11,14.47,13.25,13.25,13.56,0.55,4.056,2.8949,10884651,152647541.0,5305251296.56,5305251296.56
2016-02-01,'600735,新华锦,13.56,14.09,12.8,13.7,13.94,-0.38,-2.726,3.3875,12736600,172437854.0,5098455533.76,5098455533.76
2016-01-29,'600735,新华锦,13.94,14.13,12.72,12.88,12.93,1.01,7.8113,4.0678,15294745,208210449.0,5241332606.24,5241332606.24
2016-01-28,'600735,新华锦,12.93,13.4,12.3,12.61,12.9,0.03,0.2326,3.7761,14197781,183508008.0,4861580387.28,4861580387.28
2016-01-27,'600735,新华锦,12.9,13.42,12.1,13.42,13.42,-0.52,-3.8748,3.8728,14561397,183329048.0,4850300618.4,4850300618.4
2016-01-26,'600735,新华锦,13.42,14.85,13.42,14.8,14.91,-1.49,-9.9933,3.2852,12352210,174549461.0,5045816612.32,5045816612.32
2016-01-25,'600735,新华锦,14.91,15.21,14.62,14.99,14.84,0.07,0.4717,2.1998,8271118,123540932.0,5606045133.36,5606045133.36
2016-01-22,'600735,新华锦,14.84,14.97,14.01,14.63,14.53,0.31,2.1335,3.4166,12846013,186795977.0,5579725672.64,5579725672.64
2016-01-21,'600735,新华锦,14.53,16.08,14.26,15.33,15.74,-1.21,-7.6874,3.1558,11865490,180818722.0,5463168060.88,5463168060.88
2016-01-20,'600735,新华锦,15.74,16.65,15.43,16.33,16.58,-0.84,-5.0663,4.2354,15924658,254708177.0,5918118739.04,5918118739.04
2016-01-19,'600735,新华锦,16.58,16.86,15.17,15.17,15.44,1.14,7.3834,4.5862,17243608,275102215.0,6233952267.68,6233952267.68
2016-01-18,'600735,新华锦,15.44,15.88,13.89,14.3,14.45,0.99,6.8512,3.716,13971781,211237682.0,5805321050.24,5805321050.24
2016-01-15,'600735,新华锦,14.45,15.49,14.2,15.05,15.08,-0.63,-4.1777,2.8612,10757999,161661845.0,5433088677.2,5433088677.2
2016-01-14,'600735,新华锦,15.08,15.18,13.71,13.92,14.43,0.65,4.5045,3.1492,11840936,172918492.0,5669963823.68,5669963823.68
2016-01-13,'600735,新华锦,14.43,15.3,14.34,15.0,14.98,-0.55,-3.6716,3.9156,14722256,220102676.0,5425568831.28,5425568831.28
2016-01-12,'600735,新华锦,14.98,16.05,14.8,15.71,16.33,-1.35,-8.267,4.6198,17370182,264597841.0,5632364594.08,5632364594.08
2016-01-11,'600735,新华锦,16.33,17.3,16.33,17.3,18.14,-1.81,-9.9779,2.8678,10782883,179620056.0,6139954193.68,6139954193.68
2016-01-08,'600735,新华锦,18.14,19.75,17.28,19.2,19.16,-1.02,-5.3236,5.1044,19192191,349225059.0,6820500249.44,6820500249.44
2016-01-07,'600735,新华锦,19.16,20.67,19.16,20.67,21.29,-2.13,-10.0047,0.653,2455181,48261604.0,7204012391.36,7204012391.36
2016-01-06,'600735,新华锦,21.29,21.5,19.75,20.85,20.83,0.46,2.2084,3.7861,14235574,296203860.0,8004875981.84,8004875981.84
2016-01-05,'600735,新华锦,20.83,22.0,19.83,20.71,22.03,-1.2,-5.4471,4.4439,16708697,343748319.0,7831919525.68,7831919525.68
2016-01-04,'600735,新华锦,22.03,24.0,21.88,23.99,24.02,-1.99,-8.2848,2.0096,7556003,175642429.0,8283110280.88,8283110280.88
2015-12-31,'600735,新华锦,24.02,24.22,23.02,23.56,23.52,0.5,2.1259,2.5578,9616981,226675011.0,9031334949.92,9031334949.92
2015-12-30,'600735,新华锦,23.52,23.98,23.08,23.08,23.47,0.05,0.213,1.8799,7068275,165821724.0,8843338801.92,8843338801.92
2015-12-29,'600735,新华锦,23.47,24.24,22.87,24.08,24.01,-0.54,-2.2491,3.0549,11486166,267140409.0,8824539187.12,8824539187.12
2015-12-28,'600735,新华锦,24.01,25.2,23.95,24.3,24.38,-0.37,-1.5176,3.2289,12140447,298345943.0,9027575026.96,9027575026.96
2015-12-25,'600735,新华锦,24.38,24.93,24.31,24.76,24.93,-0.55,-2.2062,1.9173,7209045,176562737.0,9166692176.48,9166692176.48
2015-12-24,'600735,新华锦,24.93,24.99,23.76,24.35,24.61,0.32,1.3003,3.5997,13534627,331001945.0,9373487939.28,9373487939.28
2015-12-23,'600735,新华锦,24.61,25.25,23.7,24.95,25.02,-0.41,-1.6387,4.9572,18638581,453708056.0,9253170404.56,9253170404.56
2015-12-22,'600735,新华锦,25.02,25.98,24.37,25.87,25.85,-0.83,-3.2108,4.1697,15677919,390123292.0,9407327245.92,9407327245.92
2015-12-21,'600735,新华锦,25.85,26.5,25.3,25.49,25.47,0.38,1.492,3.2412,12186744,314975501.0,9719400851.6,9719400851.6
2015-12-18,'600735,新华锦,25.47,26.59,24.95,26.05,26.25,-0.78,-2.9714,4.731,17788231,450747293.0,9576523779.12,9576523779.12
2015-12-17,'600735,新华锦,26.25,27.58,25.55,25.75,26.02,0.23,0.8839,5.1968,19539659,518581083.0,9869797770.0,9869797770.0
2015-12-16,'600735,新华锦,26.02,26.35,24.0,24.4,23.95,2.07,8.643,5.4647,20547036,524460014.0,9783319541.92,9783319541.92
2015-12-15,'600735,新华锦,23.95,25.1,23.14,23.47,23.12,0.83,3.59,3.9077,14692711,355082651.0,9005015489.2,9005015489.2
2015-12-14,'600735,新华锦,23.12,23.88,22.56,22.97,23.41,-0.29,-1.2388,3.1199,11730410,270527300.0,8692941883.52,8692941883.52
2015-12-11,'600735,新华锦,23.41,24.87,23.08,23.71,24.0,-0.59,-2.4583,4.5472,17097297,409980436.0,8801979649.36,8801979649.36
2015-12-10,'600735,新华锦,24.0,26.28,23.67,24.92,25.1,-1.1,-4.3825,7.8722,29598681,732770540.0,9023815104.0,9023815104.0
2015-12-09,'600735,新华锦,25.1,25.1,22.33,22.6,22.82,2.28,9.9912,7.9373,29843619,720434738.0,9437406629.6,9437406629.6
2015-12-08,'600735,新华锦,22.82,23.33,21.8,22.18,22.79,0.03,0.1316,5.7699,21694347,492289081.0,8580144194.72,8580144194.72
2015-12-07,'600735,新华锦,22.79,23.05,21.56,21.9,21.32,1.47,6.8949,8.1032,30467242,682313668.0,8568864425.84,8568864425.84
2015-12-04,'600735,新华锦,21.32,21.86,20.91,21.33,21.68,-0.36,-1.6605,4.8923,18394648,391897964.0,8016155750.72,8016155750.72
2015-12-03,'600735,新华锦,21.68,22.18,20.5,20.72,20.66,1.02,4.9371,7.1315,26813994,570689031.0,8151512977.28,8151512977.28
2015-12-02,'600735,新华锦,20.66,22.02,20.0,21.15,22.0,-1.34,-6.0909,8.3903,31546997,658875745.0,7768000835.36,7768000835.36
2015-12-01,'600735,新华锦,22.0,24.88,21.68,22.88,23.3,-1.3,-5.5794,13.2259,49728214,1152175129.0,8271830512.0,8271830512.0
2015-11-30,'600735,新华锦,23.3,24.0,20.55,21.89,21.85,1.45,6.6362,19.76,74296125,1660427029.0,8760620496.8,8760620496.8
2015-11-27,'600735,新华锦,21.85,21.85,19.72,20.0,19.86,1.99,10.0201,24.9576,93838654,2007565762.0,8215431667.6,8215431667.6
2015-11-26,'600735,新华锦,19.86,19.86,19.51,19.86,18.05,1.81,10.0277,8.4971,31948434,634209464.0,7467206998.56,7467206998.56
2015-11-25,'600735,新华锦,18.05,18.05,18.05,18.05,16.41,1.64,9.9939,2.9213,10984012,198261417.0,6786660942.8,6786660942.8
2015-11-24,'600735,新华锦,16.41,16.41,16.41,16.41,14.92,1.49,9.9866,0.4909,1845925,30291629.0,6170033577.36,6170033577.36
2015-11-23,'600735,新华锦,14.92,14.92,14.92,14.92,13.56,1.36,10.0295,0.1585,596013,8892514.0,5609805056.32,5609805056.32
2015-11-20,'600735,新华锦,13.56,13.56,13.56,13.56,12.33,1.23,9.9757,0.0556,174322,2363806.0,5098455533.76,4251008417.76
2015-11-19,'600735,新华锦,12.33,12.33,12.33,12.33,11.21,1.12,9.9911,0.1279,400995,4944268.0,4635985009.68,3865408096.68
2015-11-18,'600735,新华锦,0.0,0.0,0.0,0.0,11.21,None,None,0.0,0,0.0,4214873638.16,3514292357.16
2015-11-17,'600735,新华锦,0.0,0.0,0.0,0.0,11.21,None,None,0.0,0,0.0,4214873638.16,3514292357.16
2015-11-16,'600735,新华锦,0.0,0.0,0.0,0.0,11.21,None,None,0.0,0,0.0,4214873638.16,3514292357.16
2015-11-13,'600735,新华锦,0.0,0.0,0.0,0.0,11.21,None,None,0.0,0,0.0,4214873638.16,3514292357.16
2015-11-12,'600735,新华锦,0.0,0.0,0.0,0.0,11.21,None,None,0.0,0,0.0,4214873638.16,3514292357.16
2015-11-11,'600735,新华锦,0.0,0.0,0.0,0.0,11.21,None,None,0.0,0,0.0,4214873638.16,3514292357.16
2015-11-10,'600735,新华锦,0.0,0.0,0.0,0.0,11.21,None,None,0.0,0,0.0,4214873638.16,3514292357.16
2015-11-09,'600735,新华锦,0.0,0.0,0.0,0.0,11.21,None,None,0.0,0,0.0,4214873638.16,3514292357.16
2015-11-06,'600735,新华锦,0.0,0.0,0.0,0.0,11.21,None,None,0.0,0,0.0,4214873638.16,3514292357.16
2015-11-05,'600735,新华锦,0.0,0.0,0.0,0.0,11.21,None,None,0.0,0,0.0,4214873638.16,3514292357.16
2015-11-04,'600735,新华锦,0.0,0.0,0.0,0.0,11.21,None,None,0.0,0,0.0,4214873638.16,3514292357.16
2015-11-03,'600735,新华锦,0.0,0.0,0.0,0.0,11.21,None,None,0.0,0,0.0,4214873638.16,3514292357.16
2015-11-02,'600735,新华锦,0.0,0.0,0.0,0.0,11.21,None,None,0.0,0,0.0,4214873638.16,3514292357.16
2015-10-30,'600735,新华锦,0.0,0.0,0.0,0.0,11.21,None,None,0.0,0,0.0,4214873638.16,3514292357.16
2015-10-29,'600735,新华锦,0.0,0.0,0.0,0.0,11.21,None,None,0.0,0,0.0,4214873638.16,3514292357.16
2015-10-28,'600735,新华锦,0.0,0.0,0.0,0.0,11.21,None,None,0.0,0,0.0,4214873638.16,3514292357.16
2015-10-27,'600735,新华锦,0.0,0.0,0.0,0.0,11.21,None,None,0.0,0,0.0,4214873638.16,3514292357.16
2015-10-26,'600735,新华锦,0.0,0.0,0.0,0.0,11.21,None,None,0.0,0,0.0,4214873638.16,3514292357.16
2015-10-23,'600735,新华锦,0.0,0.0,0.0,0.0,11.21,None,None,0.0,0,0.0,4214873638.16,3514292357.16
2015-10-22,'600735,新华锦,0.0,0.0,0.0,0.0,11.21,None,None,0.0,0,0.0,4214873638.16,3514292357.16
2015-10-21,'600735,新华锦,0.0,0.0,0.0,0.0,11.21,None,None,0.0,0,0.0,4214873638.16,3514292357.16
2015-10-20,'600735,新华锦,0.0,0.0,0.0,0.0,11.21,None,None,0.0,0,0.0,4214873638.16,3514292357.16
2015-10-19,'600735,新华锦,0.0,0.0,0.0,0.0,11.21,None,None,0.0,0,0.0,4214873638.16,3514292357.16
2015-10-16,'600735,新华锦,0.0,0.0,0.0,0.0,11.21,None,None,0.0,0,0.0,4214873638.16,3514292357.16
2015-10-15,'600735,新华锦,0.0,0.0,0.0,0.0,11.21,None,None,0.0,0,0.0,4214873638.16,3514292357.16
2015-10-14,'600735,新华锦,0.0,0.0,0.0,0.0,11.21,None,None,0.0,0,0.0,4214873638.16,3514292357.16
2015-10-13,'600735,新华锦,0.0,0.0,0.0,0.0,11.21,None,None,0.0,0,0.0,4214873638.16,3514292357.16
2015-10-12,'600735,新华锦,0.0,0.0,0.0,0.0,11.21,None,None,0.0,0,0.0,4214873638.16,3514292357.16
2015-10-09,'600735,新华锦,0.0,0.0,0.0,0.0,11.21,None,None,0.0,0,0.0,4214873638.16,3514292357.16
2015-10-08,'600735,新华锦,0.0,0.0,0.0,0.0,11.21,None,None,0.0,0,0.0,4214873638.16,3514292357.16
2015-09-30,'600735,新华锦,0.0,0.0,0.0,0.0,11.21,None,None,0.0,0,0.0,4214873638.16,3514292357.16
2015-09-29,'600735,新华锦,0.0,0.0,0.0,0.0,11.21,None,None,0.0,0,0.0,4214873638.16,3514292357.16
2015-09-28,'600735,新华锦,0.0,0.0,0.0,0.0,11.21,None,None,0.0,0,0.0,4214873638.16,3514292357.16
2015-09-25,'600735,新华锦,0.0,0.0,0.0,0.0,11.21,None,None,0.0,0,0.0,4214873638.16,3514292357.16
2015-09-24,'600735,新华锦,0.0,0.0,0.0,0.0,11.21,None,None,0.0,0,0.0,4214873638.16,3514292357.16
2015-09-23,'600735,新华锦,0.0,0.0,0.0,0.0,11.21,None,None,0.0,0,0.0,4214873638.16,3514292357.16
2015-09-22,'600735,新华锦,0.0,0.0,0.0,0.0,11.21,None,None,0.0,0,0.0,4214873638.16,3514292357.16
2015-09-21,'600735,新华锦,0.0,0.0,0.0,0.0,11.21,None,None,0.0,0,0.0,4214873638.16,3514292357.16
2015-09-18,'600735,新华锦,0.0,0.0,0.0,0.0,11.21,None,None,0.0,0,0.0,4214873638.16,3514292357.16
2015-09-17,'600735,新华锦,0.0,0.0,0.0,0.0,11.21,None,None,0.0,0,0.0,4214873638.16,3514292357.16
2015-09-16,'600735,新华锦,0.0,0.0,0.0,0.0,11.21,None,None,0.0,0,0.0,4214873638.16,3514292357.16
2015-09-15,'600735,新华锦,0.0,0.0,0.0,0.0,11.21,None,None,0.0,0,0.0,4214873638.16,3514292357.16
2015-09-14,'600735,新华锦,0.0,0.0,0.0,0.0,11.21,None,None,0.0,0,0.0,4214873638.16,3514292357.16
2015-09-11,'600735,新华锦,0.0,0.0,0.0,0.0,11.21,None,None,0.0,0,0.0,4214873638.16,3514292357.16
2015-09-10,'600735,新华锦,0.0,0.0,0.0,0.0,11.21,None,None,0.0,0,0.0,4214873638.16,3514292357.16
2015-09-09,'600735,新华锦,0.0,0.0,0.0,0.0,11.21,None,None,0.0,0,0.0,4214873638.16,3514292357.16
2015-09-08,'600735,新华锦,0.0,0.0,0.0,0.0,11.21,None,None,0.0,0,0.0,4214873638.16,3514292357.16
2015-09-07,'600735,新华锦,0.0,0.0,0.0,0.0,11.21,None,None,0.0,0,0.0,4214873638.16,3514292357.16
2015-09-02,'600735,新华锦,0.0,0.0,0.0,0.0,11.21,None,None,0.0,0,0.0,4214873638.16,3514292357.16
2015-09-01,'600735,新华锦,11.21,12.24,11.21,12.06,12.45,-1.24,-9.9598,6.8356,21429201,244226857.0,4214873638.16,3514292357.16
2015-08-31,'600735,新华锦,12.45,13.65,11.84,12.57,12.69,-0.24,-1.8913,12.2381,38365927,488713856.0,4681104085.2,3903027640.2
2015-08-28,'600735,新华锦,12.69,12.69,11.13,11.7,11.54,1.15,9.9653,12.5003,39188044,463095474.0,4771342236.24,3978266727.24
2015-08-27,'600735,新华锦,11.54,12.49,11.18,12.3,12.42,-0.88,-7.0853,13.1703,41288528,475468501.0,4338951095.84,3617746101.84
2015-08-26,'600735,新华锦,12.42,13.8,12.42,12.42,13.8,-1.38,-10.0,15.3246,48042058,605625133.0,4669824316.32,3893622754.32
2015-08-25,'600735,新华锦,13.8,14.3,13.8,13.8,15.33,-1.53,-9.9804,4.4103,13826137,191261214.0,5188693684.8,4326247504.8
2015-08-24,'600735,新华锦,15.33,17.0,15.33,17.0,17.03,-1.7,-9.9824,8.5357,26759178,427257494.0,5763961897.68,4805896684.68
2015-08-21,'600735,新华锦,17.03,17.03,16.03,17.03,15.48,1.55,10.0129,11.0927,34775036,584482510.0,6403148800.88,5338840217.88
2015-08-20,'600735,新华锦,0.0,0.0,0.0,0.0,15.48,None,None,0.0,0,0.0,5820360742.08,4852921114.08
2015-08-19,'600735,新华锦,0.0,0.0,0.0,0.0,15.48,None,None,0.0,0,0.0,5820360742.08,4852921114.08
2015-08-18,'600735,新华锦,0.0,0.0,0.0,0.0,15.48,None,None,0.0,0,0.0,5820360742.08,4852921114.08
2015-08-17,'600735,新华锦,0.0,0.0,0.0,0.0,15.48,None,None,0.0,0,0.0,5820360742.08,4852921114.08
2015-08-14,'600735,新华锦,0.0,0.0,0.0,0.0,15.48,None,None,0.0,0,0.0,5820360742.08,4852921114.08
2015-08-13,'600735,新华锦,0.0,0.0,0.0,0.0,15.48,None,None,0.0,0,0.0,5820360742.08,4852921114.08
2015-08-12,'600735,新华锦,0.0,0.0,0.0,0.0,15.48,None,None,0.0,0,0.0,5820360742.08,4852921114.08
2015-08-11,'600735,新华锦,0.0,0.0,0.0,0.0,15.48,None,None,0.0,0,0.0,5820360742.08,4852921114.08
2015-08-10,'600735,新华锦,0.0,0.0,0.0,0.0,15.48,None,None,0.0,0,0.0,5820360742.08,4852921114.08
2015-08-07,'600735,新华锦,0.0,0.0,0.0,0.0,15.48,None,None,0.0,0,0.0,5820360742.08,4852921114.08
2015-08-06,'600735,新华锦,15.48,16.33,15.3,16.33,16.95,-1.47,-8.6726,9.0436,28351414,445154129.0,5820360742.08,4852921114.08
2015-08-05,'600735,新华锦,16.95,18.0,16.95,17.0,18.83,-1.88,-9.9841,10.1261,31744946,551587728.0,6373069417.2,5313760522.2
2015-08-04,'600735,新华锦,18.83,19.11,16.75,16.75,18.61,0.22,1.1822,12.9072,40463655,699241518.0,7079934933.68,5903133370.68
2015-08-03,'600735,新华锦,18.61,19.99,18.23,19.99,20.25,-1.64,-8.0988,6.0451,18951200,357420293.0,6997216628.56,5834164207.56
2015-07-31,'600735,新华锦,20.25,20.6,18.09,18.1,20.1,0.15,0.7463,9.2046,28855940,548597707.0,7613843994.0,6348297969.0
2015-07-30,'600735,新华锦,20.1,21.37,20.1,21.34,22.33,-2.23,-9.9866,8.5667,26856148,543898083.0,7557445149.6,6301273539.6
2015-07-29,'600735,新华锦,22.33,23.99,21.3,23.4,23.67,-1.34,-5.6612,6.6338,20796671,452829016.0,8395907969.68,7000370056.68
2015-07-28,'600735,新华锦,23.67,26.97,22.07,23.0,24.52,-0.85,-3.4666,5.9651,18700383,420931850.0,8899737646.32,7420454959.32
2015-07-27,'600735,新华锦,24.52,27.8,24.28,26.62,26.8,-2.28,-8.5075,4.8409,15175991,405453313.0,9219331097.92,7686926725.92
2015-07-24,'600735,新华锦,26.8,27.46,26.12,26.99,26.77,0.03,0.1121,3.0772,9646973,260105448.0,10076593532.8,8401698052.8
2015-07-23,'600735,新华锦,26.77,27.3,25.9,25.9,25.93,0.84,3.2395,4.2816,13422807,359580638.0,10065313763.9,8392293166.92
2015-07-22,'600735,新华锦,25.93,26.1,24.8,25.29,25.31,0.62,2.4496,3.0766,9644913,247049092.0,9749480235.28,8128956362.28
2015-07-21,'600735,新华锦,25.31,25.44,24.32,24.59,24.92,0.39,1.565,2.5126,7876831,197422059.0,9516365011.76,7934588720.76
2015-07-20,'600735,新华锦,24.92,25.4,24.0,24.55,24.52,0.4,1.6313,3.3879,10620873,263074696.0,9369728016.32,7812325204.32
2015-07-17,'600735,新华锦,24.52,24.69,22.88,23.88,23.36,1.16,4.9658,3.6882,11562422,278425083.0,9219331097.92,7686926725.92
2015-07-16,'600735,新华锦,23.36,23.6,21.3,21.98,22.9,0.46,2.0087,4.1458,12997076,296698074.0,8783180034.56,7323271138.56
2015-07-15,'600735,新华锦,22.9,23.0,20.41,22.25,22.68,0.22,0.97,5.5754,17478758,379256009.0,8610223578.4,7179062888.4
2015-07-14,'600735,新华锦,22.68,23.8,21.8,22.3,23.01,-0.33,-1.4342,8.6865,27231878,624523128.0,8527505273.28,7110093725.28
2015-07-13,'600735,新华锦,23.01,23.01,19.5,19.5,20.92,2.09,9.9904,13.8644,43464286,929756541.0,8651582730.96,7213547469.96
2015-07-10,'600735,新华锦,0.0,0.0,0.0,0.0,20.92,None,None,0.0,0,0.0,7865758832.32,6558340420.32
2015-07-09,'600735,新华锦,0.0,0.0,0.0,0.0,20.92,None,None,0.0,0,0.0,7865758832.32,6558340420.32
2015-07-08,'600735,新华锦,0.0,0.0,0.0,0.0,20.92,None,None,0.0,0,0.0,7865758832.32,6558340420.32
2015-07-07,'600735,新华锦,0.0,0.0,0.0,0.0,20.92,None,None,0.0,0,0.0,7865758832.32,6558340420.32
2015-07-06,'600735,新华锦,0.0,0.0,0.0,0.0,20.92,None,None,0.0,0,0.0,7865758832.32,6558340420.32
2015-07-03,'600735,新华锦,0.0,0.0,0.0,0.0,20.92,None,None,0.0,0,0.0,7865758832.32,6558340420.32
2015-07-02,'600735,新华锦,0.0,0.0,0.0,0.0,20.92,None,None,0.0,0,0.0,7865758832.32,6558340420.32
2015-07-01,'600735,新华锦,0.0,0.0,0.0,0.0,20.92,None,None,0.0,0,0.0,7865758832.32,6558340420.32
2015-06-30,'600735,新华锦,0.0,0.0,0.0,0.0,20.92,None,None,0.0,0,0.0,7865758832.32,6558340420.32
2015-06-29,'600735,新华锦,20.92,24.75,20.92,24.5,23.24,-2.32,-9.9828,2.855,8950182,191018730.0,7865758832.32,6558340420.32
2015-06-26,'600735,新华锦,23.24,24.98,22.85,24.98,25.39,-2.15,-8.4679,2.805,8793435,204688803.0,8738060959.04,7285651595.04
2015-06-25,'600735,新华锦,25.39,26.99,24.37,25.28,25.29,0.1,0.3954,2.2083,6922928,175566866.0,9546444395.44,7959668416.44
2015-06-24,'600735,新华锦,25.29,27.01,25.0,25.16,25.19,0.1,0.397,1.9835,6218306,161258818.0,9508845165.84,7928318796.84
2015-06-23,'600735,新华锦,25.19,25.5,23.02,24.76,25.45,-0.26,-1.0216,1.8969,5946814,147403399.0,9471245936.24,7896969177.24
2015-06-19,'600735,新华锦,25.45,26.43,24.91,26.2,26.44,-0.99,-3.7443,1.9879,6231888,160266374.0,9569003933.2,7978478188.2
2015-06-18,'600735,新华锦,26.44,26.83,24.15,26.83,26.83,-0.39,-1.4536,1.5953,5001340,129700939.0,9942748753.56,8288839422.24
2015-06-17,'600735,新华锦,26.83,27.0,25.28,26.75,27.0,-0.17,-0.6296,1.4497,4544774,119290205.0,10089408058.2,8411102938.68
2015-06-16,'600735,新华锦,27.0,28.2,26.19,27.85,28.38,-1.38,-4.8626,2.2715,7121131,196375560.0,10153336473.0,8464397292.0
2015-06-15,'600735,新华锦,28.38,28.8,26.3,27.2,27.01,1.37,5.0722,3.8595,12099372,328880875.0,10672284781.6,8897022042.48
2015-06-12,'600735,新华锦,27.01,27.5,26.11,27.4,27.0,0.01,0.037,3.6009,11288801,303651241.0,10157096968.0,8467532253.96
2015-06-11,'600735,新华锦,27.0,27.0,25.52,25.8,25.66,1.34,5.2221,4.1402,12979510,341986965.0,10153336473.0,8464397292.0
2015-06-10,'600735,新华锦,25.66,25.8,24.6,25.11,25.07,0.59,2.3534,2.848,8928407,226807000.0,9649430144.34,8044312389.36
2015-06-09,'600735,新华锦,25.07,25.31,24.5,25.0,25.03,0.04,0.1598,1.604,5028473,125114760.0,9427560939.93,7859349633.72
2015-06-08,'600735,新华锦,25.03,25.51,24.81,25.02,25.44,-0.41,-1.6116,1.828,5730851,143868017.0,9412518959.97,7846809785.88
2015-06-05,'600735,新华锦,25.44,25.8,24.7,25.45,25.32,0.12,0.4739,2.9587,9275506,234299190.0,9566699254.56,7975343226.24
2015-06-04,'600735,新华锦,25.32,26.08,23.49,26.08,25.49,-0.17,-0.6669,2.6091,8179418,203939195.0,9521573314.68,7937723682.72
2015-06-03,'600735,新华锦,25.49,25.9,24.9,25.49,25.49,0.0,0.0,3.1969,10022264,253517173.0,9585501729.51,7991018036.04
2015-06-02,'600735,新华锦,25.49,25.8,24.81,25.65,25.24,0.25,0.9905,2.6732,8380468,212379760.0,9585501729.51,7991018036.04
2015-06-01,'600735,新华锦,25.24,25.88,24.13,24.5,24.09,1.15,4.7738,2.607,8172988,203104511.0,9491489354.76,7912643987.04
2015-05-29,'600735,新华锦,24.09,24.2,21.67,23.79,24.08,0.01,0.0415,2.7308,8560982,199802468.0,9059032430.91,7552123361.64
2015-05-28,'600735,新华锦,24.08,25.3,23.38,24.84,24.85,-0.77,-3.0986,4.1622,13048295,322218089.0,9055271935.92,7548988399.68
2015-05-27,'600735,新华锦,24.85,25.25,24.8,25.1,25.26,-0.41,-1.6231,2.8498,8934109,222884053.0,9344830050.15,7790380470.6
2015-05-26,'600735,新华锦,25.26,25.5,24.4,24.8,24.82,0.44,1.7728,4.6393,14544042,362498157.0,9499010344.74,7918913910.96
2015-05-25,'600735,新华锦,24.82,25.15,24.08,24.8,24.79,0.03,0.121,7.2747,22805968,565876750.0,9333548565.18,7780975584.72
2015-05-22,'600735,新华锦,24.79,25.0,22.5,22.82,22.8,1.99,8.7281,4.1702,13073505,305943044.0,9322267080.21,7771570698.84
2015-05-21,'600735,新华锦,22.8,22.87,22.3,22.3,22.46,0.34,1.5138,2.3918,7498299,168408386.0,8573928577.2,7147713268.8
2015-05-20,'600735,新华锦,22.46,22.71,22.3,22.3,22.12,0.34,1.5371,2.9366,9206144,206414512.0,8446071747.54,7041124562.16
2015-05-19,'600735,新华锦,22.12,22.3,20.29,20.3,20.86,1.26,6.0403,5.1101,16019815,338217720.0,8318214917.88,6934535855.52
2015-05-18,'600735,新华锦,20.86,22.19,20.18,21.71,21.7,-0.84,-3.871,5.1861,16258191,341824905.0,7844392549.14,6539530648.56
