2016-02-05,'600773,西藏城投,12.2,12.72,12.16,12.68,12.72,-0.52,-4.0881,2.3679,16413362,203572108.0,8896406688.6,8456401342.2
2016-02-04,'600773,西藏城投,12.72,12.85,12.41,12.45,12.52,0.2,1.5974,2.8379,19671046,248422684.0,9275597793.36,8816838120.72
2016-02-03,'600773,西藏城投,12.52,12.63,11.9,12.01,12.21,0.31,2.5389,2.4769,17168512,210408862.0,9129755060.76,8678208590.52
2016-02-02,'600773,西藏城投,12.21,12.39,11.65,11.68,11.7,0.51,4.359,2.4783,17178334,208340979.0,8903698825.23,8463332818.71
2016-02-01,'600773,西藏城投,11.7,12.13,11.3,12.0,12.01,-0.31,-2.5812,2.4544,17012839,200473280.0,8531799857.1,8109827516.7
2016-01-29,'600773,西藏城投,12.01,12.25,11.21,11.3,11.3,0.71,6.2832,2.8004,19410671,229983499.0,8757856092.63,8324703288.51
2016-01-28,'600773,西藏城投,11.3,11.97,11.01,11.59,11.77,-0.47,-3.9932,2.3065,15987570,184990599.0,8240114391.9,7832568456.3
2016-01-27,'600773,西藏城投,11.77,12.4,11.03,12.28,12.25,-0.48,-3.9184,3.4456,23883378,277364877.0,8582844813.51,8158347852.27
2016-01-26,'600773,西藏城投,12.25,13.49,12.25,13.35,13.61,-1.36,-9.9927,3.2406,22462113,287448637.0,8932867371.75,8491058724.75
2016-01-25,'600773,西藏城投,13.61,13.88,13.3,13.87,13.67,-0.06,-0.4389,2.6257,18200256,247971183.0,9924597953.43,9433739530.11
2016-01-22,'600773,西藏城投,13.67,13.89,13.02,13.47,13.33,0.34,2.5506,3.0005,20798226,279630743.0,9968350773.21,9475328389.17
2016-01-21,'600773,西藏城投,13.33,14.73,13.29,14.39,14.77,-1.44,-9.7495,4.4048,30531774,430544883.0,9720418127.79,9239658187.83
2016-01-20,'600773,西藏城投,14.77,14.98,14.14,14.48,14.64,0.13,0.888,4.5283,31387753,457356739.0,10770485802.5,10237790805.3
2016-01-19,'600773,西藏城投,14.64,14.82,13.98,14.15,14.13,0.51,3.6093,4.1354,28664461,413701407.0,10675688026.3,10147681610.6
2016-01-18,'600773,西藏城投,14.13,14.63,13.14,13.2,13.72,0.41,2.9883,3.4431,23865996,333951549.0,10303789058.2,9794176308.63
2016-01-15,'600773,西藏城投,13.72,14.38,13.55,14.01,14.25,-0.53,-3.7193,4.0161,27837756,388350162.0,10004811456.4,9509985771.72
2016-01-14,'600773,西藏城投,14.25,14.4,12.51,12.68,13.12,1.13,8.6128,4.6193,32018443,438329759.0,10391294697.8,9877354026.75
2016-01-13,'600773,西藏城投,13.12,14.15,13.0,14.0,13.81,-0.69,-4.9964,3.3697,23357169,319166901.0,9567283258.56,9094097181.12
2016-01-12,'600773,西藏城投,13.81,14.0,13.2,13.29,13.15,0.66,5.019,3.4102,23638014,322703732.0,10070440686.0,9572369060.31
2016-01-11,'600773,西藏城投,13.15,14.1,12.9,13.49,13.94,-0.79,-5.6671,3.2257,22359003,302633990.0,9589159668.45,9114891610.65
2016-01-08,'600773,西藏城投,13.94,14.4,12.68,14.1,13.91,0.03,0.2157,3.6459,25271767,348463471.0,10165238462.2,9662478254.94
2016-01-07,'600773,西藏城投,13.91,15.08,13.91,15.08,15.45,-1.54,-9.9676,0.7989,5537857,79746825.0,10143362052.3,9641683825.41
2016-01-06,'600773,西藏城投,15.45,15.59,14.91,15.2,15.07,0.38,2.5216,3.45,23913689,365449043.0,11266351093.4,10709131208.0
2016-01-05,'600773,西藏城投,15.07,16.08,14.74,15.08,16.38,-1.31,-7.9976,5.6107,38890571,587497507.0,10989249901.4,10445735100.6
2016-01-04,'600773,西藏城投,16.38,18.3,16.38,18.2,18.2,-1.82,-10.0,2.4944,17289980,292637000.0,11944519799.9,11353758523.4
2015-12-31,'600773,西藏城投,18.2,18.82,18.15,18.45,18.48,-0.28,-1.5152,2.1088,14617283,270193928.0,13271688666.6,12615287248.2
2015-12-30,'600773,西藏城投,18.48,18.82,18.35,18.8,18.7,-0.22,-1.1765,2.3972,16616329,307498849.0,13475868492.2,12809368590.5
2015-12-29,'600773,西藏城投,18.7,18.81,18.1,18.69,18.56,0.14,0.7543,2.8076,19460500,359737808.0,13636295498.1,12961861073.7
2015-12-28,'600773,西藏城投,18.56,19.78,18.46,19.51,19.61,-1.05,-5.3544,3.5868,24861679,475942158.0,13534205585.3,12864820402.6
2015-12-25,'600773,西藏城投,19.61,19.95,19.4,19.69,19.71,-0.1,-0.5074,2.3916,16577480,326333879.0,14299879931.4,13592625436.1
2015-12-24,'600773,西藏城投,19.71,20.2,19.45,19.6,19.5,0.21,1.0769,3.0926,21436374,424060330.0,14372801297.7,13661940201.2
2015-12-23,'600773,西藏城投,19.5,20.28,19.38,20.27,20.22,-0.72,-3.5608,4.6385,32151388,635442038.0,14219666428.5,13516379194.5
2015-12-22,'600773,西藏城投,20.22,20.44,19.91,20.36,20.2,0.02,0.099,2.6803,18578174,375005161.0,14744700265.9,14015445503.2
2015-12-21,'600773,西藏城投,20.2,20.66,19.88,20.66,20.71,-0.51,-2.4626,3.7856,26239782,529594071.0,14730115992.6,14001582550.2
2015-12-18,'600773,西藏城投,20.71,21.2,20.15,20.24,20.24,0.47,2.3221,6.5278,45247129,935161132.0,15102014960.7,14355087852.2
2015-12-17,'600773,西藏城投,20.24,20.59,19.92,20.05,19.93,0.31,1.5554,4.4353,30743327,620337563.0,14759284539.1,14029308456.2
2015-12-16,'600773,西藏城投,19.93,20.3,19.7,19.98,20.18,-0.25,-1.2389,2.981,20663031,412433191.0,14533228303.6,13814432684.4
2015-12-15,'600773,西藏城投,20.18,20.69,19.65,19.84,19.83,0.35,1.765,3.4267,23752127,479815428.0,14715531719.3,13987719597.2
2015-12-14,'600773,西藏城投,19.83,19.88,18.73,19.0,19.35,0.48,2.4806,3.0587,21201329,411919394.0,14460306937.3,13745117919.3
2015-12-11,'600773,西藏城投,19.35,20.0,19.15,20.0,20.4,-1.05,-5.1471,4.8751,33791627,659207141.0,14110284379.0,13412407046.9
2015-12-10,'600773,西藏城投,20.4,21.48,20.22,21.4,21.25,-0.85,-4.0,8.0617,55879564,1163322537.0,14875958725.2,14140212080.4
2015-12-09,'600773,西藏城投,21.25,21.25,19.05,19.2,19.32,1.93,9.9896,12.8584,89127374,1848924812.0,15495790338.8,14729387583.8
2015-12-08,'600773,西藏城投,19.32,20.28,19.15,20.25,20.48,-1.16,-5.6641,5.3965,37405494,729340727.0,14088407969.2,13391612617.3
2015-12-07,'600773,西藏城投,20.48,21.12,20.0,20.26,20.22,0.26,1.2859,4.3523,30167794,619303537.0,14934295818.2,14195663892.5
2015-12-04,'600773,西藏城投,20.22,21.3,19.8,20.01,20.19,0.03,0.1486,5.2277,36235470,743556324.0,14744700265.9,14015445503.2
2015-12-03,'600773,西藏城投,20.19,20.36,19.6,19.81,19.69,0.5,2.5394,4.7566,32970464,659412598.0,14722823856.0,13994651073.7
2015-12-02,'600773,西藏城投,19.69,20.5,18.91,19.53,19.45,0.24,1.2339,5.6325,39041731,774362802.0,14358217024.5,13648077248.2
2015-12-01,'600773,西藏城投,19.45,20.64,19.1,20.52,20.72,-1.27,-6.1293,5.8823,40772900,812435810.0,14183205745.4,13481721812.0
2015-11-30,'600773,西藏城投,20.72,21.1,18.8,20.8,20.88,-0.16,-0.7663,6.8094,47199042,952713756.0,15109307097.4,14362019328.7
2015-11-27,'600773,西藏城投,20.88,22.77,20.88,22.68,23.2,-2.32,-10.0,7.7192,53505340,1161693485.0,15225981283.4,14472922952.9
2015-11-26,'600773,西藏城投,23.2,24.76,22.96,23.86,23.69,-0.49,-2.0684,7.78,53927211,1283093472.0,16917756981.6,16081025503.2
2015-11-25,'600773,西藏城投,23.69,23.94,23.05,23.5,23.97,-0.28,-1.1681,5.3646,37184512,876724264.0,17275071676.5,16420667852.2
2015-11-24,'600773,西藏城投,23.97,24.34,23.08,23.57,23.3,0.67,2.8755,8.1258,56323797,1337279600.0,17479251502.1,16614749194.5
2015-11-23,'600773,西藏城投,23.3,25.2,22.45,24.1,23.84,-0.54,-2.2651,12.808,88778407,2125826163.0,16990678347.9,16150340268.3
2015-11-20,'600773,西藏城投,23.84,23.84,21.6,21.6,21.67,2.17,10.0138,13.4141,92979752,2172587308.0,17384453725.9,16524639999.8
2015-11-19,'600773,西藏城投,21.67,21.98,19.82,20.4,20.23,1.44,7.1181,8.3968,58202180,1217199643.0,15802060077.2,15020509597.2
2015-11-18,'600773,西藏城投,20.23,21.8,19.8,21.3,21.55,-1.32,-6.1253,9.1746,63593580,1329958079.0,14751992402.5,14022376979.7
2015-11-17,'600773,西藏城投,21.55,24.1,21.29,23.75,23.33,-1.78,-7.6297,16.8167,116564562,2592152525.0,15714554437.6,14937331879.0
2015-11-16,'600773,西藏城投,23.33,24.15,22.6,23.01,23.61,-0.28,-1.1859,8.2693,44624288,1034263796.0,17012554757.8,12589777543.4
2015-11-13,'600773,西藏城投,23.61,24.11,21.2,21.5,21.92,1.69,7.7099,11.6269,62743393,1450868140.0,17216734583.4,12740876459.5
2015-11-12,'600773,西藏城投,21.92,22.76,20.6,20.6,21.06,0.86,4.0836,10.7745,58143662,1259708198.0,15984363493.0,11828886573.1
2015-11-11,'600773,西藏城投,21.06,22.51,20.54,21.5,20.65,0.41,1.9855,12.1338,65478570,1404788962.0,15357239742.8,11364797045.2
2015-11-10,'600773,西藏城投,20.65,20.65,18.5,18.5,18.77,1.88,10.016,10.8513,58557661,1175030249.0,15058262141.0,11143545060.9
2015-11-09,'600773,西藏城投,18.77,19.31,17.76,18.0,18.35,0.42,2.2888,7.5133,40544745,755074173.0,13687340454.5,10129023767.2
2015-11-06,'600773,西藏城投,18.35,18.76,17.89,18.1,18.23,0.12,0.6583,7.1571,38622539,706662781.0,13381070716.0,9902375393.1
2015-11-05,'600773,西藏城投,18.23,19.7,18.06,18.34,18.5,-0.27,-1.4595,11.1602,60224527,1129633390.0,13293565076.5,9837618714.78
2015-11-04,'600773,西藏城投,18.5,18.93,16.81,17.09,17.21,1.29,7.4956,12.8504,69345793,1265941445.0,13490452765.5,9983321241.0
2015-11-03,'600773,西藏城投,17.21,17.5,16.2,16.32,16.31,0.9,5.5181,6.2105,33514416,568493107.0,12549767140.2,9287186949.06
2015-11-02,'600773,西藏城投,16.31,17.38,16.1,16.7,17.31,-1.0,-5.777,5.057,27289765,457105126.0,11893474843.5,8801511861.66
2015-10-30,'600773,西藏城投,17.31,18.0,16.59,16.8,16.71,0.6,3.5907,7.6772,41429411,721461325.0,12622688506.5,9341150847.66
2015-10-29,'600773,西藏城投,16.71,17.2,16.28,16.58,16.56,0.15,0.9058,4.7469,25615886,429963211.0,12185160308.7,9017367456.06
2015-10-28,'600773,西藏城投,16.56,17.35,16.4,16.84,16.81,-0.25,-1.4872,4.7147,25442143,430431096.0,12075778259.3,8936421608.16
2015-10-27,'600773,西藏城投,16.81,17.11,15.8,16.79,17.2,-0.39,-2.2674,4.8501,26173124,433041809.0,12258081675.0,9071331354.66
2015-10-26,'600773,西藏城投,17.2,17.85,16.52,17.27,17.16,0.04,0.2331,7.1219,38432509,661698917.0,12542475003.6,9281790559.2
2015-10-23,'600773,西藏城投,17.16,17.75,16.41,17.03,16.99,0.17,1.0006,8.0903,43658655,747325946.0,12513306457.1,9260204999.76
2015-10-22,'600773,西藏城投,16.99,17.02,15.65,15.65,15.66,1.33,8.493,7.8896,42575507,697808885.0,12389340134.4,9168466372.14
2015-10-21,'600773,西藏城投,15.66,18.1,15.66,17.8,17.4,-1.74,-10.0,9.1201,49215356,833174621.0,11419485962.6,8450746520.76
2015-10-20,'600773,西藏城投,17.4,17.58,16.75,17.58,17.77,-0.37,-2.0822,8.8233,47614010,819773521.0,12688317736.2,9389718356.4
2015-10-19,'600773,西藏城投,17.77,17.77,16.7,16.9,16.15,1.62,10.031,14.1157,76174090,1322875543.0,12958126791.5,9589384781.22
2015-10-16,'600773,西藏城投,16.15,16.15,14.8,14.96,14.68,1.47,10.0136,9.5804,51699561,807684947.0,11776800657.5,8715169623.9
2015-10-15,'600773,西藏城投,14.68,14.86,14.18,14.22,14.27,0.41,2.8732,4.7639,25707594,375017423.0,10704856572.8,7921900314.48
2015-10-14,'600773,西藏城投,14.27,14.92,14.21,14.87,15.04,-0.77,-5.1197,5.7106,30816359,449280498.0,10405878971.0,7700648330.22
2015-10-13,'600773,西藏城投,15.04,15.46,14.06,14.25,14.49,0.55,3.7957,7.5439,40709706,592688719.0,10967373491.5,8116170349.44
2015-10-12,'600773,西藏城投,14.49,14.86,13.79,13.88,14.17,0.32,2.2583,10.5988,57195411,817467983.0,10566305976.9,7819368907.14
2015-10-09,'600773,西藏城投,14.17,14.37,13.08,13.2,13.14,1.03,7.8387,6.1507,33191778,456940766.0,10332957604.7,7646684431.62
2015-10-08,'600773,西藏城投,13.14,13.3,12.85,13.06,12.64,0.5,3.9557,3.2315,17438503,228912989.0,9581867531.82,7090856276.04
2015-09-30,'600773,西藏城投,12.64,13.0,12.5,12.85,12.88,-0.24,-1.8634,2.4873,13422406,171232348.0,9217260700.32,6821036783.04
2015-09-29,'600773,西藏城投,12.88,13.59,12.42,12.66,12.99,-0.11,-0.8468,4.1954,22640161,294157099.0,9392271979.44,6950550139.68
2015-09-28,'600773,西藏城投,12.99,13.08,12.12,12.77,12.69,0.3,2.3641,2.7703,14949783,190445164.0,9472485482.37,7009910428.14
2015-09-25,'600773,西藏城投,12.69,14.07,12.55,13.84,13.94,-1.25,-8.967,4.6099,24876617,328692852.0,9253721383.47,6848018732.34
2015-09-24,'600773,西藏城投,13.94,14.29,13.5,14.16,14.07,-0.13,-0.924,4.7117,25426063,353161390.0,10165238462.2,7522567464.84
2015-09-23,'600773,西藏城投,14.07,14.87,13.8,13.8,14.31,-0.24,-1.6771,5.9761,32249096,461805819.0,10260036238.4,7592720533.02
2015-09-22,'600773,西藏城投,14.31,14.98,14.11,14.29,14.29,0.02,0.14,6.5901,35562907,514821667.0,10435047517.5,7722233889.66
2015-09-21,'600773,西藏城投,14.29,14.58,13.23,13.35,14.03,0.26,1.8532,6.2912,33949700,475775771.0,10420463244.3,7711441109.94
2015-09-18,'600773,西藏城投,14.03,14.79,13.52,14.4,14.22,-0.19,-1.3361,8.3427,45020330,635012334.0,10230867691.9,7571134973.58
2015-09-17,'600773,西藏城投,14.22,15.25,13.25,13.5,13.86,0.36,2.5974,11.0562,59663772,870445836.0,10369418287.9,7673666380.92
2015-09-16,'600773,西藏城投,13.86,14.0,12.05,12.29,12.73,1.13,8.8767,7.276,39264348,512472082.0,10106901369.2,7479396345.96
2015-09-15,'600773,西藏城投,12.73,13.45,12.73,12.73,14.14,-1.41,-9.9717,5.2247,28194644,362912091.0,9282889929.99,6869604291.78
2015-09-14,'600773,西藏城投,14.14,15.51,13.25,14.69,14.11,0.03,0.2126,10.861,58609942,857866782.0,10311081194.8,7630495262.04
2015-09-11,'600773,西藏城投,14.11,14.6,13.4,14.3,13.71,0.4,2.9176,7.8024,42104620,590346994.0,10289204784.9,7614306092.46
2015-09-10,'600773,西藏城投,13.71,14.44,13.5,14.0,14.59,-0.88,-6.0315,9.282,50089376,701394761.0,9997519319.73,7398450498.06
2015-09-09,'600773,西藏城投,14.59,14.59,13.72,14.59,13.26,1.33,10.0302,11.4752,61924792,896710387.0,10639227343.2,7873332805.74
2015-09-08,'600773,西藏城投,13.26,13.3,11.63,12.8,12.64,0.62,4.9051,6.3465,34248384,433448543.0,9669373171.38,7155612954.36
2015-09-07,'600773,西藏城投,12.64,12.95,11.5,12.39,11.87,0.77,6.4869,6.9813,37673882,463547398.0,9217260700.32,6821036783.04
2015-09-02,'600773,西藏城投,11.87,13.49,11.87,11.87,13.19,-1.32,-10.0076,3.9522,21327684,259683091.0,8655766179.81,6405514763.82
2015-09-01,'600773,西藏城投,13.19,13.69,13.19,13.66,14.65,-1.46,-9.9659,2.5017,13500206,178760889.0,9618328214.97,7117838225.34
2015-08-31,'600773,西藏城投,14.65,16.0,14.65,16.0,16.28,-1.63,-10.0123,5.5189,29782362,455901009.0,10682980163.0,7905711144.9
2015-08-28,'600773,西藏城投,16.28,16.28,14.19,15.02,14.8,1.48,10.0,7.1638,38658847,595478046.0,11871598433.6,8785322692.08
2015-08-27,'600773,西藏城投,14.8,16.49,14.44,15.9,16.04,-1.24,-7.7307,7.0619,38108714,567609832.0,10792362212.4,7986656992.8
2015-08-26,'600773,西藏城投,16.04,18.13,16.04,17.8,17.82,-1.78,-9.9888,7.7791,41979128,699572751.0,11696587154.5,8655809335.44
2015-08-25,'600773,西藏城投,17.82,18.37,17.82,17.82,19.8,-1.98,-10.0,2.0824,11237708,200557977.0,12994587474.7,9616366730.52
2015-08-24,'600773,西藏城投,19.8,21.12,19.8,20.51,22.0,-2.2,-10.0,4.1046,22149995,448116501.0,14438430527.4,10684851922.8
2015-08-21,'600773,西藏城投,22.0,23.87,20.43,21.8,22.7,-0.7,-3.0837,7.2503,39125533,861724247.0,16042700586.0,11872057692.0
2015-08-20,'600773,西藏城投,22.7,24.0,21.79,22.45,22.35,0.35,1.566,8.8105,47544913,1095092740.0,16553150150.1,12249804982.2
2015-08-19,'600773,西藏城投,22.35,22.35,18.55,18.72,20.32,2.03,9.9902,7.793,42053821,878584344.0,16297925368.0,12060931337.1
2015-08-18,'600773,西藏城投,20.32,23.51,20.32,22.1,22.58,-2.26,-10.0089,7.0049,37801110,837792081.0,14817621632.2,10965464195.5
2015-08-17,'600773,西藏城投,22.58,23.3,21.37,22.8,22.4,0.18,0.8036,8.2114,44312184,992425631.0,16465644510.5,12185048303.9
2015-08-14,'600773,西藏城投,22.4,22.4,20.12,20.51,20.36,2.04,10.0196,8.9573,48337285,1033358536.0,16334386051.2,12087913286.4
2015-08-13,'600773,西藏城投,20.36,20.58,19.65,19.67,19.91,0.45,2.2602,5.2363,28257312,568432483.0,14846790178.7,10987049755.0
2015-08-12,'600773,西藏城投,19.91,21.06,19.8,20.2,20.88,-0.97,-4.6456,5.2111,28121262,569003602.0,14518644030.3,10744212211.3
2015-08-11,'600773,西藏城投,20.88,22.44,20.41,21.35,21.88,-1.0,-4.5704,7.7165,41641363,892394355.0,15225981283.4,11267662027.7
2015-08-10,'600773,西藏城投,21.88,22.79,20.72,21.12,21.26,0.62,2.9163,7.7057,41582815,907220068.0,15955194946.4,11807301013.7
2015-08-07,'600773,西藏城投,21.26,21.83,20.0,21.5,21.57,-0.31,-1.4372,8.6166,46498611,977607893.0,15503082475.4,11472724842.4
2015-08-06,'600773,西藏城投,21.57,21.57,19.01,19.55,19.61,1.96,9.9949,9.1647,49456090,1020859715.0,15729138710.9,11640012928.0
2015-08-05,'600773,西藏城投,19.61,19.61,17.5,17.99,17.83,1.78,9.9832,7.2249,38988131,728632356.0,14299879931.4,10582320515.5
2015-08-04,'600773,西藏城投,17.83,17.83,15.38,15.38,16.21,1.62,9.9938,6.0393,32590668,554932117.0,13001879611.3,9621763120.38
2015-08-03,'600773,西藏城投,16.21,18.1,16.16,17.11,17.11,-0.9,-5.2601,8.4503,45601275,783656869.0,11820553477.2,8747547963.06
2015-07-31,'600773,西藏城投,17.11,17.11,15.8,16.03,15.55,1.56,10.0322,7.002,37785773,634289430.0,12476845773.9,9233223050.46
2015-07-30,'600773,西藏城投,15.55,16.15,14.35,14.5,14.68,0.87,5.9264,6.3834,34447393,537834002.0,11339272459.6,8391386232.3
2015-07-29,'600773,西藏城投,14.68,14.82,13.01,14.25,13.77,0.91,6.6086,3.3463,18057954,250190383.0,10704856572.8,7921900314.48
2015-07-28,'600773,西藏城投,13.77,15.75,13.39,13.39,14.88,-1.11,-7.4597,3.7477,20223963,277786496.0,10041272139.5,7430828837.22
2015-07-27,'600773,西藏城投,14.88,16.72,14.88,16.01,16.53,-1.65,-9.9819,3.733,20144657,317748961.0,10850699305.4,8029828111.68
2015-07-24,'600773,西藏城投,16.53,17.4,15.68,16.0,16.01,0.52,3.248,5.8849,31757210,525525566.0,12053901849.4,8920232438.58
2015-07-23,'600773,西藏城投,16.01,16.01,14.3,14.31,14.55,1.46,10.0344,5.3742,29001171,449861801.0,11674710744.6,8639620165.86
2015-07-22,'600773,西藏城投,14.55,14.75,13.77,13.91,14.3,0.25,1.7483,3.5772,19304064,275865958.0,10610058796.6,7851747246.3
2015-07-21,'600773,西藏城投,14.3,14.8,13.36,13.56,14.04,0.26,1.8519,3.1047,16754422,238061242.0,10427755380.9,7716837499.8
2015-07-20,'600773,西藏城投,14.04,14.4,13.33,13.55,13.68,0.36,2.6316,3.7236,20093822,278593624.0,10238159828.5,7576531363.44
2015-07-17,'600773,西藏城投,13.68,13.89,12.83,13.05,12.79,0.89,6.9586,2.2408,12092438,163508776.0,9975642909.84,7382261328.48
2015-07-16,'600773,西藏城投,12.79,13.21,11.2,12.42,12.42,0.37,2.9791,2.4768,13365557,166226597.0,9326642749.77,6901982630.94
2015-07-15,'600773,西藏城投,12.42,13.77,12.42,13.22,13.8,-1.38,-10.0,2.1733,11727758,150627495.0,9056833694.46,6702316206.12
2015-07-14,'600773,西藏城投,13.8,14.4,13.25,13.64,13.21,0.59,4.4663,4.0228,21708552,299950405.0,10063148549.4,7447018006.8
2015-07-13,'600773,西藏城投,13.21,13.21,12.66,13.2,12.01,1.2,9.9917,2.739,14780539,194254054.0,9632912488.23,7128631005.06
2015-07-10,'600773,西藏城投,12.01,12.01,11.12,11.48,10.92,1.09,9.9817,0.9675,5220782,61590653.0,8757856092.63,6481064221.86
2015-07-09,'600773,西藏城投,10.92,10.92,9.71,9.71,9.93,0.99,9.9698,2.6385,14238140,151160037.0,7963013199.96,5892857727.12
2015-07-08,'600773,西藏城投,9.93,10.28,9.68,9.68,10.75,-0.82,-7.6279,9.4809,51162383,503444897.0,7241091673.59,5358615130.98
2015-07-07,'600773,西藏城投,10.75,11.5,10.75,11.3,11.94,-1.19,-9.9665,2.6939,14537272,158782338.0,7839046877.25,5801119099.5
2015-07-06,'600773,西藏城投,11.94,14.1,11.56,14.1,12.84,-0.9,-7.0093,4.5281,24435218,299223122.0,8706811136.22,6443289492.84
2015-07-03,'600773,西藏城投,12.84,14.31,12.84,13.69,14.27,-1.43,-10.021,2.5153,13573411,177828067.0,9363103432.92,6928964580.24
2015-07-02,'600773,西藏城投,14.27,16.15,14.27,15.85,15.85,-1.58,-9.9685,2.9329,15827285,232574969.0,10405878971.0,7700648330.22
2015-07-01,'600773,西藏城投,15.85,18.35,15.85,17.7,17.61,-1.76,-9.9943,3.0314,16358409,286629821.0,11558036558.5,8553277928.1
2015-06-30,'600773,西藏城投,17.61,17.83,15.35,16.8,17.06,0.55,3.2239,2.8625,15447303,254932623.0,12841452605.4,9503042543.46
2015-06-29,'600773,西藏城投,17.06,19.65,17.06,19.49,18.95,-1.89,-9.9736,2.7401,14786836,264630579.0,12440385090.8,9206241101.16
2015-06-26,'600773,西藏城投,18.95,20.34,18.95,19.93,21.05,-2.1,-9.9762,2.3001,12412402,241466987.0,13818598913.9,10226158784.7
2015-06-25,'600773,西藏城投,21.05,22.2,19.71,20.3,20.3,0.75,3.6946,4.0709,21968333,459553319.0,15349947606.1,11359400655.3
2015-06-24,'600773,西藏城投,20.3,20.78,19.6,20.42,20.13,0.17,0.8445,2.263,12211997,247588013.0,14803037358.9,10954671415.8
2015-06-23,'600773,西藏城投,20.13,20.38,17.9,19.55,19.57,0.56,2.8615,2.3009,12416370,241768017.0,14679071036.2,10862932788.2
2015-06-19,'600773,XD西藏城,19.57,21.36,19.56,21.15,21.73,-2.16,-9.9402,2.3226,12533748,254784420.0,14270711384.9,10560734956.0
2015-06-18,'600773,西藏城投,21.74,22.86,21.42,22.44,22.42,-0.68,-3.033,2.3357,12604575,281408309.0,15853105033.6,11731751555.6
2015-06-17,'600773,西藏城投,22.42,22.5,20.65,21.75,21.6,0.82,3.7963,2.7941,15078211,325607383.0,16348970324.5,12098706066.1
2015-06-16,'600773,西藏城投,21.6,23.48,21.52,23.48,23.78,-2.18,-9.1674,3.0656,16543243,372124632.0,15751015120.8,11656202097.6
2015-06-15,'600773,西藏城投,23.78,25.15,23.65,24.33,23.99,-0.21,-0.8754,3.7053,19995443,488510139.0,17340700906.1,12832615087.1
2015-06-12,'600773,西藏城投,23.99,25.2,23.87,25.2,24.66,-0.67,-2.717,4.73,25525132,622219077.0,17493835775.4,12945939274.1
2015-06-11,'600773,西藏城投,24.66,24.66,22.47,22.55,22.42,2.24,9.9911,5.6956,30735941,730341980.0,17982408929.6,13307497394.8
2015-06-10,'600773,西藏城投,22.42,22.8,21.62,22.0,22.16,0.26,1.1733,3.1697,17105101,384672560.0,16348970324.5,12098706066.1
2015-06-09,'600773,西藏城投,22.16,22.86,21.5,21.5,22.23,-0.07,-0.3149,2.7494,14836577,327176352.0,16159374772.1,11958399929.8
2015-06-08,'600773,西藏城投,22.23,23.5,22.0,22.38,22.88,-0.65,-2.8409,4.6402,25040486,567966643.0,16210419728.5,11996174658.8
2015-06-05,'600773,西藏城投,22.88,23.3,21.14,22.11,21.68,1.2,5.5351,5.7317,30930734,689792824.0,16684408609.4,12346939999.7
2015-06-04,'600773,西藏城投,21.68,22.3,20.38,22.3,22.36,-0.68,-3.0411,5.037,27181362,586226660.0,15809352213.8,11699373216.5
2015-06-03,'600773,西藏城投,22.36,23.0,21.5,21.66,21.03,1.33,6.3243,7.9348,42819026,951755625.0,16305217504.7,12066327727.0
2015-06-02,'600773,西藏城投,21.03,21.03,18.9,19.28,19.12,1.91,9.9895,3.9878,21519785,433366018.0,15335363332.9,11348607875.6
2015-06-01,'600773,西藏城投,19.12,19.25,18.08,18.1,18.08,1.04,5.7522,3.0634,16531061,310153590.0,13942565236.6,10317897412.3
2015-05-29,'600773,西藏城投,18.08,18.78,17.4,17.8,18.24,-0.16,-0.8772,3.2588,17585949,316085736.0,13184183027.0,9756672866.88
2015-05-28,'600773,西藏城投,18.24,20.8,18.23,20.23,20.25,-2.01,-9.9259,4.7744,25764723,509291836.0,13300857213.1,9843015104.64
2015-05-27,'600773,西藏城投,20.25,20.97,18.8,19.38,19.42,0.83,4.2739,6.1538,33208250,653707439.0,14766576675.8,10927689466.5
2015-05-26,'600773,西藏城投,19.42,19.49,18.7,19.25,19.24,0.18,0.9356,5.3814,29040217,556226445.0,14161329335.5,10479789108.1
2015-05-25,'600773,西藏城投,19.24,19.3,18.39,18.77,18.93,0.31,1.6376,4.6473,25078675,472948979.0,14030070876.1,10382654090.6
2015-05-22,'600773,西藏城投,18.93,19.18,18.2,18.72,18.25,0.68,3.726,5.5397,29894520,560345418.0,13804014640.6,10215366005.0
2015-05-21,'600773,西藏城投,18.25,18.39,17.73,17.98,17.91,0.34,1.8984,3.7046,19991613,363307312.0,13308149349.8,9848411494.5
2015-05-20,'600773,西藏城投,17.91,18.26,17.48,17.65,17.58,0.33,1.8771,3.3189,17909985,321250064.0,13060216704.3,9664934239.26
2015-05-19,'600773,西藏城投,17.58,17.6,17.02,17.13,17.1,0.48,2.807,2.2586,12188426,211329715.0,12819576195.5,9486853373.88
2015-05-18,'600773,西藏城投,17.1,17.58,16.7,16.91,17.08,0.02,0.1171,2.162,11667207,201494030.0,12469553637.3,9227826660.6
2015-05-15,'600773,西藏城投,17.08,17.58,16.9,17.58,17.89,-0.81,-4.5277,2.7084,14615551,250869898.0,12454969364.0,9217033880.88
2015-05-14,'600773,西藏城投,17.89,18.97,17.62,18.68,18.35,-0.46,-2.5068,6.1861,33382641,606097718.0,13045632431.1,9654141459.54
2015-05-13,'600773,西藏城投,18.35,18.35,17.16,17.16,16.68,1.67,10.012,5.0517,27260784,493311141.0,13381070716.0,9902375393.1
2015-05-12,'600773,西藏城投,16.68,16.87,16.5,16.7,16.69,-0.01,-0.0599,2.201,11877501,197299127.0,12163283898.8,9001178286.48
2015-05-11,'600773,西藏城投,16.69,16.76,16.2,16.48,16.19,0.5,3.0883,1.995,10765829,177787798.0,12170576035.5,9006574676.34
2015-05-08,'600773,西藏城投,16.19,16.3,15.75,15.96,15.65,0.54,3.4505,1.6951,9147371,146424061.0,11805969204.0,8736755183.34
2015-05-07,'600773,西藏城投,15.65,16.65,15.5,16.4,16.47,-0.82,-4.9787,1.4198,7661709,123325928.0,11412193826.0,8445350130.9
2015-05-06,'600773,西藏城投,16.47,17.07,16.32,16.65,16.58,-0.11,-0.6634,1.7205,9284454,155437336.0,12010149029.6,8887854099.42
2015-05-05,'600773,西藏城投,16.58,17.32,16.41,17.28,17.28,-0.7,-4.0509,1.8262,9854940,166497485.0,12090362532.5,8947214387.88
2015-05-04,'600773,西藏城投,17.28,17.64,17.17,17.64,17.45,-0.17,-0.9742,1.5317,8265665,143558971.0,12600812096.6,9324961678.08
2015-04-30,'600773,西藏城投,17.45,17.89,17.45,17.7,17.51,-0.06,-0.3427,1.7521,9455175,166607414.0,12724778419.4,9416700305.7
2015-04-29,'600773,西藏城投,17.51,17.78,16.8,17.23,17.36,0.15,0.8641,2.0283,10945693,191277205.0,12768531239.1,9449078644.86
2015-04-28,'600773,西藏城投,17.36,18.5,17.01,18.4,18.56,-1.2,-6.4655,3.1144,16806751,298383968.0,12659149189.7,9368132796.96
2015-04-27,'600773,西藏城投,18.56,19.9,18.42,19.9,18.39,0.17,0.9244,4.2356,22856861,433258624.0,13534205585.3,10015699580.2
2015-04-24,'600773,西藏城投,18.39,18.97,18.18,18.65,19.01,-0.62,-3.2614,3.1465,16979730,315438702.0,13410239262.6,9923960952.54
2015-04-23,'600773,西藏城投,19.01,19.3,18.62,18.88,18.89,0.12,0.6353,5.1442,27759991,527295402.0,13862351733.6,10258537123.9
2015-04-22,'600773,西藏城投,18.89,19.1,18.0,18.16,17.84,1.05,5.8857,5.9474,32094466,596914344.0,13774846094.1,10193780445.5
2015-04-21,'600773,西藏城投,17.84,17.91,17.4,17.51,17.5,0.34,1.9429,2.446,13199828,233143149.0,13009171747.9,9627159510.24
2015-04-20,'600773,西藏城投,17.5,18.2,17.46,17.69,17.68,-0.18,-1.0181,2.9435,15884424,282534928.0,12761239102.5,9443682255.0
2015-04-17,'600773,西藏城投,17.68,18.35,17.48,18.0,17.88,-0.2,-1.1186,4.2319,22836923,405389715.0,12892497561.8,9540817272.48
2015-04-16,'600773,西藏城投,17.88,18.25,17.35,18.01,18.42,-0.54,-2.9316,2.4028,12966272,231476876.0,13038340294.4,9648745069.68
2015-04-15,'600773,西藏城投,18.42,19.0,17.88,18.4,18.56,-0.14,-0.7543,3.8813,20945103,387663187.0,13432115672.5,9940150122.12
2015-04-14,'600773,西藏城投,18.56,18.78,17.8,18.18,18.27,0.29,1.5873,4.0705,21965805,404685839.0,13534205585.3,10015699580.2
2015-04-13,'600773,西藏城投,18.27,18.52,17.91,18.48,18.5,-0.23,-1.2432,3.3617,18140920,329874471.0,13322733623.0,9859204274.22
2015-04-10,'600773,西藏城投,18.5,18.78,17.51,17.95,18.0,0.5,2.7778,3.5231,19011943,346912807.0,13490452765.5,9983321241.0
2015-04-09,'600773,西藏城投,18.0,18.58,17.37,18.55,18.74,-0.74,-3.9488,3.5724,19278028,343803589.0,13125845934.0,9713501748.0
2015-04-08,'600773,西藏城投,18.74,19.22,18.27,19.22,19.19,-0.45,-2.345,4.4485,24005990,446659038.0,13665464044.6,10112834597.6
2015-04-07,'600773,西藏城投,19.19,20.08,19.09,19.75,19.1,0.09,0.4712,7.0338,37956976,738578977.0,13993610193.0,10355672141.3
2015-04-03,'600773,西藏城投,19.1,19.1,17.05,17.1,17.36,1.74,10.023,4.7942,25871259,473470651.0,13927980963.3,10307104632.6
2015-04-02,'600773,西藏城投,17.36,17.62,16.85,16.86,16.85,0.51,3.0267,3.4736,18744717,323421961.0,12659149189.7,9368132796.96
2015-04-01,'600773,西藏城投,16.85,17.12,16.61,16.66,16.77,0.08,0.477,1.7157,9258671,156234067.0,12287250221.5,9092916914.1
2015-03-31,'600773,西藏城投,16.77,17.44,16.65,17.37,17.24,-0.47,-2.7262,2.4283,13104069,221310380.0,12228913128.5,9049745795.22
2015-03-30,'600773,西藏城投,17.24,17.86,16.99,17.35,17.22,0.02,0.1161,3.0724,16580138,288101171.0,12571643550.1,9303376118.64
2015-03-27,'600773,西藏城投,17.22,17.28,16.56,16.6,16.66,0.56,3.3613,2.9362,15845086,270626081.0,12557059276.9,9292583338.92
2015-03-26,'600773,西藏城投,16.66,16.79,16.18,16.44,16.48,0.18,1.0922,1.855,10010290,166100535.0,12148699625.6,8990385506.76
2015-03-25,'600773,西藏城投,16.48,16.71,16.25,16.71,16.72,-0.24,-1.4354,1.7799,9604979,157633800.0,12017441166.2,8893250489.28
2015-03-24,'600773,西藏城投,16.72,16.96,16.12,16.9,16.87,-0.15,-0.8892,1.8601,10037567,167780761.0,12192452445.4,9022763845.92
2015-03-23,'600773,西藏城投,16.87,16.93,16.51,16.68,16.65,0.22,1.3213,2.033,10970610,183561800.0,12301834494.8,9103709693.82
2015-03-20,'600773,西藏城投,16.65,16.91,16.3,16.91,16.91,-0.26,-1.5376,2.5249,13625563,225776743.0,12141407489.0,8984989116.9
2015-03-19,'600773,西藏城投,16.91,17.19,16.83,17.1,17.2,-0.29,-1.686,1.5438,8330856,141222595.0,12331003041.3,9125295253.26
2015-03-18,'600773,西藏城投,17.2,17.21,16.62,17.05,17.13,0.07,0.4086,2.5384,13698157,230716158.0,12542475003.6,9281790559.2
2015-03-17,'600773,西藏城投,17.13,18.2,17.05,18.07,16.65,0.48,2.8829,4.1094,22175698,390642520.0,12491430047.2,9244015830.18
2015-03-16,'600773,西藏城投,16.65,16.83,16.19,16.4,16.58,0.07,0.4222,2.0096,10844701,178907445.0,12141407489.0,8984989116.9
2015-03-13,'600773,西藏城投,16.58,16.9,15.8,16.5,16.5,0.08,0.4848,2.3669,12772923,208593611.0,12090362532.5,8947214387.88
2015-03-12,'600773,西藏城投,16.5,17.33,16.31,17.0,17.1,-0.6,-3.5088,2.4455,13197029,220139864.0,12032025439.5,8904043269.0
2015-03-11,'600773,西藏城投,17.1,17.4,16.1,16.4,16.41,0.69,4.2048,3.0077,16230953,273818282.0,12469553637.3,9227826660.6
2015-03-10,'600773,西藏城投,16.41,16.79,15.29,15.7,15.7,0.71,4.5223,3.4602,18672737,297418868.0,11966396209.8,8855475760.26
2015-03-09,'600773,西藏城投,15.7,15.8,14.35,14.82,14.8,0.9,6.0811,3.0947,16700054,255713118.0,11448654509.1,8472332080.2
2015-03-06,'600773,西藏城投,14.8,15.94,14.8,15.06,15.06,-0.26,-1.7264,2.6115,14092577,215716326.0,10792362212.4,7986656992.8
2015-03-05,'600773,西藏城投,15.06,15.12,14.42,14.8,14.87,0.19,1.2777,2.3372,12612710,187573881.0,10981957764.8,8126963129.16
2015-03-04,'600773,西藏城投,14.87,15.3,14.6,14.62,14.69,0.18,1.2253,3.6991,19961967,298270571.0,10843407168.8,8024431721.82
2015-03-03,'600773,西藏城投,14.69,15.4,14.11,14.25,14.1,0.59,4.1844,6.4095,34588081,510014895.0,10712148709.5,7927296704.34
2015-03-02,'600773,西藏城投,14.1,14.1,12.81,12.98,12.82,1.28,9.9844,4.5325,24458881,334806673.0,10281912648.3,7608909702.6
2015-02-27,'600773,西藏城投,12.82,12.97,12.71,12.87,12.82,0.0,0.0,1.1577,6247498,80193360.0,9348519159.66,6918171800.52
2015-02-26,'600773,西藏城投,12.82,13.09,12.54,12.58,12.63,0.19,1.5044,1.8497,9981676,128414474.0,9348519159.66,6918171800.52
2015-02-25,'600773,西藏城投,12.63,12.68,12.41,12.58,12.52,0.11,0.8786,1.0625,5733451,71963927.0,9209968563.69,6815640393.18
2015-02-17,'600773,西藏城投,12.52,12.66,12.4,12.54,12.46,0.06,0.4815,1.0692,5769564,72463936.0,9129755060.76,6756280104.72
2015-02-16,'600773,西藏城投,12.46,12.6,12.07,12.07,12.07,0.39,3.2312,1.5405,8313395,103046946.0,9086002240.98,6723901765.56
2015-02-13,'600773,西藏城投,12.07,12.13,11.83,11.86,11.81,0.26,2.2015,0.9945,5366646,64540421.0,8801608912.41,6513442561.02
2015-02-12,'600773,西藏城投,11.81,11.97,11.77,11.86,11.86,-0.05,-0.4216,0.5351,2887818,34186585.0,8612013360.03,6373136424.66
2015-02-11,'600773,西藏城投,11.86,11.96,11.74,11.8,11.79,0.07,0.5937,0.5389,2908114,34368909.0,8648474043.18,6400118373.96
2015-02-10,'600773,西藏城投,11.79,11.8,11.63,11.7,11.63,0.16,1.3758,0.4334,2338942,27460311.0,8597429086.77,6362343644.94
2015-02-09,'600773,西藏城投,11.63,11.79,11.48,11.59,11.69,-0.06,-0.5133,0.6941,3745445,43606972.0,8480754900.69,6276001407.18
2015-02-06,'600773,西藏城投,11.69,12.05,11.65,12.01,12.08,-0.39,-3.2285,1.0131,5467215,64471366.0,8524507720.47,6308379746.34
2015-02-05,'600773,西藏城投,12.08,12.36,12.05,12.25,12.16,-0.08,-0.6579,0.6947,3748698,45720672.0,8808901049.04,6518838950.88
