2016-05-13,'600739,辽宁成大,15.23,15.5,15.17,15.32,15.33,-0.1,-0.6523,0.7808,10655985,163093622.0,23297480497.7,20784530497.7
2016-05-12,'600739,辽宁成大,15.33,15.41,15.06,15.27,15.38,-0.05,-0.3251,1.2105,16519559,251325412.0,23450451479.3,20921001479.3
2016-05-11,'600739,辽宁成大,15.38,15.73,15.36,15.65,15.56,-0.18,-1.1568,1.1031,15054567,234308250.0,23526936970.1,20989236970.1
2016-05-10,'600739,辽宁成大,15.56,15.78,15.42,15.48,15.45,0.11,0.712,1.0057,13724560,213633647.0,23802284737.0,21234884737.0
2016-05-09,'600739,辽宁成大,15.45,15.8,15.33,15.8,15.91,-0.46,-2.8913,1.5409,21028222,326451570.0,23634016657.2,21084766657.2
2016-05-06,'600739,辽宁成大,15.91,16.7,15.9,16.6,16.61,-0.7,-4.2143,1.9674,26848626,435973070.0,24337683172.6,21712533172.6
2016-05-05,'600739,辽宁成大,16.61,16.77,16.35,16.47,16.54,0.07,0.4232,1.5059,20550786,340671890.0,25408480043.8,22667830043.8
2016-05-04,'600739,辽宁成大,16.54,16.58,16.26,16.39,16.5,0.04,0.2424,1.4728,20099370,330155071.0,25301400356.6,22572300356.6
2016-05-03,'600739,辽宁成大,16.5,16.6,15.86,15.89,15.87,0.63,3.9698,1.9049,25996284,425324483.0,25240211964.0,22517711964.0
2016-04-29,'600739,辽宁成大,15.87,16.01,15.78,15.8,15.86,0.01,0.0631,0.7862,10728920,170823341.0,24276494779.9,21657944779.9
2016-04-28,'600739,辽宁成大,15.86,16.05,15.72,16.01,15.97,-0.11,-0.6888,0.8796,12003990,190373619.0,24261197681.8,21644297681.8
2016-04-27,'600739,辽宁成大,15.97,16.15,15.94,16.09,16.04,-0.07,-0.4364,0.8355,11402330,183170792.0,24429465761.5,21794415761.5
2016-04-26,'600739,辽宁成大,16.04,16.1,15.84,15.98,15.94,0.1,0.6274,0.9102,12421314,198352577.0,24536545448.6,21889945448.6
2016-04-25,'600739,辽宁成大,15.94,16.15,15.78,16.15,16.11,-0.17,-1.0552,0.9036,12331182,196440903.0,24383574467.0,21753474467.0
2016-04-22,'600739,辽宁成大,16.11,16.19,15.81,15.85,15.97,0.14,0.8766,0.9839,13428010,215228289.0,24643625135.8,21985475135.8
2016-04-21,'600739,辽宁成大,15.97,16.22,15.95,16.04,16.26,-0.29,-1.7835,1.3998,19103560,307383765.0,24429465761.5,21794415761.5
2016-04-20,'600739,辽宁成大,16.26,17.07,15.65,17.03,17.02,-0.76,-4.4653,2.9633,40439804,661119166.0,24873081608.2,22190181608.2
2016-04-19,'600739,辽宁成大,17.02,17.21,16.89,17.16,17.06,-0.04,-0.2345,1.464,19979413,339648543.0,26035661068.3,23227361068.3
2016-04-18,'600739,辽宁成大,17.06,17.32,17.03,17.3,17.47,-0.41,-2.3469,1.3849,18900420,323524582.0,26096849461.0,23281949461.0
2016-04-15,'600739,辽宁成大,17.47,17.55,17.25,17.42,17.38,0.09,0.5178,1.8609,25396308,442140576.0,26724030485.5,23841480485.5
2016-04-14,'600739,辽宁成大,17.38,17.55,17.17,17.52,17.4,-0.02,-0.1149,2.1473,29304301,507821803.0,26586356602.1,23718656602.1
2016-04-13,'600739,辽宁成大,17.4,17.77,17.23,17.23,16.76,0.64,3.8186,3.8481,52515140,921191031.0,26616950798.4,23745950798.4
2016-04-12,'600739,辽宁成大,0.0,0.0,0.0,0.0,16.76,None,None,0.0,0,0.0,25637936516.2,22872536516.2
2016-04-11,'600739,辽宁成大,0.0,0.0,0.0,0.0,16.76,None,None,0.0,0,0.0,25637936516.2,22872536516.2
2016-04-08,'600739,辽宁成大,16.76,17.0,16.58,16.97,17.11,-0.35,-2.0456,2.2801,31116078,521022880.0,25637936516.2,22872536516.2
2016-04-07,'600739,辽宁成大,17.11,17.57,17.09,17.57,17.48,-0.37,-2.1167,2.1208,28942761,500525025.0,26173334951.8,23350184951.8
2016-04-06,'600739,辽宁成大,17.48,17.65,17.27,17.5,17.6,-0.12,-0.6818,1.9522,26641437,465139136.0,26739327583.7,23855127583.7
2016-04-05,'600739,辽宁成大,17.6,17.7,17.1,17.14,17.29,0.31,1.7929,2.4861,33928463,592121773.0,26922892761.6,24018892761.6
2016-04-01,'600739,辽宁成大,17.29,17.58,17.0,17.55,17.62,-0.33,-1.8729,2.5327,34564202,596449508.0,26448682718.6,23595832718.6
2016-03-31,'600739,辽宁成大,17.62,17.98,17.53,17.95,17.85,-0.23,-1.2885,2.812,38375584,680085675.0,26953486957.9,24046186957.9
2016-03-30,'600739,辽宁成大,17.85,17.87,17.5,17.5,17.38,0.47,2.7043,2.8265,38573415,683112258.0,27305320215.6,24360070215.6
2016-03-29,'600739,辽宁成大,17.38,17.92,17.29,17.51,18.07,-0.69,-3.8185,4.1867,57136950,1004377407.0,26586356602.1,23718656602.1
2016-03-28,'600739,辽宁成大,18.07,18.68,17.88,18.36,18.23,-0.16,-0.8777,4.142,56525671,1028841082.0,27641856375.1,24660306375.1
2016-03-25,'600739,辽宁成大,18.23,18.3,17.7,17.79,17.84,0.39,2.1861,4.3598,59498188,1077255487.0,27886609945.7,24878659945.7
2016-03-24,'600739,辽宁成大,17.84,18.3,17.46,17.56,17.8,0.04,0.2247,5.9646,81399265,1460294559.0,27290023117.4,24346423117.4
2016-03-23,'600739,辽宁成大,17.8,17.91,17.32,17.38,17.5,0.3,1.7143,4.0352,55068442,974139934.0,27228834724.8,24291834724.8
2016-03-22,'600739,辽宁成大,17.5,17.89,17.47,17.75,18.13,-0.63,-3.4749,4.6227,63086478,1114962920.0,26769921780.0,23882421780.0
2016-03-21,'600739,辽宁成大,18.13,18.4,17.43,17.53,17.04,1.09,6.3967,8.4192,114898233,2063636055.0,27733638964.1,24742188964.1
2016-03-18,'600739,辽宁成大,17.04,17.2,16.43,16.5,16.42,0.62,3.7759,5.5727,76051089,1284597349.0,26066255264.6,23254655264.6
2016-03-17,'600739,辽宁成大,16.42,16.58,15.94,16.05,15.98,0.44,2.7534,3.658,49921574,813203797.0,25117835178.7,22408535178.7
2016-03-16,'600739,辽宁成大,15.98,16.2,15.9,16.0,15.96,0.02,0.1253,2.2606,30850544,493889213.0,24444762859.7,21808062859.7
2016-03-15,'600739,辽宁成大,15.96,16.2,15.79,16.15,16.15,-0.19,-1.1765,1.9075,26031383,416038701.0,24414168663.4,21780768663.4
2016-03-14,'600739,辽宁成大,16.15,16.38,15.8,15.82,15.67,0.48,3.0632,2.9438,40174696,649301051.0,24704813528.4,22040063528.4
2016-03-11,'600739,辽宁成大,15.67,15.81,15.4,15.55,15.67,0.0,0.0,1.8462,25195257,392508801.0,23970552816.7,21385002816.7
2016-03-10,'600739,辽宁成大,15.67,16.39,15.61,16.2,16.27,-0.6,-3.6878,2.3615,32226971,516754608.0,23970552816.7,21385002816.7
2016-03-09,'600739,辽宁成大,16.27,16.29,16.02,16.19,16.58,-0.31,-1.8697,2.9037,39626420,640439840.0,24888378706.3,22203828706.3
2016-03-08,'600739,辽宁成大,16.58,16.8,15.9,16.76,16.75,-0.17,-1.0149,3.1486,42969417,700291974.0,25362588749.3,22626888749.3
2016-03-07,'600739,辽宁成大,16.75,16.86,16.21,16.26,16.09,0.66,4.1019,4.0956,55893103,929645203.0,25622639418.0,22858889418.0
2016-03-04,'600739,辽宁成大,16.09,16.59,15.69,16.5,16.53,-0.44,-2.6618,4.3937,59961778,971078724.0,24613030939.4,21958180939.4
2016-03-03,'600739,辽宁成大,16.53,16.93,16.43,16.65,16.7,-0.17,-1.018,4.7444,64746774,1078186095.0,25286103258.5,22558653258.5
2016-03-02,'600739,辽宁成大,16.7,16.88,15.76,15.86,15.86,0.84,5.2963,5.3455,72950280,1186197339.0,25546153927.2,22790653927.2
2016-03-01,'600739,辽宁成大,15.86,16.2,15.01,15.46,15.4,0.46,2.987,4.0537,55321560,864060002.0,24261197681.8,21644297681.8
2016-02-29,'600739,辽宁成大,15.4,16.92,15.4,16.9,17.11,-1.71,-9.9942,5.4632,74556330,1172494457.0,23557531166.4,21016531166.4
2016-02-26,'600739,辽宁成大,17.11,18.17,16.72,18.01,17.86,-0.75,-4.1993,6.6589,90874334,1573372490.0,26173334951.8,23350184951.8
2016-02-25,'600739,辽宁成大,17.86,18.58,17.68,18.0,17.18,0.68,3.9581,13.5775,185293634,3355081862.0,27320617313.8,24373717313.8
2016-02-24,'600739,辽宁成大,17.18,17.18,17.18,17.18,15.62,1.56,9.9872,0.1182,1613215,27715034.0,26280414638.9,23445714638.9
2016-02-23,'600739,辽宁成大,0.0,0.0,0.0,0.0,15.62,None,None,0.0,0,0.0,23894067325.9,21316767325.9
2016-02-22,'600739,辽宁成大,0.0,0.0,0.0,0.0,15.62,None,None,0.0,0,0.0,23894067325.9,21316767325.9
2016-02-19,'600739,辽宁成大,0.0,0.0,0.0,0.0,15.62,None,None,0.0,0,0.0,23894067325.9,21316767325.9
2016-02-18,'600739,辽宁成大,0.0,0.0,0.0,0.0,15.62,None,None,0.0,0,0.0,23894067325.9,21316767325.9
2016-02-17,'600739,辽宁成大,0.0,0.0,0.0,0.0,15.62,None,None,0.0,0,0.0,23894067325.9,21316767325.9
2016-02-16,'600739,辽宁成大,0.0,0.0,0.0,0.0,15.62,None,None,0.0,0,0.0,23894067325.9,21316767325.9
2016-02-15,'600739,辽宁成大,0.0,0.0,0.0,0.0,15.62,None,None,0.0,0,0.0,23894067325.9,21316767325.9
2016-02-05,'600739,辽宁成大,0.0,0.0,0.0,0.0,15.62,None,None,0.0,0,0.0,23894067325.9,21316767325.9
2016-02-04,'600739,辽宁成大,0.0,0.0,0.0,0.0,15.62,None,None,0.0,0,0.0,23894067325.9,21316767325.9
2016-02-03,'600739,辽宁成大,0.0,0.0,0.0,0.0,15.62,None,None,0.0,0,0.0,23894067325.9,21316767325.9
2016-02-02,'600739,辽宁成大,0.0,0.0,0.0,0.0,15.62,None,None,0.0,0,0.0,23894067325.9,21316767325.9
2016-02-01,'600739,辽宁成大,0.0,0.0,0.0,0.0,15.62,None,None,0.0,0,0.0,23894067325.9,21316767325.9
2016-01-29,'600739,辽宁成大,0.0,0.0,0.0,0.0,15.62,None,None,0.0,0,0.0,23894067325.9,21316767325.9
2016-01-28,'600739,辽宁成大,0.0,0.0,0.0,0.0,15.62,None,None,0.0,0,0.0,23894067325.9,21316767325.9
2016-01-27,'600739,辽宁成大,0.0,0.0,0.0,0.0,15.62,None,None,0.0,0,0.0,23894067325.9,21316767325.9
2016-01-26,'600739,辽宁成大,15.62,17.18,15.62,17.09,17.35,-1.73,-9.9712,3.5484,48425683,795624213.0,23894067325.9,21316767325.9
2016-01-25,'600739,辽宁成大,17.35,17.57,16.83,16.98,16.79,0.56,3.3353,3.399,46386138,800901264.0,26540465307.6,23677715307.6
2016-01-22,'600739,辽宁成大,16.79,17.0,16.31,16.73,16.49,0.3,1.8193,2.6932,36754458,612868312.0,25683827810.6,22913477810.6
2016-01-21,'600739,辽宁成大,16.49,17.63,16.43,17.2,17.59,-1.1,-6.2536,3.7588,51296188,877761573.0,25224914865.8,22504064865.8
2016-01-20,'600739,辽宁成大,17.59,17.98,17.21,17.3,17.4,0.19,1.092,4.5647,62294991,1096422034.0,26907595663.4,24005245663.4
2016-01-19,'600739,辽宁成大,17.4,17.44,16.61,16.72,16.8,0.6,3.5714,3.6127,49302889,843072337.0,26616950798.4,23745950798.4
2016-01-18,'600739,辽宁成大,16.8,17.18,16.16,16.2,16.7,0.1,0.5988,3.0807,42042598,702765480.0,25699124908.8,22927124908.8
2016-01-15,'600739,辽宁成大,16.7,17.6,16.52,17.4,17.55,-0.85,-4.8433,3.1655,43199480,736744656.0,25546153927.2,22790653927.2
2016-01-14,'600739,辽宁成大,17.55,17.61,16.23,16.3,16.87,0.68,4.0308,3.7513,51193904,878908411.0,26846407270.8,23950657270.8
2016-01-13,'600739,辽宁成大,16.87,17.56,16.73,17.25,16.96,-0.09,-0.5307,3.328,45417614,781768108.0,25806204595.9,23022654595.9
2016-01-12,'600739,辽宁成大,16.96,17.39,16.72,17.0,16.72,0.24,1.4354,3.0129,41117685,701977856.0,25943878479.4,23145478479.4
2016-01-11,'600739,辽宁成大,16.72,18.35,16.72,17.91,18.58,-1.86,-10.0108,3.711,50644258,890816864.0,25576748123.5,22817948123.5
2016-01-08,'600739,辽宁成大,18.58,18.99,17.11,18.66,18.06,0.52,2.8793,3.7434,51085970,939828869.0,28422008381.3,25356308381.3
2016-01-07,'600739,辽宁成大,18.06,19.68,18.05,19.68,20.06,-2.0,-9.9701,0.9919,13536700,253623685.0,27626559277.0,24646659277.0
2016-01-06,'600739,辽宁成大,20.06,20.17,19.43,19.68,19.63,0.43,2.1905,3.3968,46356720,918970537.0,30685978909.0,27376078909.0
2016-01-05,'600739,辽宁成大,19.63,20.25,18.89,19.2,20.34,-0.71,-3.4907,4.784,65287516,1278818370.0,30028203688.1,26789253688.1
2016-01-04,'600739,辽宁成大,20.34,22.33,20.34,22.32,22.6,-2.26,-10.0,3.211,43820817,932177455.0,31114297657.4,27758197657.4
2015-12-31,'600739,辽宁成大,22.6,23.47,22.38,22.99,22.43,0.17,0.7579,5.1427,70183187,1608344998.0,34571441841.6,30842441841.6
2015-12-30,'600739,辽宁成大,0.0,0.0,0.0,0.0,22.43,None,None,0.0,0,0.0,34311391172.9,30610441172.9
2015-12-29,'600739,辽宁成大,22.43,22.5,21.92,22.23,22.4,0.03,0.1339,2.8089,38333589,852944810.0,34311391172.9,30610441172.9
2015-12-28,'600739,辽宁成大,22.4,23.48,22.33,23.41,23.26,-0.86,-3.6973,4.2262,57674692,1322097018.0,34265499878.4,30569499878.4
2015-12-25,'600739,辽宁成大,23.26,23.47,23.02,23.4,23.27,-0.01,-0.043,2.9362,40070823,930704896.0,35581050320.2,31743150320.2
2015-12-24,'600739,辽宁成大,23.27,24.38,23.0,23.93,24.06,-0.79,-3.2835,5.8201,79427624,1873973581.0,35596347418.3,31756797418.3
2015-12-23,'600739,辽宁成大,24.06,24.95,23.95,24.0,24.67,-0.61,-2.4726,8.5812,117108354,2851727530.0,36804818173.0,32834918173.0
2015-12-22,'600739,辽宁成大,24.67,25.2,22.8,23.15,22.91,1.76,7.6822,13.311,181656357,4347671386.0,37737941160.7,33667391160.7
2015-12-21,'600739,辽宁成大,22.91,23.48,22.43,23.2,23.18,-0.27,-1.1648,12.8901,175911971,4026660790.0,35045651884.6,31265501884.6
2015-12-18,'600739,辽宁成大,23.18,23.18,22.9,23.18,21.07,2.11,10.0142,10.9183,149003300,3453002426.0,35458673534.9,31633973534.9
2015-12-17,'600739,辽宁成大,21.07,21.07,21.07,21.07,19.15,1.92,10.0261,0.0924,1261501,26579826.0,32230985823.1,28754435823.1
2015-12-16,'600739,辽宁成大,19.15,19.15,19.15,19.15,17.41,1.74,9.9943,0.1903,2597311,49738506.0,29293942976.4,26134192976.4
2015-12-15,'600739,辽宁成大,17.41,17.41,17.41,17.41,15.83,1.58,9.981,0.145,1978361,34443265.0,26632247896.6,23759597896.6
2015-12-14,'600739,辽宁成大,0.0,0.0,0.0,0.0,15.83,None,None,0.0,0,0.0,24215306387.3,21603356387.3
2015-12-11,'600739,辽宁成大,0.0,0.0,0.0,0.0,15.83,None,None,0.0,0,0.0,24215306387.3,21603356387.3
2015-12-10,'600739,辽宁成大,0.0,0.0,0.0,0.0,15.83,None,None,0.0,0,0.0,24215306387.3,21603356387.3
2015-12-09,'600739,辽宁成大,0.0,0.0,0.0,0.0,15.83,None,None,0.0,0,0.0,24215306387.3,21603356387.3
2015-12-08,'600739,辽宁成大,0.0,0.0,0.0,0.0,15.83,None,None,0.0,0,0.0,24215306387.3,21603356387.3
2015-12-07,'600739,辽宁成大,0.0,0.0,0.0,0.0,15.83,None,None,0.0,0,0.0,24215306387.3,21603356387.3
2015-12-04,'600739,辽宁成大,0.0,0.0,0.0,0.0,15.83,None,None,0.0,0,0.0,24215306387.3,21603356387.3
2015-12-03,'600739,辽宁成大,0.0,0.0,0.0,0.0,15.83,None,None,0.0,0,0.0,24215306387.3,21603356387.3
2015-12-02,'600739,辽宁成大,0.0,0.0,0.0,0.0,15.83,None,None,0.0,0,0.0,24215306387.3,21603356387.3
2015-12-01,'600739,辽宁成大,0.0,0.0,0.0,0.0,15.83,None,None,0.0,0,0.0,24215306387.3,21603356387.3
2015-11-30,'600739,辽宁成大,0.0,0.0,0.0,0.0,15.83,None,None,0.0,0,0.0,24215306387.3,21603356387.3
2015-11-27,'600739,辽宁成大,0.0,0.0,0.0,0.0,15.83,None,None,0.0,0,0.0,24215306387.3,21603356387.3
2015-11-26,'600739,辽宁成大,0.0,0.0,0.0,0.0,15.83,None,None,0.0,0,0.0,24215306387.3,21603356387.3
2015-11-25,'600739,辽宁成大,0.0,0.0,0.0,0.0,15.83,None,None,0.0,0,0.0,24215306387.3,21603356387.3
2015-11-24,'600739,辽宁成大,0.0,0.0,0.0,0.0,15.83,None,None,0.0,0,0.0,24215306387.3,21603356387.3
2015-11-23,'600739,辽宁成大,0.0,0.0,0.0,0.0,15.83,None,None,0.0,0,0.0,24215306387.3,21603356387.3
2015-11-20,'600739,辽宁成大,0.0,0.0,0.0,0.0,15.83,None,None,0.0,0,0.0,24215306387.3,21603356387.3
2015-11-19,'600739,辽宁成大,0.0,0.0,0.0,0.0,15.83,None,None,0.0,0,0.0,24215306387.3,21603356387.3
2015-11-18,'600739,辽宁成大,0.0,0.0,0.0,0.0,15.83,None,None,0.0,0,0.0,24215306387.3,21603356387.3
2015-11-17,'600739,辽宁成大,0.0,0.0,0.0,0.0,15.83,None,None,0.0,0,0.0,24215306387.3,21603356387.3
2015-11-16,'600739,辽宁成大,0.0,0.0,0.0,0.0,15.83,None,None,0.0,0,0.0,24215306387.3,21603356387.3
2015-11-13,'600739,辽宁成大,0.0,0.0,0.0,0.0,15.83,None,None,0.0,0,0.0,24215306387.3,21603356387.3
2015-11-12,'600739,辽宁成大,0.0,0.0,0.0,0.0,15.83,None,None,0.0,0,0.0,24215306387.3,21603356387.3
2015-11-11,'600739,辽宁成大,0.0,0.0,0.0,0.0,15.83,None,None,0.0,0,0.0,24215306387.3,21603356387.3
2015-11-10,'600739,辽宁成大,0.0,0.0,0.0,0.0,15.83,None,None,0.0,0,0.0,24215306387.3,21603356387.3
2015-11-09,'600739,辽宁成大,0.0,0.0,0.0,0.0,15.83,None,None,0.0,0,0.0,24215306387.3,21603356387.3
2015-11-06,'600739,辽宁成大,0.0,0.0,0.0,0.0,15.83,None,None,0.0,0,0.0,24215306387.3,21603356387.3
2015-11-05,'600739,辽宁成大,0.0,0.0,0.0,0.0,15.83,None,None,0.0,0,0.0,24215306387.3,21603356387.3
2015-11-04,'600739,辽宁成大,0.0,0.0,0.0,0.0,15.83,None,None,0.0,0,0.0,24215306387.3,21603356387.3
2015-11-03,'600739,辽宁成大,0.0,0.0,0.0,0.0,15.83,None,None,0.0,0,0.0,24215306387.3,21603356387.3
2015-11-02,'600739,辽宁成大,0.0,0.0,0.0,0.0,15.83,None,None,0.0,0,0.0,24215306387.3,21603356387.3
2015-10-30,'600739,辽宁成大,0.0,0.0,0.0,0.0,15.83,None,None,0.0,0,0.0,24215306387.3,21603356387.3
2015-10-29,'600739,辽宁成大,0.0,0.0,0.0,0.0,15.83,None,None,0.0,0,0.0,24215306387.3,21603356387.3
2015-10-28,'600739,辽宁成大,0.0,0.0,0.0,0.0,15.83,None,None,0.0,0,0.0,24215306387.3,21603356387.3
2015-10-27,'600739,辽宁成大,0.0,0.0,0.0,0.0,15.83,None,None,0.0,0,0.0,24215306387.3,21603356387.3
2015-10-26,'600739,辽宁成大,0.0,0.0,0.0,0.0,15.83,None,None,0.0,0,0.0,24215306387.3,21603356387.3
2015-10-23,'600739,辽宁成大,0.0,0.0,0.0,0.0,15.83,None,None,0.0,0,0.0,24215306387.3,21603356387.3
2015-10-22,'600739,辽宁成大,0.0,0.0,0.0,0.0,15.83,None,None,0.0,0,0.0,24215306387.3,21603356387.3
2015-10-21,'600739,辽宁成大,0.0,0.0,0.0,0.0,15.83,None,None,0.0,0,0.0,24215306387.3,21603356387.3
2015-10-20,'600739,辽宁成大,0.0,0.0,0.0,0.0,15.83,None,None,0.0,0,0.0,24215306387.3,21603356387.3
2015-10-19,'600739,辽宁成大,0.0,0.0,0.0,0.0,15.83,None,None,0.0,0,0.0,24215306387.3,21603356387.3
2015-10-16,'600739,辽宁成大,0.0,0.0,0.0,0.0,15.83,None,None,0.0,0,0.0,24215306387.3,21603356387.3
2015-10-15,'600739,辽宁成大,0.0,0.0,0.0,0.0,15.83,None,None,0.0,0,0.0,24215306387.3,21603356387.3
2015-10-14,'600739,辽宁成大,0.0,0.0,0.0,0.0,15.83,None,None,0.0,0,0.0,24215306387.3,21603356387.3
2015-10-13,'600739,辽宁成大,0.0,0.0,0.0,0.0,15.83,None,None,0.0,0,0.0,24215306387.3,21603356387.3
2015-10-12,'600739,辽宁成大,0.0,0.0,0.0,0.0,15.83,None,None,0.0,0,0.0,24215306387.3,21603356387.3
2015-10-09,'600739,辽宁成大,0.0,0.0,0.0,0.0,15.83,None,None,0.0,0,0.0,24215306387.3,21603356387.3
2015-10-08,'600739,辽宁成大,0.0,0.0,0.0,0.0,15.83,None,None,0.0,0,0.0,24215306387.3,21603356387.3
2015-09-30,'600739,辽宁成大,0.0,0.0,0.0,0.0,15.83,None,None,0.0,0,0.0,24215306387.3,21603356387.3
2015-09-29,'600739,辽宁成大,0.0,0.0,0.0,0.0,15.83,None,None,0.0,0,0.0,24215306387.3,21603356387.3
2015-09-28,'600739,辽宁成大,0.0,0.0,0.0,0.0,15.83,None,None,0.0,0,0.0,24215306387.3,21603356387.3
2015-09-25,'600739,辽宁成大,0.0,0.0,0.0,0.0,15.83,None,None,0.0,0,0.0,24215306387.3,21603356387.3
2015-09-24,'600739,辽宁成大,0.0,0.0,0.0,0.0,15.83,None,None,0.0,0,0.0,24215306387.3,21603356387.3
2015-09-23,'600739,辽宁成大,0.0,0.0,0.0,0.0,15.83,None,None,0.0,0,0.0,24215306387.3,21603356387.3
2015-09-22,'600739,辽宁成大,0.0,0.0,0.0,0.0,15.83,None,None,0.0,0,0.0,24215306387.3,21603356387.3
2015-09-21,'600739,辽宁成大,0.0,0.0,0.0,0.0,15.83,None,None,0.0,0,0.0,24215306387.3,21603356387.3
2015-09-18,'600739,辽宁成大,0.0,0.0,0.0,0.0,15.83,None,None,0.0,0,0.0,24215306387.3,21603356387.3
2015-09-17,'600739,辽宁成大,0.0,0.0,0.0,0.0,15.83,None,None,0.0,0,0.0,24215306387.3,21603356387.3
2015-09-16,'600739,辽宁成大,0.0,0.0,0.0,0.0,15.83,None,None,0.0,0,0.0,24215306387.3,21603356387.3
2015-09-15,'600739,辽宁成大,0.0,0.0,0.0,0.0,15.83,None,None,0.0,0,0.0,24215306387.3,21603356387.3
2015-09-14,'600739,辽宁成大,0.0,0.0,0.0,0.0,15.83,None,None,0.0,0,0.0,24215306387.3,21603356387.3
2015-09-11,'600739,辽宁成大,0.0,0.0,0.0,0.0,15.83,None,None,0.0,0,0.0,24215306387.3,21603356387.3
2015-09-10,'600739,辽宁成大,0.0,0.0,0.0,0.0,15.83,None,None,0.0,0,0.0,24215306387.3,21603356387.3
2015-09-09,'600739,辽宁成大,0.0,0.0,0.0,0.0,15.83,None,None,0.0,0,0.0,24215306387.3,21603356387.3
2015-09-08,'600739,辽宁成大,0.0,0.0,0.0,0.0,15.83,None,None,0.0,0,0.0,24215306387.3,21603356387.3
2015-09-07,'600739,辽宁成大,0.0,0.0,0.0,0.0,15.83,None,None,0.0,0,0.0,24215306387.3,21603356387.3
2015-09-02,'600739,辽宁成大,0.0,0.0,0.0,0.0,15.83,None,None,0.0,0,0.0,24215306387.3,21603356387.3
2015-09-01,'600739,辽宁成大,0.0,0.0,0.0,0.0,15.83,None,None,0.0,0,0.0,24215306387.3,21603356387.3
2015-08-31,'600739,辽宁成大,0.0,0.0,0.0,0.0,15.83,None,None,0.0,0,0.0,24215306387.3,21603356387.3
2015-08-28,'600739,辽宁成大,0.0,0.0,0.0,0.0,15.83,None,None,0.0,0,0.0,24215306387.3,21603356387.3
2015-08-27,'600739,辽宁成大,0.0,0.0,0.0,0.0,15.83,None,None,0.0,0,0.0,24215306387.3,21603356387.3
2015-08-26,'600739,辽宁成大,0.0,0.0,0.0,0.0,15.83,None,None,0.0,0,0.0,24215306387.3,21603356387.3
2015-08-25,'600739,辽宁成大,0.0,0.0,0.0,0.0,15.83,None,None,0.0,0,0.0,24215306387.3,21603356387.3
2015-08-24,'600739,辽宁成大,0.0,0.0,0.0,0.0,15.83,None,None,0.0,0,0.0,24215306387.3,21603356387.3
2015-08-21,'600739,辽宁成大,0.0,0.0,0.0,0.0,15.83,None,None,0.0,0,0.0,24215306387.3,21603356387.3
2015-08-20,'600739,辽宁成大,0.0,0.0,0.0,0.0,15.83,None,None,0.0,0,0.0,24215306387.3,21603356387.3
2015-08-19,'600739,辽宁成大,0.0,0.0,0.0,0.0,15.83,None,None,0.0,0,0.0,24215306387.3,21603356387.3
2015-08-18,'600739,辽宁成大,0.0,0.0,0.0,0.0,15.83,None,None,0.0,0,0.0,24215306387.3,21603356387.3
2015-08-17,'600739,辽宁成大,0.0,0.0,0.0,0.0,15.83,None,None,0.0,0,0.0,24215306387.3,21603356387.3
2015-08-14,'600739,辽宁成大,0.0,0.0,0.0,0.0,15.83,None,None,0.0,0,0.0,24215306387.3,21603356387.3
2015-08-13,'600739,辽宁成大,0.0,0.0,0.0,0.0,15.83,None,None,0.0,0,0.0,24215306387.3,21603356387.3
2015-08-12,'600739,辽宁成大,0.0,0.0,0.0,0.0,15.83,None,None,0.0,0,0.0,24215306387.3,21603356387.3
2015-08-11,'600739,辽宁成大,0.0,0.0,0.0,0.0,15.83,None,None,0.0,0,0.0,24215306387.3,21603356387.3
2015-08-10,'600739,辽宁成大,0.0,0.0,0.0,0.0,15.83,None,None,0.0,0,0.0,24215306387.3,21603356387.3
2015-08-07,'600739,辽宁成大,0.0,0.0,0.0,0.0,15.83,None,None,0.0,0,0.0,24215306387.3,21603356387.3
2015-08-06,'600739,辽宁成大,0.0,0.0,0.0,0.0,15.83,None,None,0.0,0,0.0,24215306387.3,21603356387.3
2015-08-05,'600739,辽宁成大,0.0,0.0,0.0,0.0,15.83,None,None,0.0,0,0.0,24215306387.3,21603356387.3
2015-08-04,'600739,辽宁成大,0.0,0.0,0.0,0.0,15.83,None,None,0.0,0,0.0,24215306387.3,21603356387.3
2015-08-03,'600739,辽宁成大,0.0,0.0,0.0,0.0,15.83,None,None,0.0,0,0.0,24215306387.3,21603356387.3
2015-07-31,'600739,辽宁成大,0.0,0.0,0.0,0.0,15.83,None,None,0.0,0,0.0,24215306387.3,21603356387.3
2015-07-30,'600739,辽宁成大,0.0,0.0,0.0,0.0,15.83,None,None,0.0,0,0.0,24215306387.3,21603356387.3
2015-07-29,'600739,辽宁成大,0.0,0.0,0.0,0.0,15.83,None,None,0.0,0,0.0,24215306387.3,21603356387.3
2015-07-28,'600739,辽宁成大,0.0,0.0,0.0,0.0,15.83,None,None,0.0,0,0.0,24215306387.3,21603356387.3
2015-07-27,'600739,辽宁成大,0.0,0.0,0.0,0.0,15.83,None,None,0.0,0,0.0,24215306387.3,21603356387.3
2015-07-24,'600739,辽宁成大,0.0,0.0,0.0,0.0,15.83,None,None,0.0,0,0.0,24215306387.3,21603356387.3
2015-07-23,'600739,辽宁成大,0.0,0.0,0.0,0.0,15.83,None,None,0.0,0,0.0,24215306387.3,21603356387.3
2015-07-22,'600739,辽宁成大,0.0,0.0,0.0,0.0,15.83,None,None,0.0,0,0.0,24215306387.3,21603356387.3
2015-07-21,'600739,辽宁成大,0.0,0.0,0.0,0.0,15.83,None,None,0.0,0,0.0,24215306387.3,21603356387.3
2015-07-20,'600739,辽宁成大,0.0,0.0,0.0,0.0,15.83,None,None,0.0,0,0.0,24215306387.3,21603356387.3
2015-07-17,'600739,辽宁成大,0.0,0.0,0.0,0.0,15.83,None,None,0.0,0,0.0,24215306387.3,21603356387.3
2015-07-16,'600739,辽宁成大,0.0,0.0,0.0,0.0,15.83,None,None,0.0,0,0.0,24215306387.3,21603356387.3
2015-07-15,'600739,辽宁成大,0.0,0.0,0.0,0.0,15.83,None,None,0.0,0,0.0,24215306387.3,21603356387.3
2015-07-14,'600739,辽宁成大,0.0,0.0,0.0,0.0,15.83,None,None,0.0,0,0.0,24215306387.3,21603356387.3
2015-07-13,'600739,辽宁成大,0.0,0.0,0.0,0.0,15.83,None,None,0.0,0,0.0,24215306387.3,21603356387.3
2015-07-10,'600739,辽宁成大,0.0,0.0,0.0,0.0,15.83,None,None,0.0,0,0.0,24215306387.3,21603356387.3
2015-07-09,'600739,辽宁成大,0.0,0.0,0.0,0.0,15.83,None,None,0.0,0,0.0,24215306387.3,21603356387.3
2015-07-08,'600739,辽宁成大,0.0,0.0,0.0,0.0,15.83,None,None,0.0,0,0.0,24215306387.3,21603356387.3
2015-07-07,'600739,辽宁成大,15.83,17.65,15.83,16.68,17.59,-1.76,-10.0057,8.415,114839947,1861312393.0,24215306387.3,21603356387.3
2015-07-06,'600739,辽宁成大,17.59,19.67,16.28,19.67,17.88,-0.29,-1.6219,8.9692,122402998,2207098614.0,26907595663.4,24005245663.4
2015-07-03,'600739,辽宁成大,17.88,20.55,17.83,17.9,19.81,-1.93,-9.7426,8.0182,109424588,2027831745.0,27351211510.1,24401011510.1
2015-07-02,'600739,辽宁成大,19.81,22.48,19.81,22.1,22.01,-2.2,-9.9955,5.8312,79579186,1637404716.0,30303551455.0,27034901455.0
2015-07-01,'600739,辽宁成大,22.01,24.77,22.01,23.5,24.45,-2.44,-9.9796,4.2659,58217255,1377271348.0,33668913050.2,30037263050.2
2015-06-30,'600739,辽宁成大,24.45,24.61,20.62,22.0,22.91,1.54,6.722,5.7614,78626241,1764918710.0,37401405001.2,33367155001.2
2015-06-29,'600739,辽宁成大,22.91,26.28,22.91,25.4,25.45,-2.54,-9.9804,4.9993,68226341,1651134059.0,35045651884.6,31265501884.6
2015-06-26,'600739,辽宁成大,25.45,27.9,25.45,27.25,28.28,-2.83,-10.0071,3.7046,50557374,1347375048.0,38931114817.2,34731864817.2
2015-06-25,'600739,辽宁成大,28.28,29.2,27.37,28.01,27.99,0.29,1.0361,5.0897,69459870,1963606492.0,43260193596.5,38593993596.5
2015-06-24,'600739,辽宁成大,27.99,28.29,26.81,28.0,27.76,0.23,0.8285,3.3763,46076080,1277885130.0,42816577749.8,38198227749.8
2015-06-23,'600739,辽宁成大,27.76,28.3,24.77,27.49,27.52,0.24,0.8721,3.9903,54455586,1467984910.0,42464744492.2,37884344492.2
2015-06-19,'600739,辽宁成大,27.52,30.4,27.52,29.9,30.58,-3.06,-10.0065,3.2919,44925117,1299663905.0,42097614136.3,37556814136.3
2015-06-18,'600739,辽宁成大,30.58,32.55,30.49,31.65,31.73,-1.15,-3.6243,2.6416,36049651,1139214783.0,46778526173.3,41732826173.3
2015-06-17,'600739,辽宁成大,31.73,31.98,30.0,31.29,31.45,0.28,0.8903,2.9123,39744888,1230356826.0,48537692461.7,43302242461.7
2015-06-16,'600739,辽宁成大,31.45,33.11,31.01,31.78,32.26,-0.81,-2.5108,3.6759,50165464,1611770751.0,48109373713.2,42920123713.2
2015-06-15,'600739,辽宁成大,32.26,33.98,32.15,33.71,33.58,-1.32,-3.9309,4.0822,55709594,1838734818.0,49348438664.2,44025538664.2
2015-06-12,'600739,XD辽宁成,33.58,33.96,32.9,33.8,33.53,0.05,0.1491,4.3001,58684099,1953559754.0,51367655621.3,45826955621.3
2015-06-11,'600739,辽宁成大,33.73,34.99,33.38,34.99,34.76,-1.03,-2.9632,5.2772,72018910,2438022163.0,51597112093.7,46031662093.7
2015-06-10,'600739,辽宁成大,34.76,35.26,33.8,34.65,34.67,0.09,0.2596,4.3864,59861184,2075370236.0,53172713204.2,47437313204.2
2015-06-09,'600739,辽宁成大,34.67,36.15,33.89,36.1,36.18,-1.51,-4.1736,5.3305,72746134,2548070533.0,53035039320.7,47314489320.7
2015-06-08,'600739,辽宁成大,36.18,36.53,34.0,34.25,34.25,1.93,5.635,6.6113,90224674,3180872764.0,55344901142.9,49375201142.9
2015-06-05,'600739,辽宁成大,34.25,35.3,33.59,35.0,33.97,0.28,0.8243,5.9738,81524939,2806972937.0,52392561198.0,46741311198.0
2015-06-04,'600739,辽宁成大,33.97,34.49,31.81,33.7,33.43,0.54,1.6153,5.1236,69922206,2344989378.0,51964242449.5,46359192449.5
2015-06-03,'600739,辽宁成大,33.43,34.56,33.0,34.45,34.15,-0.72,-2.1083,3.9172,53458664,1801270202.0,51138199148.9,45622249148.9
2015-06-02,'600739,辽宁成大,34.15,34.22,33.38,34.02,33.96,0.19,0.5595,4.0489,55256415,1868306817.0,52239590216.4,46604840216.4
2015-06-01,'600739,辽宁成大,33.96,34.19,32.39,32.9,32.39,1.57,4.8472,3.835,52337141,1751707129.0,51948945351.4,46345545351.4
2015-05-29,'600739,辽宁成大,32.39,33.36,31.01,33.0,32.81,-0.42,-1.2801,3.4591,47206041,1529219486.0,49547300940.2,44202950940.2
2015-05-28,'600739,辽宁成大,32.81,35.83,32.38,35.83,35.98,-3.17,-8.8105,6.8451,93415972,3179609969.0,50189779063.0,44776129063.0
2015-05-27,'600739,辽宁成大,35.98,36.86,35.49,36.3,36.21,-0.23,-0.6352,5.5616,75899161,2747905900.0,55038959179.7,49102259179.7
2015-05-26,'600739,辽宁成大,36.21,36.99,34.88,36.0,35.93,0.28,0.7793,4.4085,60163795,2162383650.0,55390792437.4,49416142437.4
2015-05-25,'600739,辽宁成大,35.93,37.59,33.07,33.46,34.27,1.66,4.8439,5.8347,79627161,2797661904.0,54962473688.9,49034023688.9
2015-05-22,'600739,辽宁成大,34.27,34.48,32.8,33.51,33.47,0.8,2.3902,4.9685,67806143,2272495467.0,52423155394.3,46768605394.3
2015-05-21,'600739,辽宁成大,33.47,34.19,32.66,32.66,32.36,1.11,3.4302,4.1584,56750045,1902686494.0,51199387541.5,45676837541.5
2015-05-20,'600739,辽宁成大,32.36,33.45,31.51,31.85,31.8,0.56,1.761,5.3754,73358884,2381753776.0,49501409645.8,44162009645.8
2015-05-19,'600739,辽宁成大,31.8,32.35,29.83,30.0,30.0,1.8,6.0,4.4813,61157228,1928977185.0,48644772148.8,43397772148.8
2015-05-18,'600739,辽宁成大,30.0,30.48,29.51,29.69,30.05,-0.05,-0.1664,2.4667,33663054,1011772745.0,45891294480.0,40941294480.0
