2016-02-05,'600779,*ST水井,10.5,10.78,10.45,10.45,10.44,0.06,0.5747,0.6262,3059182,32512120.0,5129729829.0,5129729829.0
2016-02-04,'600779,*ST水井,10.44,10.7,10.36,10.38,10.32,0.12,1.1628,0.5709,2789292,29437125.0,5100417087.12,5100417087.12
2016-02-03,'600779,*ST水井,10.32,10.37,10.06,10.26,10.34,-0.02,-0.1934,0.4013,1960583,20040995.0,5041791603.36,5041791603.36
2016-02-02,'600779,*ST水井,10.34,10.4,10.15,10.19,10.12,0.22,2.1739,0.5713,2790911,28771656.0,5051562517.32,5051562517.32
2016-02-01,'600779,*ST水井,10.12,10.35,9.86,10.0,9.86,0.26,2.6369,0.9804,4789733,48501846.0,4944082463.76,4944082463.76
2016-01-29,'600779,*ST水井,9.86,9.93,9.37,9.5,9.47,0.39,4.1183,0.6725,3285362,31898911.0,4817060582.28,4817060582.28
2016-01-28,'600779,*ST水井,9.47,9.83,9.28,9.29,9.36,0.11,1.1752,1.0617,5186968,50099832.0,4626527760.06,4626527760.06
2016-01-27,'600779,*ST水井,9.36,9.49,8.99,9.34,9.43,-0.07,-0.7423,0.6527,3188546,29413397.0,4572787733.28,4572787733.28
2016-01-26,'600779,*ST水井,9.43,9.98,9.43,9.81,9.93,-0.5,-5.0352,1.016,4963627,48215436.0,4606985932.14,4606985932.14
2016-01-25,'600779,*ST水井,9.93,10.06,9.73,9.73,9.7,0.23,2.3711,0.6367,3110775,30831717.0,4851258781.14,4851258781.14
2016-01-22,'600779,*ST水井,9.7,9.79,9.51,9.64,9.6,0.1,1.0417,0.7012,3425800,33074380.0,4738893270.6,4738893270.6
2016-01-21,'600779,*ST水井,9.6,10.04,9.57,9.6,9.82,-0.22,-2.2403,0.7841,3830811,37553784.0,4690038700.8,4690038700.8
2016-01-20,'600779,*ST水井,9.82,10.0,9.65,9.8,9.87,-0.05,-0.5066,0.8912,4354010,42798086.0,4797518754.36,4797518754.36
2016-01-19,'600779,*ST水井,9.87,9.87,9.35,9.4,9.4,0.47,5.0,1.0609,5182919,50106654.0,4821946039.26,4821946039.26
2016-01-18,'600779,*ST水井,9.4,9.56,9.01,9.02,9.31,0.09,0.9667,0.6136,2997910,28069719.0,4592329561.2,4592329561.2
2016-01-15,'600779,*ST水井,9.31,9.84,9.28,9.55,9.63,-0.32,-3.3229,1.6448,4857517,46484264.0,4548360448.38,2749461896.72
2016-01-14,'600779,*ST水井,9.63,9.65,8.83,9.0,9.19,0.44,4.7878,1.5672,4628207,42540480.0,4704695071.74,2843965420.56
2016-01-13,'600779,*ST水井,9.19,9.74,9.15,9.5,9.56,-0.37,-3.8703,1.642,4849111,46205050.0,4489734964.62,2714023075.28
2016-01-12,'600779,*ST水井,9.56,9.86,9.56,9.86,10.06,-0.5,-4.9702,2.2385,6610701,63365928.0,4670496872.88,2823292774.72
2016-01-11,'600779,*ST水井,10.06,10.45,10.06,10.45,10.59,-0.53,-5.0047,1.7909,5288900,54005567.0,4914769721.88,2970954530.72
2016-01-08,'600779,*ST水井,10.59,10.88,10.36,10.7,10.9,-0.31,-2.844,2.784,8221850,86716341.0,5173698941.82,3127475992.08
2016-01-07,'600779,*ST水井,10.9,11.19,10.9,11.16,11.47,-0.57,-4.9695,0.5243,1548300,17005947.0,5325148108.2,3219026280.8
2016-01-06,'600779,*ST水井,11.47,11.6,10.93,11.51,11.5,-0.03,-0.2609,2.966,8759270,98732233.0,5603619156.06,3387360682.64
2016-01-05,'600779,*ST水井,11.5,11.69,11.5,11.5,12.1,-0.6,-4.9587,1.9556,5775400,66522053.0,5618275527.0,3396220388.0
2016-01-04,'600779,*ST水井,12.1,12.88,12.1,12.85,12.74,-0.64,-5.0235,1.8885,5577225,68522890.0,5911402945.8,3573414495.2
2015-12-31,'600779,*ST水井,12.74,13.02,12.61,12.71,12.66,0.08,0.6319,1.437,4243705,54375780.0,6224072192.52,3762421542.88
2015-12-30,'600779,*ST水井,12.66,12.79,12.4,12.63,12.63,0.03,0.2375,1.1448,3380749,42715109.0,6184988536.68,3738795661.92
2015-12-29,'600779,*ST水井,12.63,12.8,12.3,12.64,12.64,-0.01,-0.0791,1.4044,4147588,52100895.0,6170332165.74,3729935956.56
2015-12-28,'600779,*ST水井,12.64,13.05,12.6,12.66,12.67,-0.03,-0.2368,2.1454,6335734,81486805.0,6175217622.72,3732889191.68
2015-12-25,'600779,*ST水井,12.67,12.7,12.05,12.05,12.38,0.29,2.3425,1.3323,3934554,49250345.0,6189873993.66,3741748897.04
2015-12-24,'600779,*ST水井,12.38,12.75,12.1,12.65,12.67,-0.29,-2.2889,1.975,5832598,72297952.0,6048195741.24,3656105078.56
2015-12-23,'600779,*ST水井,12.67,13.02,12.6,13.0,13.02,-0.35,-2.6882,1.9122,5647200,72512890.0,6189873993.66,3741748897.04
2015-12-22,'600779,*ST水井,13.02,13.25,12.95,13.14,13.1,-0.08,-0.6107,1.7306,5110737,66596027.0,6360864987.96,3845112126.24
2015-12-21,'600779,*ST水井,13.1,13.2,12.91,12.92,12.94,0.16,1.2365,1.9031,5620187,73543875.0,6399948643.8,3868738007.2
2015-12-18,'600779,*ST水井,12.94,13.3,12.9,13.22,13.23,-0.29,-2.192,1.5827,4673973,61087481.0,6321781332.12,3821486245.28
2015-12-17,'600779,*ST水井,13.23,13.57,12.98,12.98,12.97,0.26,2.0046,1.8518,5468806,72685575.0,6463459584.54,3907130063.76
2015-12-16,'600779,*ST水井,12.97,13.14,12.92,13.02,13.0,-0.03,-0.2308,1.1868,3505041,45629536.0,6336437703.06,3830345950.64
2015-12-15,'600779,*ST水井,13.0,13.16,12.9,13.16,13.05,-0.05,-0.3831,1.154,3408091,44329157.0,6351094074.0,3839205656.0
2015-12-14,'600779,*ST水井,13.05,13.15,12.48,12.7,12.83,0.22,1.7147,1.4437,4263711,55044291.0,6375521358.9,3853971831.6
2015-12-11,'600779,*ST水井,12.83,13.05,12.6,12.6,12.68,0.15,1.183,1.1499,3395867,43739052.0,6268041305.34,3789000658.96
2015-12-10,'600779,*ST水井,12.68,12.99,12.66,12.96,12.94,-0.26,-2.0093,1.2782,3774804,48550393.0,6194759450.64,3744702132.16
2015-12-09,'600779,*ST水井,12.94,13.25,12.8,12.85,13.0,-0.06,-0.4615,1.7078,5043590,65563594.0,6321781332.12,3821486245.28
2015-12-08,'600779,*ST水井,13.0,13.6,12.98,13.59,13.59,-0.59,-4.3414,2.6253,7753085,102594453.0,6351094074.0,3839205656.0
2015-12-07,'600779,*ST水井,13.59,13.69,13.16,13.16,13.16,0.43,3.2675,3.0988,9151486,123409332.0,6639336035.82,4013446528.08
2015-12-04,'600779,*ST水井,13.16,13.18,12.48,12.54,12.55,0.61,4.8606,3.2591,9624981,124986655.0,6429261385.68,3886457417.92
2015-12-03,'600779,*ST水井,12.55,12.55,11.99,12.09,11.95,0.6,5.0209,1.6665,4921669,60314637.0,6131248509.9,3706310075.6
2015-12-02,'600779,*ST水井,11.95,12.44,11.69,12.31,12.31,-0.36,-2.9245,1.9904,5878030,70696574.0,5838121091.1,3529115968.4
2015-12-01,'600779,*ST水井,12.31,12.45,12.17,12.2,12.27,0.04,0.326,1.7667,5217602,64215842.0,6013997542.38,3635432432.72
2015-11-30,'600779,*ST水井,12.27,12.79,11.91,12.52,12.54,-0.27,-2.1531,3.9895,11781870,144023518.0,5994455714.46,3623619492.24
2015-11-27,'600779,*ST水井,12.54,13.45,12.35,12.9,13.0,-0.46,-3.5385,3.9334,11616286,150711211.0,6126363052.92,3703356840.48
2015-11-26,'600779,*ST水井,13.0,13.12,12.61,12.85,12.78,0.22,1.7214,3.271,9659968,124680953.0,6351094074.0,3839205656.0
2015-11-25,'600779,*ST水井,12.78,13.67,12.73,13.15,13.02,-0.24,-1.8433,7.3036,21569321,286888586.0,6243614020.44,3774234483.36
2015-11-24,'600779,*ST水井,13.02,13.02,12.25,12.45,12.4,0.62,5.0,4.8069,14195944,179367191.0,6360864987.96,3845112126.24
2015-11-23,'600779,*ST水井,12.4,12.56,11.99,12.01,11.96,0.44,3.6789,2.5021,7389407,91811766.0,6057966655.2,3662011548.8
2015-11-20,'600779,*ST水井,11.96,11.96,11.34,11.49,11.39,0.57,5.0044,3.0659,9054404,106422812.0,5843006548.08,3532069203.52
2015-11-19,'600779,*ST水井,11.39,11.44,11.15,11.2,11.13,0.26,2.336,2.0907,6174296,69851959.0,5564535500.22,3363734801.68
2015-11-18,'600779,*ST水井,11.13,11.58,11.09,11.13,11.13,0.0,0.0,3.0079,8882931,101023370.0,5437513618.74,3286950688.56
2015-11-17,'600779,*ST水井,11.13,11.66,11.11,11.55,11.41,-0.28,-2.454,2.9674,8763320,99751882.0,5437513618.74,3286950688.56
2015-11-16,'600779,*ST水井,11.41,11.42,10.53,10.6,10.88,0.53,4.8713,2.6194,7735590,85793884.0,5574306414.18,3369641271.92
2015-11-13,'600779,*ST水井,10.88,11.17,10.85,11.0,11.12,-0.24,-2.1583,2.5575,7552851,83031215.0,5315377194.24,3213119810.56
2015-11-12,'600779,*ST水井,11.12,11.65,10.98,11.29,11.16,-0.04,-0.3584,3.9941,11795479,132540700.0,5432628161.76,3283997453.44
2015-11-11,'600779,*ST水井,11.16,11.16,10.59,10.6,10.63,0.53,4.9859,3.2095,9478550,104696458.0,5452169989.68,3295810393.92
2015-11-10,'600779,*ST水井,10.63,10.83,10.24,10.31,10.31,0.32,3.1038,2.81,8298642,88092145.0,5193240769.74,3139288932.56
2015-11-09,'600779,*ST水井,10.31,10.37,10.11,10.22,10.24,0.07,0.6836,2.0499,6053977,62052492.0,5036906146.38,3044785408.72
2015-11-06,'600779,*ST水井,10.24,10.28,10.01,10.01,10.03,0.21,2.0937,1.9611,5791579,58974130.0,5002707947.52,3024112762.88
2015-11-05,'600779,*ST水井,10.03,10.08,9.95,9.95,10.0,0.03,0.3,2.6838,7925941,79380831.0,4900113350.94,2962094825.36
2015-11-04,'600779,*ST水井,10.0,10.05,9.7,9.71,9.69,0.31,3.1992,2.0052,5921867,58567216.0,4885456980.0,2953235120.0
2015-11-03,'600779,*ST水井,9.69,9.91,9.61,9.79,9.75,-0.06,-0.6154,1.5957,4712399,45876859.0,4734007813.62,2861684831.28
2015-11-02,'600779,*ST水井,9.75,9.93,9.43,9.58,9.69,0.06,0.6192,2.5369,7492068,73220843.0,4763320555.5,2879404242.0
2015-10-30,'600779,*ST水井,9.69,9.8,9.5,9.73,9.71,-0.02,-0.206,2.3024,6799497,65856275.0,4734007813.62,2861684831.28
2015-10-29,'600779,*ST水井,9.71,9.75,9.4,9.47,9.47,0.24,2.5343,2.2171,6547528,62862797.0,4743778727.58,2867591301.52
2015-10-28,'600779,*ST水井,9.47,9.63,9.36,9.39,9.44,0.03,0.3178,2.1992,6494811,61830904.0,4626527760.06,2796713658.64
2015-10-27,'600779,*ST水井,9.44,9.48,9.15,9.43,9.48,-0.04,-0.4219,1.907,5631805,52487936.0,4611871389.12,2787853953.28
2015-10-26,'600779,*ST水井,9.48,9.54,9.37,9.4,9.37,0.11,1.174,2.1521,6355677,60082418.0,4631413217.04,2799666893.76
2015-10-23,'600779,*ST水井,9.37,9.43,9.18,9.18,9.15,0.22,2.4044,1.8978,5604722,52147479.0,4577673190.26,2767181307.44
2015-10-22,'600779,*ST水井,9.15,9.21,8.92,9.03,9.03,0.12,1.3289,2.232,6591529,59901208.0,4470193136.7,2702210134.8
2015-10-21,'600779,*ST水井,9.03,9.68,9.03,9.45,9.51,-0.48,-5.0473,4.0276,11894461,111025930.0,4411567652.94,2666771313.36
2015-10-20,'600779,*ST水井,9.51,9.51,9.08,9.12,9.06,0.45,4.9669,3.1436,9283754,86887034.0,4646069587.98,2808526599.12
2015-10-19,'600779,*ST水井,9.06,9.28,9.0,9.25,9.25,-0.19,-2.0541,2.19,6467587,59084921.0,4426224023.88,2675631018.72
2015-10-16,'600779,*ST水井,9.25,9.35,9.05,9.24,9.25,0.0,0.0,2.674,7896974,72743310.0,4519047706.5,2731742486.0
2015-10-15,'600779,*ST水井,9.25,9.26,8.9,8.98,8.83,0.42,4.7565,2.6322,7773485,70930674.0,4519047706.5,2731742486.0
2015-10-14,'600779,*ST水井,8.83,9.05,8.75,8.79,8.82,0.01,0.1134,1.5065,4449112,39543058.0,4313858513.34,2607706610.96
2015-10-13,'600779,*ST水井,8.82,8.9,8.7,8.82,8.81,0.01,0.1135,1.3442,3969703,34916635.0,4308973056.36,2604753375.84
2015-10-12,'600779,*ST水井,8.81,8.9,8.51,8.56,8.52,0.29,3.4038,1.6921,4997030,43763054.0,4304087599.38,2601800140.72
2015-10-09,'600779,*ST水井,8.52,8.55,8.31,8.35,8.35,0.17,2.0359,1.4464,4271539,36079334.0,4162409346.96,2516156322.24
2015-10-08,'600779,*ST水井,8.35,8.45,8.3,8.32,8.1,0.25,3.0864,1.4499,4282012,35771353.0,4079356578.3,2465951325.2
2015-09-30,'600779,*ST水井,8.1,8.14,8.0,8.02,8.01,0.09,1.1236,0.6293,1858420,15025634.0,3957220153.8,2392120447.2
2015-09-29,'600779,*ST水井,8.01,8.16,7.9,8.1,8.17,-0.16,-1.9584,0.9055,2674210,21525805.0,3913251040.98,2365541331.12
2015-09-28,'600779,*ST水井,8.17,8.18,7.98,8.02,8.0,0.17,2.125,0.7647,2258233,18292864.0,3991418352.66,2412793093.04
2015-09-25,'600779,*ST水井,8.0,8.32,7.98,8.25,8.28,-0.28,-3.3816,1.3067,3858933,31509914.0,3908365584.0,2362588096.0
2015-09-24,'600779,*ST水井,8.28,8.3,8.22,8.22,8.23,0.05,0.6075,0.9817,2899278,23950005.0,4045158379.44,2445278679.36
2015-09-23,'600779,*ST水井,8.23,8.33,8.1,8.19,8.3,-0.07,-0.8434,1.5406,4549865,37334692.0,4020731094.54,2430512503.76
2015-09-22,'600779,*ST水井,8.3,8.46,8.26,8.33,8.26,0.04,0.4843,2.0937,6183209,51716237.0,4054929293.4,2451185149.6
2015-09-21,'600779,*ST水井,8.26,8.35,7.85,7.87,7.99,0.27,3.3792,2.1126,6238938,50796175.0,4035387465.48,2439372209.12
2015-09-18,'600779,*ST水井,7.99,8.05,7.67,7.74,7.69,0.3,3.9012,2.2195,6554841,51688140.0,3903480127.02,2359634860.88
2015-09-17,'600779,*ST水井,7.69,7.93,7.62,7.7,7.74,-0.05,-0.646,2.7574,8143210,63325958.0,3756916417.62,2271037807.28
2015-09-16,'600779,*ST水井,7.74,7.74,7.33,7.37,7.37,0.37,5.0204,2.1839,6449595,48583675.0,3781343702.52,2285803982.88
2015-09-15,'600779,*ST水井,7.37,7.72,7.37,7.52,7.76,-0.39,-5.0258,2.1649,6393331,47925311.0,3600581794.26,2176534283.44
2015-09-14,'600779,*ST水井,7.76,8.27,7.76,8.17,8.17,-0.41,-5.0184,2.0383,6019486,47869472.0,3791114616.48,2291710453.12
2015-09-11,'600779,*ST水井,8.17,8.24,8.04,8.19,8.14,0.03,0.3686,1.601,4728052,38482217.0,3991418352.66,2412793093.04
2015-09-10,'600779,*ST水井,8.14,8.27,8.11,8.15,8.29,-0.15,-1.8094,1.8471,5454856,44688758.0,3976761981.72,2403933387.68
2015-09-09,'600779,*ST水井,8.29,8.3,8.0,8.05,8.02,0.27,3.3666,3.3521,9899519,80885481.0,4050043836.42,2448231914.48
2015-09-08,'600779,*ST水井,8.02,8.04,7.57,7.62,7.66,0.36,4.6997,2.6905,7945727,62127731.0,3918136497.96,2368494566.24
2015-09-07,'600779,*ST水井,7.66,7.77,7.48,7.5,7.4,0.26,3.5135,2.4124,7124441,54758207.0,3742260046.68,2262178101.92
2015-09-02,'600779,*ST水井,7.4,7.79,7.38,7.44,7.77,-0.37,-4.7619,3.1485,9298156,69830941.0,3615238165.2,2185393988.8
2015-09-01,'600779,*ST水井,7.77,8.06,7.77,8.06,8.18,-0.41,-5.0122,3.3009,9748463,76321736.0,3796000073.46,2294663688.24
2015-08-31,'600779,*ST水井,8.18,8.56,8.18,8.5,8.61,-0.43,-4.9942,3.2955,9732314,80858038.0,3996303809.64,2415746328.16
2015-08-28,'600779,*ST水井,8.61,8.61,8.22,8.3,8.2,0.41,5.0,3.8652,11414808,95924159.0,4206378459.78,2542735438.32
2015-08-27,'600779,*ST水井,8.2,8.49,8.04,8.16,8.46,-0.26,-3.0733,5.0759,14990184,122653794.0,4006074723.6,2421652798.4
2015-08-26,'600779,*ST水井,8.46,8.87,8.46,8.46,8.91,-0.45,-5.0505,4.1537,12266720,104177010.0,4133096605.08,2498436911.52
2015-08-25,'600779,*ST水井,8.91,8.91,8.91,8.91,9.38,-0.47,-5.0107,0.4253,1256100,11191851.0,4352942169.18,2631332491.92
2015-08-24,'600779,*ST水井,9.38,9.4,9.38,9.38,9.87,-0.49,-4.9645,0.9086,2683200,25169596.0,4582558647.24,2770134542.56
2015-08-21,'600779,*ST水井,9.87,10.32,9.87,10.2,10.39,-0.52,-5.0048,4.1432,12235744,122186718.0,4821946039.26,2914843063.44
2015-08-20,'600779,*ST水井,10.39,10.79,10.38,10.6,10.73,-0.34,-3.1687,3.1135,9194846,97225792.0,5075989802.22,3068411289.68
2015-08-19,'600779,*ST水井,10.73,10.87,10.39,10.39,10.94,-0.21,-1.9196,5.1742,15280701,159884735.0,5242095339.54,3168821283.76
2015-08-18,'600779,*ST水井,10.94,11.57,10.94,11.49,11.52,-0.58,-5.0347,5.0,14766071,164875379.0,5344689936.12,3230839221.28
2015-08-17,'600779,*ST水井,11.52,11.54,11.02,11.1,11.1,0.42,3.7838,4.387,12955717,146399138.0,5628046440.96,3402126858.24
2015-08-14,'600779,*ST水井,11.1,11.3,10.78,10.78,10.77,0.33,3.0641,4.2272,12483899,137928868.0,5422857247.8,3278090983.2
2015-08-13,'600779,*ST水井,10.77,10.78,10.51,10.58,10.6,0.17,1.6038,2.9041,8576546,91377833.0,5261637167.46,3180634224.24
2015-08-12,'600779,*ST水井,10.6,10.76,10.45,10.52,10.6,0.0,0.0,2.8916,8539664,90643035.0,5178584398.8,3130429227.2
2015-08-11,'600779,*ST水井,10.6,10.79,10.47,10.75,10.77,-0.17,-1.5785,4.6181,13638321,145141626.0,5178584398.8,3130429227.2
2015-08-10,'600779,*ST水井,10.77,10.87,10.4,10.54,10.43,0.34,3.2598,3.4974,10328522,109607875.0,5261637167.46,3180634224.24
2015-08-07,'600779,*ST水井,10.43,10.51,10.19,10.2,10.15,0.28,2.7586,2.7318,8067584,83705557.0,5095531630.14,3080224230.16
2015-08-06,'600779,*ST水井,10.15,10.33,9.75,9.8,9.97,0.18,1.8054,2.9547,8726037,88306251.0,4958738834.7,2997533646.8
2015-08-05,'600779,*ST水井,9.97,10.3,9.91,9.95,9.81,0.16,1.631,5.2577,15527296,157512875.0,4870800609.06,2944375414.64
2015-08-04,'600779,*ST水井,9.81,9.81,9.37,9.38,9.34,0.47,5.0321,3.2034,9460304,91121475.0,4792633297.38,2897123652.72
2015-08-03,'600779,*ST水井,9.34,9.75,9.15,9.46,9.55,-0.21,-2.199,3.0885,9120984,86240901.0,4563016819.32,2758321602.08
2015-07-31,'600779,*ST水井,9.55,9.73,9.35,9.5,9.71,-0.16,-1.6478,2.7009,7976272,76363243.0,4665611415.9,2820339539.6
2015-07-30,'600779,*ST水井,9.71,10.12,9.65,9.99,10.01,-0.3,-2.997,3.4258,10117235,100952633.0,4743778727.58,2867591301.52
2015-07-29,'600779,*ST水井,10.01,10.06,9.41,9.91,9.77,0.24,2.4565,3.9461,11653848,113595627.0,4890342436.98,2956188355.12
2015-07-28,'600779,*ST水井,9.77,10.02,9.77,9.77,10.28,-0.51,-4.9611,5.2832,15602637,152837296.0,4773091469.46,2885310712.24
2015-07-27,'600779,*ST水井,10.28,10.79,10.28,10.45,10.82,-0.54,-4.9908,5.0243,14837922,156075526.0,5022249775.44,3035925703.36
2015-07-24,'600779,*ST水井,10.82,11.24,10.79,11.1,11.09,-0.27,-2.4346,6.5773,19424255,214457084.0,5286064452.36,3195400399.84
2015-07-23,'600779,*ST水井,11.09,11.14,10.7,10.72,10.7,0.39,3.6449,4.988,14730667,161078568.0,5417971790.82,3275137748.08
2015-07-22,'600779,*ST水井,10.7,10.87,10.48,10.7,10.7,0.0,0.0,4.4099,13023344,139326292.0,5227438968.6,3159961578.4
2015-07-21,'600779,*ST水井,10.7,10.94,10.2,10.35,10.48,0.22,2.0992,4.7278,13962217,147629101.0,5227438968.6,3159961578.4
2015-07-20,'600779,*ST水井,10.48,10.7,10.23,10.39,10.38,0.1,0.9634,5.295,15637349,163920727.0,5119958915.04,3094990405.76
2015-07-17,'600779,*ST水井,10.38,10.38,9.85,9.91,9.89,0.49,4.9545,5.4213,16010386,163901855.0,5071104345.24,3065458054.56
2015-07-16,'600779,*ST水井,9.89,10.22,9.6,9.6,10.1,-0.21,-2.0792,5.3144,15694620,153703769.0,4831716953.22,2920749533.68
2015-07-15,'600779,*ST水井,10.1,10.62,10.1,10.49,10.63,-0.53,-4.9859,3.7995,11220779,114757786.0,4934311549.8,2982767471.2
2015-07-14,'600779,*ST水井,10.63,11.28,10.53,10.85,11.08,-0.45,-4.0614,6.8846,20331896,221084228.0,5193240769.74,3139288932.56
2015-07-13,'600779,*ST水井,11.08,11.25,10.51,10.68,10.76,0.32,2.974,7.5846,22399026,244084197.0,5413086333.84,3272184512.96
2015-07-10,'600779,*ST水井,10.76,10.76,10.07,10.08,10.25,0.51,4.9756,8.9463,26420561,279895952.0,5256751710.48,3177680989.12
2015-07-09,'600779,*ST水井,10.25,10.25,9.27,9.27,9.76,0.49,5.0205,11.3992,33664468,327195065.0,5007593404.5,3027065998.0
2015-07-08,'600779,*ST水井,9.76,9.76,9.76,9.76,10.27,-0.51,-4.9659,0.0676,199700,1949072.0,4768206012.48,2882357477.12
2015-07-07,'600779,*ST水井,10.27,10.27,10.27,10.27,10.81,-0.54,-4.9954,0.1904,562200,5773794.0,5017364318.46,3032972468.24
2015-07-06,'600779,*ST水井,10.81,11.95,10.81,11.95,11.38,-0.57,-5.0088,3.018,8912833,99483360.0,5281178995.38,3192447164.72
2015-07-03,'600779,*ST水井,11.38,11.69,11.38,11.38,11.98,-0.6,-5.0083,3.5007,10338524,117986112.0,5559650043.24,3360781566.56
2015-07-02,'600779,*ST水井,11.98,12.29,11.98,12.29,12.61,-0.63,-4.996,3.8127,11259928,135531767.0,5852777462.04,3537975673.76
2015-07-01,'600779,*ST水井,12.61,13.4,12.61,13.1,13.27,-0.66,-4.9736,5.1586,15234579,199567696.0,6160561251.78,3724029486.32
2015-06-30,'600779,*ST水井,13.27,13.4,12.21,12.48,12.85,0.42,3.2685,5.8125,17165555,215989219.0,6483001412.46,3918943004.24
2015-06-29,'600779,*ST水井,12.85,13.79,12.85,13.7,13.53,-0.68,-5.0259,5.7623,17017414,221846316.0,6277812219.3,3794907129.2
2015-06-26,'600779,*ST水井,13.53,13.9,13.53,13.8,14.24,-0.71,-4.986,3.3603,9923747,135437130.0,6610023293.94,3995727117.36
2015-06-25,'600779,*ST水井,14.24,14.98,13.96,14.66,14.6,-0.36,-2.4658,4.888,14435369,211358644.0,6956890739.52,4205406810.88
2015-06-24,'600779,*ST水井,14.6,14.6,14.1,14.22,13.9,0.7,5.036,5.4392,16063300,232823958.0,7132767190.8,4311723275.2
2015-06-23,'600779,*ST水井,13.9,14.22,13.67,14.05,14.39,-0.49,-3.4051,4.5474,13429604,185523082.0,6790785202.2,4104996816.8
2015-06-19,'600779,*ST水井,14.39,14.85,14.39,14.82,15.15,-0.76,-5.0165,3.169,9358810,135996724.0,7030172594.22,4249705337.68
2015-06-18,'600779,*ST水井,15.15,16.1,15.14,15.97,15.94,-0.79,-4.9561,3.667,10829381,170189194.0,7401467324.7,4474151206.8
2015-06-17,'600779,*ST水井,15.94,16.01,15.0,15.85,15.79,0.15,0.95,5.2786,15588950,240999310.0,7787418426.12,4707456781.28
2015-06-16,'600779,*ST水井,15.79,16.47,15.6,16.11,16.4,-0.61,-3.7195,5.4971,16234308,260643080.0,7714136571.42,4663158254.48
2015-06-15,'600779,*ST水井,16.4,17.19,16.28,17.17,16.37,0.03,0.1833,9.2675,27369124,461520639.0,8012149447.2,4843305596.8
2015-06-12,'600779,*ST水井,16.37,16.37,15.8,15.91,15.59,0.78,5.0032,3.7152,10971987,177067346.0,7997493076.26,4834445891.44
2015-06-11,'600779,*ST水井,15.59,15.59,14.6,14.7,14.85,0.74,4.9832,6.6258,19567584,299454857.0,7616427431.82,4604093552.08
2015-06-10,'600779,*ST水井,14.85,15.45,14.4,14.5,14.82,0.03,0.2024,7.1479,21109465,315457833.0,7254903615.3,4385554153.2
2015-06-09,'600779,*ST水井,14.82,14.82,14.4,14.82,14.11,0.71,5.0319,9.8709,29150978,431114535.0,7240247244.36,4376694447.84
2015-06-08,'600779,*ST水井,14.11,14.11,14.11,14.11,13.44,0.67,4.9851,1.0459,3088814,43583166.0,6893379798.78,4167014754.32
2015-06-05,'600779,*ST水井,13.44,13.44,12.95,12.95,12.8,0.64,5.0,8.2115,24250525,321302583.0,6566054181.12,3969148001.28
2015-06-04,'600779,*ST水井,12.8,13.09,12.41,13.01,13.06,-0.26,-1.9908,5.4708,16156685,205112706.0,6253384934.4,3780140953.6
2015-06-03,'600779,*ST水井,13.06,13.54,12.9,13.54,13.48,-0.42,-3.1157,5.9919,17695529,233806615.0,6380406815.88,3856925066.72
2015-06-02,'600779,*ST水井,13.48,13.56,13.17,13.3,13.32,0.16,1.2012,4.5117,13323977,178795896.0,6585596009.04,3980960941.76
2015-06-01,'600779,*ST水井,13.32,13.32,12.7,12.79,12.69,0.63,4.9645,4.9783,14702196,192434498.0,6507428697.36,3933709179.84
2015-05-29,'600779,*ST水井,12.69,13.07,12.02,12.55,12.57,0.12,0.9547,6.0863,17974167,226667126.0,6199644907.62,3747655367.28
2015-05-28,'600779,*ST水井,12.57,13.74,12.49,13.09,13.09,-0.52,-3.9725,9.4481,27902564,371421656.0,6141019423.86,3712216545.84
2015-05-27,'600779,*ST水井,13.09,13.19,12.45,12.8,12.83,0.26,2.0265,6.9832,20623010,265140908.0,6395063186.82,3865784772.08
2015-05-26,'600779,*ST水井,12.83,12.86,12.37,12.52,12.51,0.32,2.558,5.6106,16569427,208890318.0,6268041305.34,3789000658.96
2015-05-25,'600779,*ST水井,12.51,12.56,12.15,12.15,12.24,0.27,2.2059,5.3394,15768616,196254688.0,6111706681.98,3694497135.12
2015-05-22,'600779,*ST水井,12.24,12.26,11.78,11.86,11.76,0.48,4.0816,5.5298,16330922,196197056.0,5979799343.52,3614759786.88
2015-05-21,'600779,*ST水井,11.76,11.91,11.59,11.74,11.69,0.07,0.5988,3.7189,10982912,128988743.0,5745297408.48,3473004501.12
2015-05-20,'600779,*ST水井,11.69,11.95,11.59,11.6,11.61,0.08,0.6891,3.7,10927017,128793155.0,5711099209.62,3452331855.28
2015-05-19,'600779,*ST水井,11.61,11.67,11.3,11.32,11.37,0.24,2.1108,2.6861,7932730,91781353.0,5672015553.78,3428705974.32
2015-05-18,'600779,*ST水井,11.37,11.5,11.13,11.22,11.3,0.07,0.6195,2.3928,7066489,80232759.0,5554764586.26,3357828331.44
2015-05-15,'600779,*ST水井,11.3,11.59,11.22,11.44,11.41,-0.11,-0.9641,2.9185,8618992,98326273.0,5520566387.4,3337155685.6
2015-05-14,'600779,*ST水井,11.41,11.5,11.18,11.28,11.27,0.14,1.2422,3.2665,9646605,109973745.0,5574306414.18,3369641271.92
2015-05-13,'600779,*ST水井,11.27,11.41,11.22,11.27,11.31,-0.04,-0.3537,2.9887,8826259,99971605.0,5505910016.46,3328295980.24
2015-05-12,'600779,*ST水井,11.31,11.37,11.23,11.29,11.28,0.03,0.266,3.1175,9206829,103980992.0,5525451844.38,3340108920.72
2015-05-11,'600779,*ST水井,11.28,11.39,10.86,10.92,10.95,0.33,3.0137,4.1575,12278081,136922173.0,5510795473.44,3331249215.36
2015-05-08,'600779,*ST水井,10.95,10.96,10.59,10.65,10.48,0.47,4.4847,3.2123,9486642,101542246.0,5349575393.1,3233792456.4
2015-05-07,'600779,*ST水井,10.48,11.01,10.42,10.95,10.96,-0.48,-4.3796,3.9193,11574678,123995997.0,5119958915.04,3094990405.76
2015-05-06,'600779,*ST水井,10.96,11.49,10.82,11.39,11.39,-0.43,-3.7752,4.2972,12690567,142292142.0,5354460850.08,3236745691.52
2015-05-05,'600779,*ST水井,11.39,11.77,11.28,11.41,11.41,-0.02,-0.1753,6.5059,19213367,221431212.0,5564535500.22,3363734801.68
2015-05-04,'600779,*ST水井,11.41,11.75,11.41,11.5,12.01,-0.6,-4.9958,5.6559,16703151,191120852.0,5574306414.18,3369641271.92
2015-04-30,'600779,水井坊,0.0,0.0,0.0,0.0,12.01,None,None,0.0,0,0.0,5867433832.98,3546835379.12
2015-04-29,'600779,水井坊,12.01,12.1,11.81,11.93,11.9,0.11,0.9244,5.0898,15031324,180488204.0,5867433832.98,3546835379.12
2015-04-28,'600779,水井坊,11.9,12.39,11.7,12.39,12.46,-0.56,-4.4944,7.8966,23320549,280601911.0,5813693806.2,3514349792.8
2015-04-27,'600779,水井坊,12.46,12.7,12.36,12.53,12.56,-0.1,-0.7962,7.6533,22601991,282761426.0,6087279397.08,3679730959.52
2015-04-24,'600779,水井坊,12.56,12.87,12.26,12.4,12.69,-0.13,-1.0244,6.7688,19989720,252405767.0,6136133966.88,3709263310.72
2015-04-23,'600779,水井坊,12.69,12.81,12.45,12.8,12.81,-0.12,-0.9368,8.5908,25370635,320542325.0,6199644907.62,3747655367.28
2015-04-22,'600779,水井坊,12.81,12.97,12.58,12.84,12.64,0.17,1.3449,10.2691,30327099,385579349.0,6258270391.38,3783094188.72
2015-04-21,'600779,水井坊,12.64,12.65,12.18,12.18,12.14,0.5,4.1186,8.1308,24012296,300017535.0,6175217622.72,3732889191.68
2015-04-20,'600779,水井坊,12.14,12.66,12.03,12.35,12.44,-0.3,-2.4116,8.5666,25299093,311294157.0,5930944773.72,3585227435.68
2015-04-17,'600779,水井坊,12.44,12.87,12.36,12.7,12.64,-0.2,-1.5823,9.8698,29147987,365921654.0,6077508483.12,3673824489.28
2015-04-16,'600779,水井坊,12.64,12.93,11.41,11.66,11.77,0.87,7.3917,11.975,35364875,437550293.0,6175217622.72,3732889191.68
2015-04-15,'600779,水井坊,11.77,12.35,11.7,12.09,12.16,-0.39,-3.2072,7.6137,22485147,270636468.0,5750182865.46,3475957736.24
2015-04-14,'600779,水井坊,12.16,12.78,12.03,12.4,11.8,0.36,3.0508,13.4068,39593568,489561914.0,5940715687.68,3591133905.92
2015-04-13,'600779,水井坊,11.8,11.96,11.6,11.73,11.81,-0.01,-0.0847,11.66,34434647,405339122.0,5764839236.4,3484817441.6
2015-04-10,'600779,水井坊,11.81,11.96,10.85,11.03,11.06,0.75,6.7812,14.1275,41721689,477957132.0,5769724693.38,3487770676.72
2015-04-09,'600779,水井坊,11.06,11.39,10.7,11.14,11.08,-0.02,-0.1805,10.1046,29841121,331941921.0,5403315419.88,3266278042.72
2015-04-08,'600779,水井坊,11.08,11.23,10.89,11.05,11.06,0.02,0.1808,8.5803,25339497,280623914.0,5413086333.84,3272184512.96
2015-04-07,'600779,水井坊,11.06,11.16,10.78,10.82,10.82,0.24,2.2181,8.7017,25698137,281863492.0,5403315419.88,3266278042.72
2015-04-03,'600779,水井坊,10.82,10.84,10.43,10.48,10.56,0.26,2.4621,9.0885,26840429,285533882.0,5286064452.36,3195400399.84
2015-04-02,'600779,水井坊,10.56,10.58,10.41,10.43,10.57,-0.01,-0.0946,6.5301,19284822,202597322.0,5159042570.88,3118616286.72
2015-04-01,'600779,水井坊,10.57,10.59,10.25,10.47,10.54,0.03,0.2846,8.1203,23981053,250218684.0,5163928027.86,3121569521.84
2015-03-31,'600779,水井坊,10.54,10.95,10.4,10.71,10.79,-0.25,-2.317,6.9021,20383382,217867479.0,5149271656.92,3112709816.48
2015-03-30,'600779,水井坊,10.79,10.85,10.55,10.61,10.59,0.2,1.8886,6.3304,18695165,200683166.0,5271408081.42,3186540694.48
2015-03-27,'600779,水井坊,10.59,10.75,10.46,10.57,10.63,-0.04,-0.3763,6.4932,19175910,203403965.0,5173698941.82,3127475992.08
2015-03-26,'600779,水井坊,10.63,10.68,10.11,10.24,10.27,0.36,3.5054,10.8305,31985014,333390935.0,5193240769.74,3139288932.56
2015-03-25,'600779,水井坊,10.27,10.3,10.07,10.15,10.21,0.06,0.5877,5.2716,15568289,158574406.0,5017364318.46,3032972468.24
2015-03-24,'600779,水井坊,10.21,10.43,9.95,10.41,10.37,-0.16,-1.5429,7.8213,23098069,236526915.0,4988051576.58,3015253057.52
2015-03-23,'600779,水井坊,10.37,10.57,10.27,10.32,10.32,0.05,0.4845,7.6091,22471464,233433142.0,5066218888.26,3062504819.44
2015-03-20,'600779,水井坊,10.32,10.39,10.23,10.39,10.42,-0.1,-0.9597,4.5287,13374259,137902198.0,5041791603.36,3047738643.84
2015-03-19,'600779,水井坊,10.42,10.44,10.08,10.24,10.22,0.2,1.9569,7.7363,22847037,235104950.0,5090646173.16,3077270995.04
2015-03-18,'600779,水井坊,10.22,10.33,9.73,9.76,9.76,0.46,4.7131,8.7407,25813419,260182215.0,4992937033.56,3018206292.64
2015-03-17,'600779,水井坊,9.76,9.91,9.6,9.69,9.66,0.1,1.0352,6.058,17890707,175080412.0,4768206012.48,2882357477.12
2015-03-16,'600779,水井坊,9.66,9.69,9.5,9.51,9.46,0.2,2.1142,5.1345,15163378,145819776.0,4719351442.68,2852825125.92
2015-03-13,'600779,水井坊,9.46,9.5,9.4,9.48,9.43,0.03,0.3181,3.2991,9743133,92113702.0,4621642303.08,2793760423.52
2015-03-12,'600779,水井坊,9.43,9.58,9.35,9.51,9.5,-0.07,-0.7368,4.2472,12542981,118470820.0,4606985932.14,2784900718.16
2015-03-11,'600779,水井坊,9.5,9.5,9.27,9.27,9.27,0.23,2.4811,5.9395,17540710,164809049.0,4641184131.0,2805573364.0
2015-03-10,'600779,水井坊,9.27,9.34,9.15,9.16,9.2,0.07,0.7609,3.415,10085290,93604759.0,4528818620.46,2737648956.24
2015-03-09,'600779,水井坊,9.2,9.2,9.03,9.14,9.17,0.03,0.3272,2.6206,7739270,70539526.0,4494620421.6,2716976310.4
2015-03-06,'600779,水井坊,9.17,9.23,9.13,9.21,9.22,-0.05,-0.5423,2.4458,7223094,66265547.0,4479964050.66,2708116605.04
2015-03-05,'600779,水井坊,9.22,9.28,9.15,9.26,9.26,-0.04,-0.432,3.0589,9033546,83224181.0,4504391335.56,2722882780.64
2015-03-04,'600779,水井坊,9.26,9.3,9.14,9.18,9.18,0.08,0.8715,3.5556,10500476,96894828.0,4523933163.48,2734695721.12
2015-03-03,'600779,水井坊,9.18,9.5,9.12,9.16,9.17,0.01,0.1091,4.4981,13283862,122896978.0,4484849507.64,2711069840.16
2015-03-02,'600779,水井坊,9.17,9.26,9.06,9.22,9.22,-0.05,-0.5423,4.4564,13160808,120050729.0,4479964050.66,2708116605.04
2015-02-27,'600779,水井坊,9.22,9.29,9.13,9.13,9.16,0.06,0.655,2.52,7442079,68657265.0,4504391335.56,2722882780.64
2015-02-26,'600779,水井坊,9.16,9.17,9.04,9.08,9.11,0.05,0.5488,2.3556,6956637,63394934.0,4475078593.68,2705163369.92
2015-02-25,'600779,水井坊,9.11,9.19,9.01,9.05,9.06,0.05,0.5519,2.8247,8341970,76031884.0,4450651308.78,2690397194.32
2015-02-17,'600779,水井坊,9.06,9.08,9.01,9.04,9.04,0.02,0.2212,2.1657,6395878,57855665.0,4426224023.88,2675631018.72
2015-02-16,'600779,水井坊,9.04,9.04,8.94,9.0,8.99,0.05,0.5562,2.1797,6437042,57889850.0,4416453109.92,2669724548.48
2015-02-13,'600779,水井坊,8.99,9.08,8.84,8.84,8.83,0.16,1.812,2.7586,8146718,73095239.0,4392025825.02,2654958372.88
2015-02-12,'600779,水井坊,8.83,8.91,8.81,8.86,8.88,-0.05,-0.5631,1.8633,5502642,48735319.0,4313858513.34,2607706610.96
2015-02-11,'600779,水井坊,8.88,8.92,8.81,8.9,8.9,-0.02,-0.2247,1.6857,4978302,44062888.0,4338285798.24,2622472786.56
2015-02-10,'600779,水井坊,8.9,9.03,8.76,8.9,8.9,0.0,0.0,2.4203,7147823,63343715.0,4348056712.2,2628379256.8
2015-02-09,'600779,水井坊,8.9,8.92,8.49,8.5,8.54,0.36,4.2155,3.1042,9167483,80249518.0,4348056712.2,2628379256.8
2015-02-06,'600779,水井坊,8.54,8.76,8.5,8.73,8.77,-0.23,-2.6226,2.8323,8364494,71897248.0,4172180260.92,2522062792.48
2015-02-05,'600779,水井坊,8.77,8.96,8.75,8.94,8.88,-0.11,-1.2387,3.1768,9381779,83048530.0,4284545771.46,2589987200.24
2016-02-15,'600779,*ST水井,10.12,10.26,10.08,10.24,10.5,-0.38,-3.619,0.8171,3991838,40565581.0,4944082463.76,4944082463.76

