2016-02-03,'600769,祥龙电业,8.71,8.78,8.4,8.55,8.76,-0.05,-0.5708,0.9597,3598578,30908647.0,3266051412.0,3266051412.0
2016-02-02,'600769,祥龙电业,8.76,8.8,8.3,8.48,8.44,0.32,3.7915,1.4284,5356083,46027101.0,3284800272.0,3284800272.0
2016-02-01,'600769,祥龙电业,8.44,8.54,8.08,8.32,8.29,0.15,1.8094,1.1155,4182719,34984135.0,3164807568.0,3164807568.0
2016-01-29,'600769,祥龙电业,8.29,8.48,7.63,7.7,7.75,0.54,6.9677,1.3736,5150631,41846039.0,3108560988.0,3108560988.0
2016-01-28,'600769,祥龙电业,7.75,8.6,7.72,8.4,8.55,-0.8,-9.3567,1.2689,4757989,39003354.0,2906073300.0,2906073300.0
2016-01-27,'600769,祥龙电业,8.55,8.96,7.97,8.8,8.78,-0.23,-2.6196,1.6132,6049146,50908279.0,3206055060.0,3206055060.0
2016-01-26,'600769,祥龙电业,8.78,9.74,8.78,9.51,9.76,-0.98,-10.041,1.5275,5727919,52675558.0,3292299816.0,3292299816.0
2016-01-25,'600769,祥龙电业,9.76,9.93,9.63,9.63,9.62,0.14,1.4553,0.9142,3428119,33504401.0,3659777472.0,3659777472.0
2016-01-22,'600769,祥龙电业,9.62,9.77,9.18,9.42,9.37,0.25,2.6681,1.1478,4304071,40774406.0,3607280664.0,3607280664.0
2016-01-21,'600769,祥龙电业,9.37,10.16,9.35,9.77,9.98,-0.61,-6.1122,1.4781,5542484,54345825.0,3513536364.0,3513536364.0
2016-01-20,'600769,祥龙电业,9.98,10.3,9.75,10.15,10.12,-0.14,-1.3834,1.5922,5970527,59791029.0,3742272456.0,3742272456.0
2016-01-19,'600769,祥龙电业,10.12,10.17,9.41,9.6,9.53,0.59,6.191,1.7803,6675871,66002854.0,3794769264.0,3794769264.0
2016-01-18,'600769,祥龙电业,9.53,9.79,9.01,9.1,9.36,0.17,1.8162,1.1639,4364187,41510193.0,3573532716.0,3573532716.0
2016-01-15,'600769,祥龙电业,9.36,9.96,8.89,9.62,9.62,-0.26,-2.7027,1.7572,6588951,62488483.0,3509786592.0,3509786592.0
2016-01-14,'600769,祥龙电业,9.62,9.75,8.65,8.93,9.33,0.29,3.1083,1.7309,6490666,59956436.0,3607280664.0,3607280664.0
2016-01-13,'600769,祥龙电业,9.33,10.1,9.3,9.61,9.47,-0.14,-1.4784,1.9753,7406919,72351869.0,3498537276.0,3498537276.0
2016-01-12,'600769,祥龙电业,9.47,9.88,9.0,9.5,9.68,-0.21,-2.1694,1.9108,7165009,67578826.0,3551034084.0,3551034084.0
2016-01-11,'600769,祥龙电业,9.68,10.61,9.68,10.5,10.75,-1.07,-9.9535,1.9963,7485792,75191147.0,3629779296.0,3629779296.0
2016-01-08,'600769,祥龙电业,10.75,11.35,9.77,11.1,10.85,-0.1,-0.9217,2.755,10330514,110225750.0,4031004900.0,4031004900.0
2016-01-07,'600769,祥龙电业,10.85,11.8,10.85,11.8,12.06,-1.21,-10.0332,0.436,1634828,18338648.0,4068502620.0,4068502620.0
2016-01-06,'600769,祥龙电业,12.06,12.28,11.16,12.16,11.99,0.07,0.5838,3.1538,11825867,139202879.0,4522225032.0,4522225032.0
2016-01-05,'600769,祥龙电业,11.99,12.79,11.53,11.61,12.81,-0.82,-6.4012,3.0781,11542193,137944806.0,4495976628.0,4495976628.0
2016-01-04,'600769,祥龙电业,12.81,14.37,12.81,14.23,14.23,-1.42,-9.9789,1.551,5815853,77088980.0,4803457932.0,4803457932.0
2015-12-31,'600769,祥龙电业,14.23,14.88,14.22,14.7,14.63,-0.4,-2.7341,0.9276,3478426,50336339.0,5335925556.0,5335925556.0
2015-12-30,'600769,祥龙电业,14.63,14.83,14.4,14.56,14.58,0.05,0.3429,1.0995,4122773,60054892.0,5485916436.0,5485916436.0
2015-12-29,'600769,祥龙电业,14.58,14.72,13.91,13.96,14.04,0.54,3.8462,1.6499,6186756,89350575.0,5467167576.0,5467167576.0
2015-12-28,'600769,祥龙电业,14.04,14.95,13.9,14.93,14.93,-0.89,-5.9612,2.5786,9669200,138771686.0,5264679888.0,5264679888.0
2015-12-25,'600769,祥龙电业,14.93,15.2,14.69,14.89,14.86,0.07,0.4711,2.0256,7595587,113614764.0,5598409596.0,5598409596.0
2015-12-24,'600769,祥龙电业,14.86,14.99,13.76,14.0,14.12,0.74,5.2408,2.891,10840669,156940054.0,5572161192.0,5572161192.0
2015-12-23,'600769,祥龙电业,14.12,14.93,13.9,14.5,14.23,-0.11,-0.773,4.5183,16942675,243633556.0,5294678064.0,5294678064.0
2015-12-22,'600769,祥龙电业,14.23,14.23,12.94,12.99,12.94,1.29,9.9691,3.8538,14450762,200630649.0,5335925556.0,5335925556.0
2015-12-21,'600769,祥龙电业,12.94,13.1,12.81,12.89,13.01,-0.07,-0.538,2.1111,7916136,102538394.0,4852204968.0,4852204968.0
2015-12-18,'600769,祥龙电业,13.01,13.42,13.0,13.3,13.39,-0.38,-2.8379,1.8474,6927404,91323740.0,4878453372.0,4878453372.0
2015-12-17,'600769,祥龙电业,13.39,13.58,12.98,12.98,12.99,0.4,3.0793,2.0089,7532816,100043545.0,5020944708.0,5020944708.0
2015-12-16,'600769,祥龙电业,12.99,13.08,12.72,12.91,12.9,0.09,0.6977,1.0929,4098158,52871205.0,4870953828.0,4870953828.0
2015-12-15,'600769,祥龙电业,12.9,13.47,12.85,13.0,12.96,-0.06,-0.463,1.2596,4723279,61736239.0,4837205880.0,4837205880.0
2015-12-14,'600769,祥龙电业,12.96,13.05,12.66,12.76,12.86,0.1,0.7776,1.2147,4554693,58306471.0,4859704512.0,4859704512.0
2015-12-11,'600769,祥龙电业,12.86,13.18,12.7,12.88,13.13,-0.27,-2.0564,1.3173,4939409,63529651.0,4822206792.0,4822206792.0
2015-12-10,'600769,祥龙电业,13.13,13.49,12.96,13.1,13.12,0.01,0.0762,2.471,9265659,122894719.0,4923450636.0,4923450636.0
2015-12-09,'600769,祥龙电业,13.12,13.3,12.33,12.5,12.67,0.45,3.5517,2.5347,9504663,121800793.0,4919700864.0,4919700864.0
2015-12-08,'600769,祥龙电业,12.67,13.11,12.65,13.11,13.19,-0.52,-3.9424,2.5046,9391751,120399024.0,4750961124.0,4750961124.0
2015-12-07,'600769,祥龙电业,13.19,13.35,12.8,13.07,13.02,0.17,1.3057,2.7576,10340260,135062789.0,4945949268.0,4945949268.0
2015-12-04,'600769,祥龙电业,13.02,13.08,12.16,12.18,12.16,0.86,7.0724,4.7733,17898804,227920614.0,4882203144.0,4882203144.0
2015-12-03,'600769,祥龙电业,12.16,12.3,11.69,11.69,11.69,0.47,4.0205,2.0168,7562375,90602190.0,4559722752.0,4559722752.0
2015-12-02,'600769,祥龙电业,11.69,12.18,11.22,11.99,12.1,-0.41,-3.3884,2.1498,8061403,94480330.0,4383483468.0,4383483468.0
2015-12-01,'600769,祥龙电业,12.1,12.2,11.03,11.03,11.2,0.9,8.0357,3.5542,13327431,157515960.0,4537224120.0,4537224120.0
2015-11-30,'600769,祥龙电业,11.2,11.48,10.3,11.33,11.36,-0.16,-1.4085,1.9774,7414793,81788338.0,4199744640.0,4199744640.0
2015-11-27,'600769,祥龙电业,11.36,11.97,10.8,11.53,11.71,-0.35,-2.9889,2.505,9393054,108516221.0,4259740992.0,4259740992.0
2015-11-26,'600769,祥龙电业,11.71,11.97,11.62,11.85,11.87,-0.16,-1.3479,1.7453,6544482,77101058.0,4390983012.0,4390983012.0
2015-11-25,'600769,祥龙电业,11.87,11.95,11.35,11.5,11.57,0.3,2.5929,2.3723,8895640,104456720.0,4450979364.0,4450979364.0
2015-11-24,'600769,祥龙电业,11.57,11.58,11.09,11.2,11.26,0.31,2.7531,1.4697,5511038,62457427.0,4338486204.0,4338486204.0
2015-11-23,'600769,祥龙电业,11.26,11.66,11.16,11.33,11.44,-0.18,-1.5734,2.2905,8589020,97794417.0,4222243272.0,4222243272.0
2015-11-20,'600769,祥龙电业,11.44,11.53,11.11,11.29,11.15,0.29,2.6009,2.3003,8625762,97941113.0,4289739168.0,4289739168.0
2015-11-19,'600769,祥龙电业,11.15,11.2,10.81,10.81,10.81,0.34,3.1452,1.5814,5930039,65125279.0,4180995780.0,4180995780.0
2015-11-18,'600769,祥龙电业,10.81,11.27,10.6,10.97,11.03,-0.22,-1.9946,1.7549,6580599,72489658.0,4053503532.0,4053503532.0
2015-11-17,'600769,祥龙电业,11.03,11.39,11.0,11.18,11.11,-0.08,-0.7201,1.7798,6674016,74784682.0,4135998516.0,4135998516.0
2015-11-16,'600769,祥龙电业,11.11,11.15,10.8,10.8,11.23,-0.12,-1.0686,2.2554,8457200,93046736.0,4165996692.0,4165996692.0
2015-11-13,'600769,祥龙电业,11.23,11.99,11.2,11.5,11.69,-0.46,-3.935,3.4687,13006864,150417017.0,4210993956.0,4210993956.0
2015-11-12,'600769,祥龙电业,11.69,11.71,10.81,10.9,10.9,0.79,7.2477,4.1352,15506071,173621043.0,4383483468.0,4383483468.0
2015-11-11,'600769,祥龙电业,10.9,11.12,10.72,10.8,10.83,0.07,0.6464,2.4401,9149991,100105538.0,4087251480.0,4087251480.0
2015-11-10,'600769,祥龙电业,10.83,10.95,10.65,10.81,10.95,-0.12,-1.0959,1.8936,7100399,76752803.0,4061003076.0,4061003076.0
2015-11-09,'600769,祥龙电业,10.95,11.1,10.66,11.0,11.19,-0.24,-2.1448,3.1187,11694569,127122523.0,4106000340.0,4106000340.0
2015-11-06,'600769,祥龙电业,11.19,11.44,10.45,10.62,10.58,0.61,5.7656,4.723,17710349,190911797.0,4195994868.0,4195994868.0
2015-11-05,'600769,祥龙电业,10.58,10.61,9.9,10.01,9.95,0.63,6.3317,5.2389,19644580,201721943.0,3967258776.0,3967258776.0
2015-11-04,'600769,祥龙电业,9.95,9.98,9.53,9.6,9.58,0.37,3.8622,2.9305,10988774,107918348.0,3731023140.0,3731023140.0
2015-11-03,'600769,祥龙电业,9.58,9.95,9.51,9.6,9.7,-0.12,-1.2371,2.1424,8033583,77738168.0,3592281576.0,3592281576.0
2015-11-02,'600769,祥龙电业,9.7,10.08,9.4,9.6,9.82,-0.12,-1.222,3.2242,12090046,117278538.0,3637278840.0,3637278840.0
2015-10-30,'600769,祥龙电业,9.82,10.28,9.01,9.35,9.4,0.42,4.4681,3.7308,13989622,135656593.0,3682276104.0,3682276104.0
2015-10-29,'600769,祥龙电业,9.4,9.56,9.2,9.29,9.2,0.2,2.1739,1.529,5733262,53942068.0,3524785680.0,3524785680.0
2015-10-28,'600769,祥龙电业,9.2,9.77,9.18,9.62,9.62,-0.42,-4.3659,2.4739,9276718,87965167.0,3449790240.0,3449790240.0
2015-10-27,'600769,祥龙电业,9.62,9.8,9.28,9.48,9.43,0.19,2.0148,3.3152,12431245,119162383.0,3607280664.0,3607280664.0
2015-10-26,'600769,祥龙电业,9.43,9.53,9.21,9.33,9.27,0.16,1.726,2.1758,8158840,76600859.0,3536034996.0,3536034996.0
2015-10-23,'600769,祥龙电业,9.27,9.3,8.82,8.95,8.85,0.42,4.7458,3.4016,12755171,116826583.0,3476038644.0,3476038644.0
2015-10-22,'600769,祥龙电业,8.85,8.98,8.51,8.61,8.6,0.25,2.907,2.1863,8198187,71764342.0,3318548220.0,3318548220.0
2015-10-21,'600769,祥龙电业,8.6,9.68,8.6,9.56,9.56,-0.96,-10.0418,3.2706,12264077,111411160.0,3224803920.0,3224803920.0
2015-10-20,'600769,祥龙电业,9.56,9.72,9.39,9.51,9.57,-0.01,-0.1045,2.4349,9130440,87161559.0,3584782032.0,3584782032.0
2015-10-19,'600769,祥龙电业,9.57,9.93,9.41,9.7,9.64,-0.07,-0.7261,2.5371,9513567,91961543.0,3588531804.0,3588531804.0
2015-10-16,'600769,祥龙电业,9.64,9.98,9.46,9.54,9.52,0.12,1.2605,2.9147,10929482,105882693.0,3614780208.0,3614780208.0
2015-10-15,'600769,祥龙电业,9.52,9.6,9.04,9.25,9.33,0.19,2.0364,3.157,11837875,110857972.0,3569782944.0,3569782944.0
2015-10-14,'600769,祥龙电业,9.33,9.87,8.8,8.82,8.97,0.36,4.0134,4.2769,16037282,150044821.0,3498537276.0,3498537276.0
2015-10-13,'600769,祥龙电业,8.97,8.98,8.75,8.9,8.94,0.03,0.3356,2.2042,8265108,73352822.0,3363545484.0,3363545484.0
2015-10-12,'600769,祥龙电业,8.94,9.1,8.6,8.6,8.58,0.36,4.1958,2.7059,10146449,90098345.0,3352296168.0,3352296168.0
2015-10-09,'600769,祥龙电业,8.58,8.65,8.37,8.43,8.44,0.14,1.6588,1.2488,4682798,39923624.0,3217304376.0,3217304376.0
2015-10-08,'600769,祥龙电业,8.44,8.65,8.22,8.32,8.1,0.34,4.1975,1.8318,6869001,57969512.0,3164807568.0,3164807568.0
2015-09-30,'600769,祥龙电业,8.1,8.24,8.0,8.12,8.12,-0.02,-0.2463,1.1859,4447011,35977100.0,3037315320.0,3037315320.0
2015-09-29,'600769,祥龙电业,8.12,8.2,7.9,8.1,8.31,-0.19,-2.2864,1.2169,4563050,36879099.0,3044814864.0,3044814864.0
2015-09-28,'600769,祥龙电业,8.31,8.33,8.01,8.14,8.09,0.22,2.7194,1.2439,4664403,38239679.0,3116060532.0,3116060532.0
2015-09-25,'600769,祥龙电业,8.09,8.95,8.0,8.48,8.53,-0.44,-5.1583,3.1996,11997705,101502818.0,3033565548.0,3033565548.0
2015-09-24,'600769,祥龙电业,8.53,9.11,8.5,8.56,8.7,-0.17,-1.954,3.1559,11833929,103703421.0,3198555516.0,3198555516.0
2015-09-23,'600769,祥龙电业,8.7,8.7,7.65,7.79,7.91,0.79,9.9874,3.3887,12706919,104155229.0,3262301640.0,3262301640.0
2015-09-22,'600769,祥龙电业,7.91,8.16,7.73,7.84,7.85,0.06,0.7643,2.2706,8514057,67987224.0,2966069652.0,2966069652.0
2015-09-21,'600769,祥龙电业,7.85,7.88,7.26,7.35,7.48,0.37,4.9465,1.9926,7471823,56978779.0,2943571020.0,2943571020.0
2015-09-18,'600769,祥龙电业,7.48,7.55,7.17,7.33,7.25,0.23,3.1724,1.563,5860822,43169447.0,2804829456.0,2804829456.0
2015-09-17,'600769,祥龙电业,7.25,7.76,7.22,7.45,7.51,-0.26,-3.4621,2.1874,8202379,61817228.0,2718584700.0,2718584700.0
2015-09-16,'600769,祥龙电业,7.51,7.55,6.83,6.9,6.86,0.65,9.4752,2.2017,8255978,59350583.0,2816078772.0,2816078772.0
2015-09-15,'600769,祥龙电业,6.86,7.5,6.85,7.11,7.61,-0.75,-9.8555,2.2941,8602210,61153053.0,2572343592.0,2572343592.0
2015-09-14,'600769,祥龙电业,7.61,8.6,7.61,8.56,8.46,-0.85,-10.0473,2.8196,10573013,84859326.0,2853576492.0,2853576492.0
2015-09-11,'600769,祥龙电业,8.46,8.58,8.25,8.25,8.36,0.1,1.1962,2.0893,7834341,66018815.0,3172307112.0,3172307112.0
2015-09-10,'600769,祥龙电业,8.36,8.6,7.9,8.0,8.22,0.14,1.7032,2.6679,10004191,83365120.0,3134809392.0,3134809392.0
2015-09-09,'600769,祥龙电业,8.22,8.28,7.73,7.8,7.76,0.46,5.9278,3.0322,11370229,91777587.0,3082312584.0,3082312584.0
2015-09-08,'600769,祥龙电业,7.76,7.78,7.02,7.26,7.26,0.5,6.8871,1.8608,6977426,51986491.0,2909823072.0,2909823072.0
2015-09-07,'600769,祥龙电业,7.26,7.7,7.14,7.35,7.21,0.05,0.6935,1.9625,7358962,54899792.0,2722334472.0,2722334472.0
2015-09-02,'600769,祥龙电业,7.21,8.17,7.2,7.35,7.99,-0.78,-9.7622,2.9088,10907380,81411324.0,2703585612.0,2703585612.0
2015-09-01,'600769,祥龙电业,7.99,8.84,7.99,8.84,8.88,-0.89,-10.0225,3.6453,13668983,111191942.0,2996067828.0,2996067828.0
2015-08-31,'600769,祥龙电业,8.88,9.29,8.8,9.01,8.98,-0.1,-1.1136,3.697,13862810,125980197.0,3329797536.0,3329797536.0
2015-08-28,'600769,祥龙电业,8.98,9.05,8.32,8.45,8.32,0.66,7.9327,3.1428,11784885,101704951.0,3367295256.0,3367295256.0
2015-08-27,'600769,祥龙电业,8.32,8.44,7.49,8.16,8.01,0.31,3.8702,3.3804,12675664,102635193.0,3119810304.0,3119810304.0
2015-08-26,'600769,祥龙电业,8.01,9.15,8.01,9.0,8.9,-0.89,-10.0,4.5132,16923446,143818684.0,3003567372.0,3003567372.0
2015-08-25,'600769,祥龙电业,8.9,9.35,8.9,8.9,9.89,-0.99,-10.0101,2.9159,10933992,98073631.0,3337297080.0,3337297080.0
2015-08-24,'600769,祥龙电业,9.89,10.5,9.89,10.48,10.99,-1.1,-10.0091,2.8073,10526737,105529113.0,3708524508.0,3708524508.0
2015-08-21,'600769,祥龙电业,10.99,11.58,9.8,10.45,10.59,0.4,3.7771,4.8102,18037022,193841949.0,4120999428.0,4120999428.0
2015-08-20,'600769,祥龙电业,10.59,11.19,10.55,10.59,10.9,-0.31,-2.844,3.4206,12826410,140092763.0,3971008548.0,3971008548.0
2015-08-19,'600769,祥龙电业,10.9,10.94,9.6,9.9,10.49,0.41,3.9085,4.0511,15190655,156693077.0,4087251480.0,4087251480.0
2015-08-18,'600769,祥龙电业,10.49,11.99,10.49,11.7,11.66,-1.17,-10.0343,4.918,18441199,204514562.0,3933510828.0,3933510828.0
2015-08-17,'600769,祥龙电业,11.66,11.78,11.01,11.37,11.45,0.21,1.8341,4.4696,16760055,191474360.0,4372234152.0,4372234152.0
2015-08-14,'600769,祥龙电业,11.45,11.84,11.35,11.46,11.45,0.0,0.0,4.3902,16462368,190362841.0,4293488940.0,4293488940.0
2015-08-13,'600769,祥龙电业,11.45,11.48,10.73,10.73,10.84,0.61,5.6273,4.1312,15491049,172613662.0,4293488940.0,4293488940.0
2015-08-12,'600769,祥龙电业,10.84,11.18,10.75,10.9,11.05,-0.21,-1.9005,2.676,10034324,109956946.0,4064752848.0,4064752848.0
2015-08-11,'600769,祥龙电业,11.05,11.47,10.83,11.16,11.24,-0.19,-1.6904,5.278,19791235,219649199.0,4143498060.0,4143498060.0
2015-08-10,'600769,祥龙电业,11.24,11.44,10.66,10.9,10.73,0.51,4.753,5.0849,19067308,210445502.0,4214743728.0,4214743728.0
2015-08-07,'600769,祥龙电业,10.73,10.89,10.09,10.29,10.03,0.7,6.9791,4.9867,18698888,196248564.0,4023505356.0,4023505356.0
2015-08-06,'600769,祥龙电业,10.03,10.29,9.51,9.79,10.16,-0.13,-1.2795,3.0925,11596085,116577647.0,3761021316.0,3761021316.0
2015-08-05,'600769,祥龙电业,10.16,10.45,9.82,10.05,9.96,0.2,2.008,4.5531,17073265,173828873.0,3809768352.0,3809768352.0
2015-08-04,'600769,祥龙电业,9.96,9.96,9.06,9.06,9.05,0.91,10.0552,3.6779,13791118,131588656.0,3734772912.0,3734772912.0
2015-08-03,'600769,祥龙电业,9.05,10.05,9.04,9.75,10.04,-0.99,-9.8606,3.2849,12317639,115771582.0,3393543660.0,3393543660.0
2015-07-31,'600769,祥龙电业,10.04,10.65,9.7,10.25,10.56,-0.52,-4.9242,3.5164,13185731,134611244.0,3764771088.0,3764771088.0
2015-07-30,'600769,祥龙电业,10.56,11.09,10.08,10.4,10.41,0.15,1.4409,5.2098,19535450,209717041.0,3959759232.0,3959759232.0
2015-07-29,'600769,祥龙电业,10.41,10.41,9.63,10.1,9.46,0.95,10.0423,5.2607,19726480,198017730.0,3903512652.0,3903512652.0
2015-07-28,'600769,祥龙电业,9.46,10.45,9.16,9.21,10.18,-0.72,-7.0727,4.2274,15851698,150797352.0,3547284312.0,3547284312.0
2015-07-27,'600769,祥龙电业,10.18,11.5,10.18,11.07,11.31,-1.13,-9.9912,3.7701,14137133,153871916.0,3817267896.0,3817267896.0
2015-07-24,'600769,祥龙电业,11.31,11.98,11.13,11.43,11.43,-0.12,-1.0499,5.111,19165114,220994531.0,4240992132.0,4240992132.0
2015-07-23,'600769,祥龙电业,11.43,11.78,11.12,11.12,11.44,-0.01,-0.0874,5.2893,19833835,225634890.0,4285989396.0,4285989396.0
2015-07-22,'600769,祥龙电业,11.44,11.64,10.31,10.46,10.68,0.76,7.1161,6.8596,25721955,280474339.0,4289739168.0,4289739168.0
2015-07-21,'600769,祥龙电业,10.68,11.26,10.21,10.66,10.64,0.04,0.3759,7.4513,27940489,304234892.0,4004756496.0,4004756496.0
2015-07-20,'600769,祥龙电业,10.64,10.64,10.1,10.35,9.67,0.97,10.031,9.2627,34733108,362191358.0,3989757408.0,3989757408.0
2015-07-17,'600769,祥龙电业,9.67,9.67,9.15,9.44,8.79,0.88,10.0114,2.9642,11115085,105610833.0,3626029524.0,3626029524.0
2015-07-16,'600769,祥龙电业,8.79,8.79,8.06,8.2,7.99,0.8,10.0125,4.5753,17156149,146148985.0,3296049588.0,3296049588.0
2015-07-15,'600769,祥龙电业,7.99,8.54,7.91,8.54,7.76,0.23,2.9639,11.6597,43721245,361972555.0,2996067828.0,2996067828.0
2015-07-14,'600769,祥龙电业,7.76,7.76,7.76,7.76,7.05,0.71,10.0709,0.0624,233913,1815165.0,2909823072.0,2909823072.0
2015-07-13,'600769,祥龙电业,7.05,7.05,7.05,7.05,6.41,0.64,9.9844,1.044,3914598,27597916.0,2643589260.0,2643589260.0
2015-07-10,'600769,祥龙电业,0.0,0.0,0.0,0.0,6.41,None,None,0.0,0,0.0,2403603852.0,2403603852.0
2015-07-09,'600769,祥龙电业,0.0,0.0,0.0,0.0,6.41,None,None,0.0,0,0.0,2403603852.0,2403603852.0
2015-07-08,'600769,祥龙电业,6.41,6.41,6.41,6.41,7.12,-0.71,-9.9719,0.1552,581800,3729338.0,2403603852.0,2403603852.0
2015-07-07,'600769,祥龙电业,7.12,7.49,7.12,7.14,7.91,-0.79,-9.9874,1.1072,4151700,29647761.0,2669837664.0,2669837664.0
2015-07-06,'600769,祥龙电业,7.91,9.67,7.91,9.67,8.79,-0.88,-10.0114,3.408,12779362,108320782.0,2966069652.0,2966069652.0
2015-07-03,'600769,祥龙电业,8.79,9.37,8.79,8.98,9.77,-0.98,-10.0307,3.1424,11783131,105225059.0,3296049588.0,3296049588.0
2015-07-02,'600769,祥龙电业,9.77,11.0,9.77,11.0,10.85,-1.08,-9.9539,2.9412,11028654,110641000.0,3663527244.0,3663527244.0
2015-07-01,'600769,祥龙电业,10.85,12.25,10.85,11.7,12.06,-1.21,-10.0332,3.2246,12091608,140258237.0,4068502620.0,4068502620.0
2015-06-30,'600769,祥龙电业,12.06,12.29,10.52,11.3,11.69,0.37,3.1651,4.7034,17636567,197211314.0,4522225032.0,4522225032.0
2015-06-29,'600769,祥龙电业,11.69,13.42,11.69,13.4,12.99,-1.3,-10.0077,3.3512,12566250,151944415.0,4383483468.0,4383483468.0
2015-06-26,'600769,祥龙电业,12.99,14.0,12.99,13.8,14.43,-1.44,-9.9792,2.4209,9077766,121510054.0,4870953828.0,4870953828.0
2015-06-25,'600769,祥龙电业,14.43,15.59,14.25,15.4,15.29,-0.86,-5.6246,2.3895,8959902,135369441.0,5410920996.0,5410920996.0
2015-06-24,'600769,祥龙电业,15.29,15.85,14.79,14.79,14.78,0.51,3.4506,2.7904,10463276,159601572.0,5733401388.0,5733401388.0
2015-06-23,'600769,祥龙电业,14.78,15.09,13.45,14.35,14.89,-0.11,-0.7388,2.6109,9790172,140417455.0,5542163016.0,5542163016.0
2015-06-19,'600769,祥龙电业,14.89,16.4,14.89,16.03,16.54,-1.65,-9.9758,2.6482,9930084,154860324.0,5583410508.0,5583410508.0
2015-06-18,'600769,祥龙电业,16.54,17.35,16.31,16.59,16.53,0.01,0.0605,3.0561,11459525,193817695.0,6202122888.0,6202122888.0
2015-06-17,'600769,祥龙电业,16.53,16.75,15.2,15.7,15.42,1.11,7.1984,3.601,13502807,215738119.0,6198373116.0,6198373116.0
2015-06-16,'600769,祥龙电业,15.42,16.54,15.33,16.05,16.58,-1.16,-6.9964,3.4452,12918758,205344843.0,5782148424.0,5782148424.0
2015-06-15,'600769,祥龙电业,16.58,17.55,16.53,17.49,17.48,-0.9,-5.1487,3.8458,14420783,243703747.0,6217121976.0,6217121976.0
2015-06-12,'600769,祥龙电业,17.48,17.67,16.92,17.34,17.32,0.16,0.9238,4.06,15224080,261745481.0,6554601456.0,6554601456.0
2015-06-11,'600769,祥龙电业,17.32,17.68,16.6,16.6,16.62,0.7,4.2118,4.5472,17050854,294665221.0,6494605104.0,6494605104.0
2015-06-10,'600769,祥龙电业,16.62,16.8,15.4,15.95,16.05,0.57,3.5514,4.9726,18646037,305983320.0,6232121064.0,6232121064.0
2015-06-09,'600769,祥龙电业,16.05,16.8,15.8,16.8,16.46,-0.41,-2.4909,6.0268,22599214,369462589.0,6018384060.0,6018384060.0
2015-06-08,'600769,祥龙电业,16.46,16.46,14.6,14.94,14.96,1.5,10.0267,5.7171,21437742,333684394.0,6172124712.0,6172124712.0
2015-06-05,'600769,祥龙电业,14.96,15.2,14.31,15.1,14.5,0.46,3.1724,5.2327,19621261,292814170.0,5609658912.0,5609658912.0
2015-06-04,'600769,祥龙电业,14.5,14.85,13.5,14.71,14.71,-0.21,-1.4276,2.8959,10858907,155784439.0,5437169400.0,5437169400.0
2015-06-03,'600769,祥龙电业,14.71,15.16,14.31,15.11,15.07,-0.36,-2.3889,3.8407,14401836,212353436.0,5515914612.0,5515914612.0
2015-06-02,'600769,祥龙电业,15.07,15.29,14.64,14.81,14.65,0.42,2.8669,4.5705,17138247,256753456.0,5650906404.0,5650906404.0
2015-06-01,'600769,祥龙电业,14.65,14.68,13.9,13.91,13.92,0.73,5.2443,3.7493,14059086,203016312.0,5493415980.0,5493415980.0
2015-05-29,'600769,祥龙电业,13.92,14.18,12.5,13.42,13.49,0.43,3.1875,4.5117,16917946,229899720.0,5219682624.0,5219682624.0
2015-05-28,'600769,祥龙电业,13.49,14.8,13.37,14.8,14.85,-1.36,-9.1582,5.1293,19233628,275542195.0,5058442428.0,5058442428.0
2015-05-27,'600769,祥龙电业,14.85,15.23,14.2,15.18,15.16,-0.31,-2.0449,4.9259,18470925,272795878.0,5568411420.0,5568411420.0
2015-05-26,'600769,祥龙电业,15.16,15.3,14.8,15.08,15.1,0.06,0.3974,5.1055,19144401,287678788.0,5684654352.0,5684654352.0
2015-05-25,'600769,祥龙电业,15.1,15.18,14.7,14.85,14.72,0.38,2.5815,5.5796,20922107,312937943.0,5662155720.0,5662155720.0
2015-05-22,'600769,祥龙电业,14.72,15.49,14.57,15.25,14.89,-0.17,-1.1417,3.681,13802958,205464468.0,5519664384.0,5519664384.0
2015-05-21,'600769,祥龙电业,14.89,14.9,14.31,14.34,14.32,0.57,3.9804,3.409,12782879,187971520.0,5583410508.0,5583410508.0
2015-05-20,'600769,祥龙电业,14.32,15.0,13.58,13.77,13.79,0.53,3.8434,4.7281,17729129,256059285.0,5369673504.0,5369673504.0
2015-05-19,'600769,祥龙电业,13.79,13.92,13.14,13.16,12.89,0.9,6.9822,4.6747,17529073,239705059.0,5170935588.0,5170935588.0
2015-05-18,'600769,祥龙电业,12.89,13.12,12.59,12.76,12.86,0.03,0.2333,2.6614,9979603,129023226.0,4833456108.0,4833456108.0
2015-05-15,'600769,祥龙电业,12.86,13.1,12.59,12.72,12.87,-0.01,-0.0777,2.5387,9519399,122368990.0,4822206792.0,4822206792.0
2015-05-14,'600769,祥龙电业,12.87,13.32,12.83,13.17,13.17,-0.3,-2.2779,2.5366,9511656,123534862.0,4825956564.0,4825956564.0
2015-05-13,'600769,祥龙电业,13.17,13.65,12.75,13.18,13.23,-0.06,-0.4535,4.5692,17133515,224885795.0,4938449724.0,4938449724.0
2015-05-12,'600769,祥龙电业,13.23,13.25,12.06,12.33,12.26,0.97,7.9119,3.9597,14848025,185459395.0,4960948356.0,4960948356.0
2015-05-11,'600769,祥龙电业,12.26,12.32,11.95,12.1,11.94,0.32,2.6801,2.2536,8450485,102714296.0,4597220472.0,4597220472.0
2015-05-08,'600769,祥龙电业,11.94,12.09,11.65,11.92,11.75,0.19,1.617,2.1385,8019015,95129345.0,4477227768.0,4477227768.0
2015-05-07,'600769,祥龙电业,11.75,12.15,11.08,11.4,11.4,0.35,3.0702,3.0197,11323153,134058291.0,4405982100.0,4405982100.0
2015-05-06,'600769,祥龙电业,11.4,12.38,11.33,11.9,11.92,-0.52,-4.3624,2.5747,9654534,113200522.0,4274740080.0,4274740080.0
2015-05-05,'600769,祥龙电业,11.92,12.88,11.86,12.88,12.87,-0.95,-7.3815,2.9304,10988216,135368357.0,4469728224.0,4469728224.0
2015-05-04,'600769,祥龙电业,12.87,12.93,12.25,12.58,12.67,0.2,1.5785,2.9271,10975982,137849275.0,4825956564.0,4825956564.0
2015-04-30,'600769,祥龙电业,12.67,13.23,12.66,13.0,13.08,-0.41,-3.1346,3.2415,12154796,157013501.0,4750961124.0,4750961124.0
2015-04-29,'600769,祥龙电业,13.08,13.5,12.65,12.89,12.92,0.16,1.2384,2.1085,7906394,103670404.0,4904701776.0,4904701776.0
2015-04-28,'600769,祥龙电业,12.92,13.63,12.85,13.6,13.63,-0.71,-5.2091,2.7692,10383684,136691540.0,4844705424.0,4844705424.0
2015-04-27,'600769,祥龙电业,13.63,14.2,13.5,14.0,13.75,-0.12,-0.8727,4.9492,18558533,256065009.0,5110939236.0,5110939236.0
2015-04-24,'600769,祥龙电业,13.75,13.79,12.64,12.94,13.25,0.5,3.7736,5.2235,19586887,259279201.0,5155936500.0,5155936500.0
2015-04-23,'600769,祥龙电业,13.25,13.68,12.62,12.63,12.62,0.63,4.9921,4.6855,17569520,232189575.0,4968447900.0,4968447900.0
2015-04-22,'600769,祥龙电业,12.62,12.85,12.56,12.69,12.6,0.02,0.1587,2.9969,11237876,142468211.0,4732212264.0,4732212264.0
2015-04-21,'600769,祥龙电业,12.6,12.66,11.77,11.77,11.99,0.61,5.0876,2.9659,11121303,136130228.0,4724712720.0,4724712720.0
2015-04-20,'600769,祥龙电业,11.99,12.48,11.9,12.46,12.7,-0.71,-5.5906,4.4232,16585860,202308419.0,4495976628.0,4495976628.0
2015-04-17,'600769,祥龙电业,12.7,12.97,12.4,12.8,12.71,-0.01,-0.0787,3.4732,13023764,164500147.0,4762210440.0,4762210440.0
2015-04-16,'600769,祥龙电业,12.71,13.0,12.26,12.57,12.78,-0.07,-0.5477,3.4965,13111195,165344143.0,4765960212.0,4765960212.0
2015-04-15,'600769,祥龙电业,12.78,13.46,12.7,13.25,13.43,-0.65,-4.8399,3.6666,13748896,179750471.0,4792208616.0,4792208616.0
2015-04-14,'600769,祥龙电业,13.43,14.06,13.3,13.5,13.76,-0.33,-2.3983,3.9935,14974853,203432804.0,5035943796.0,5035943796.0
2015-04-13,'600769,祥龙电业,13.76,13.88,13.0,13.25,13.16,0.6,4.5593,5.4347,20378814,271914587.0,5159686272.0,5159686272.0
2015-04-10,'600769,祥龙电业,13.16,13.16,12.09,12.09,11.96,1.2,10.0334,5.6515,21191805,276160705.0,4934699952.0,4934699952.0
2015-04-09,'600769,祥龙电业,11.96,12.0,11.0,11.47,11.57,0.39,3.3708,3.7807,14176693,163633026.0,4484727312.0,4484727312.0
2015-04-08,'600769,祥龙电业,11.57,11.76,10.82,11.29,11.27,0.3,2.6619,4.7511,17815668,201929385.0,4338486204.0,4338486204.0
2015-04-07,'600769,祥龙电业,11.27,11.5,11.16,11.5,11.3,-0.03,-0.2655,3.3035,12387395,139581782.0,4225993044.0,4225993044.0
2015-04-03,'600769,祥龙电业,11.3,11.57,10.68,10.9,11.1,0.2,1.8018,4.197,15737773,175769179.0,4237242360.0,4237242360.0
2015-04-02,'600769,祥龙电业,11.1,11.3,10.65,10.71,10.69,0.41,3.8354,4.1168,15437069,169878641.0,4162246920.0,4162246920.0
2015-04-01,'600769,祥龙电业,10.69,10.88,10.56,10.57,10.63,0.06,0.5644,2.2037,8263229,88801003.0,4008506268.0,4008506268.0
2015-03-31,'600769,祥龙电业,10.63,10.94,10.58,10.75,10.78,-0.15,-1.3915,3.0152,11306225,121218572.0,3986007636.0,3986007636.0
2015-03-30,'600769,祥龙电业,10.78,11.04,10.62,11.03,10.85,-0.07,-0.6452,4.7347,17754116,192483526.0,4042254216.0,4042254216.0
2015-03-27,'600769,祥龙电业,10.85,10.85,9.78,9.82,9.86,0.99,10.0406,6.7611,25352656,260478504.0,4068502620.0,4068502620.0
2015-03-26,'600769,祥龙电业,9.86,9.89,9.2,9.38,9.39,0.47,5.0053,4.5695,17134535,163929476.0,3697275192.0,3697275192.0
2015-03-25,'600769,祥龙电业,9.39,9.54,9.25,9.54,9.53,-0.14,-1.469,3.0135,11300032,106214311.0,3521035908.0,3521035908.0
2015-03-24,'600769,祥龙电业,9.53,9.89,9.22,9.82,9.84,-0.31,-3.1504,3.1302,11737518,112597827.0,3573532716.0,3573532716.0
2015-03-23,'600769,祥龙电业,9.84,9.87,9.58,9.68,9.65,0.19,1.9689,2.7663,10373026,101554317.0,3689775648.0,3689775648.0
2015-03-20,'600769,祥龙电业,9.65,9.81,9.53,9.67,9.7,-0.05,-0.5155,2.6095,9784985,94376533.0,3618529980.0,3618529980.0
2015-03-19,'600769,祥龙电业,9.7,9.9,9.48,9.62,9.63,0.07,0.7269,4.3158,16183236,157029963.0,3637278840.0,3637278840.0
2015-03-18,'600769,祥龙电业,9.63,9.79,9.1,9.2,9.27,0.36,3.8835,4.4633,16736298,156747132.0,3611030436.0,3611030436.0
2015-03-17,'600769,祥龙电业,9.27,9.39,9.09,9.33,9.32,-0.05,-0.5365,3.2825,12308679,114049977.0,3476038644.0,3476038644.0
2015-03-16,'600769,祥龙电业,9.32,9.43,9.15,9.18,9.18,0.14,1.5251,2.4722,9270286,85870537.0,3494787504.0,3494787504.0
2015-03-13,'600769,祥龙电业,9.18,9.28,9.09,9.18,9.17,0.01,0.1091,1.6309,6115474,56208014.0,3442290696.0,3442290696.0
2015-03-12,'600769,祥龙电业,9.17,9.4,9.13,9.27,9.28,-0.11,-1.1853,2.0627,7734593,71474561.0,3438540924.0,3438540924.0
2015-03-11,'600769,祥龙电业,9.28,9.36,8.77,8.81,8.85,0.43,4.8588,3.8241,14339465,130298237.0,3479788416.0,3479788416.0
2015-03-10,'600769,祥龙电业,8.85,8.91,8.77,8.78,8.81,0.04,0.454,1.5735,5900148,52250826.0,3318548220.0,3318548220.0
2015-03-09,'600769,祥龙电业,8.81,8.89,8.55,8.7,8.7,0.11,1.2644,1.7235,6462714,56662999.0,3303549132.0,3303549132.0
2015-03-06,'600769,祥龙电业,8.7,9.05,8.68,8.81,8.89,-0.19,-2.1372,4.4849,16817408,149038243.0,3262301640.0,3262301640.0
2015-03-05,'600769,祥龙电业,8.89,8.9,8.46,8.69,8.71,0.18,2.0666,3.7192,13946086,120855364.0,3333547308.0,3333547308.0
2015-03-04,'600769,祥龙电业,8.71,8.75,8.56,8.64,8.7,0.01,0.1149,1.9359,7259009,62833436.0,3266051412.0,3266051412.0
2015-03-03,'600769,祥龙电业,8.7,8.86,8.65,8.81,8.92,-0.22,-2.4664,2.5389,9520334,83032201.0,3262301640.0,3262301640.0
2015-03-02,'600769,祥龙电业,8.92,9.05,8.76,9.02,8.98,-0.06,-0.6682,2.6621,9982118,88541107.0,3344796624.0,3344796624.0
2015-02-27,'600769,祥龙电业,8.98,9.13,8.86,8.89,8.94,0.04,0.4474,1.918,7192105,64833411.0,3367295256.0,3367295256.0
2015-02-26,'600769,祥龙电业,8.94,9.0,8.74,8.88,8.88,0.06,0.6757,1.6203,6075633,53741326.0,3352296168.0,3352296168.0
2015-02-25,'600769,祥龙电业,8.88,9.04,8.81,8.9,8.89,-0.01,-0.1125,1.4394,5397303,48122167.0,3329797536.0,3329797536.0
2015-02-17,'600769,祥龙电业,8.89,9.0,8.63,8.74,8.7,0.19,2.1839,2.042,7657209,67898584.0,3333547308.0,3333547308.0
2015-02-16,'600769,祥龙电业,8.7,8.86,8.23,8.27,8.32,0.38,4.5673,2.8886,10831742,93205642.0,3262301640.0,3262301640.0
2015-02-13,'600769,祥龙电业,8.32,8.4,8.0,8.26,8.24,0.08,0.9709,2.3302,8737804,72563191.0,3119810304.0,3119810304.0
2015-02-12,'600769,祥龙电业,8.24,8.44,8.16,8.33,8.38,-0.14,-1.6706,1.8795,7047575,58320700.0,3089812128.0,3089812128.0
2015-02-11,'600769,祥龙电业,8.38,8.43,7.94,8.18,8.23,0.15,1.8226,3.5754,13406771,110804182.0,3142308936.0,3142308936.0
2015-02-10,'600769,祥龙电业,8.23,8.44,8.02,8.2,8.23,0.0,0.0,3.1758,11908366,97978645.0,3086062356.0,3086062356.0
2015-02-09,'600769,祥龙电业,8.23,8.26,7.72,8.0,8.1,0.13,1.6049,3.6572,13713629,110466141.0,3086062356.0,3086062356.0
2015-02-06,'600769,祥龙电业,8.1,8.23,7.97,8.19,8.29,-0.19,-2.2919,2.7448,10292366,83854775.0,3037315320.0,3037315320.0
2015-02-05,'600769,祥龙电业,8.29,8.46,8.03,8.2,8.18,0.11,1.3447,4.2096,15784981,129854064.0,3108560988.0,3108560988.0
2015-02-04,'600769,祥龙电业,8.18,8.5,7.82,7.9,7.89,0.29,3.6755,4.9028,18384381,149551042.0,3067313496.0,3067313496.0
