2016-05-13,'600793,ST宜纸,27.19,27.59,26.82,27.02,27.1,0.09,0.3321,1.1461,1206868,32786408.0,2863107000.0,2863107000.0
2016-05-12,'600793,ST宜纸,27.1,28.4,27.1,28.4,28.53,-1.43,-5.0123,1.7202,1811343,49213949.0,2853630000.0,2853630000.0
2016-05-11,'600793,ST宜纸,28.53,29.65,28.48,29.1,28.95,-0.42,-1.4508,0.6945,731264,21121156.0,3004209000.0,3004209000.0
2016-05-10,'600793,ST宜纸,28.95,30.3,28.7,29.5,29.98,-1.03,-3.4356,1.2441,1309995,38716132.0,3048435000.0,3048435000.0
2016-05-09,'600793,ST宜纸,29.98,30.99,29.86,30.22,31.43,-1.45,-4.6134,1.4799,1558333,46939058.0,3156894000.0,3156894000.0
2016-05-06,'600793,ST宜纸,31.43,33.35,31.31,32.86,32.9,-1.47,-4.4681,0.9384,988181,31882701.0,3309579000.0,3309579000.0
2016-05-05,'600793,ST宜纸,32.9,33.52,32.69,33.17,32.9,0.0,0.0,0.6792,715249,23687807.0,3464370000.0,3464370000.0
2016-05-04,'600793,ST宜纸,32.9,33.65,32.1,32.4,32.8,0.1,0.3049,0.949,999320,32978272.0,3464370000.0,3464370000.0
2016-05-03,'600793,ST宜纸,32.8,33.23,32.0,32.22,31.65,1.15,3.6335,1.97,2074389,68398183.0,3453840000.0,3453840000.0
2016-04-29,'600793,ST宜纸,31.65,31.65,30.03,30.14,30.14,1.51,5.01,1.1285,1188289,37229686.0,3332745000.0,3332745000.0
2016-04-28,'600793,ST宜纸,30.14,30.87,29.62,30.6,30.66,-0.52,-1.696,0.8628,908503,27408364.0,3173742000.0,3173742000.0
2016-04-27,'600793,ST宜纸,30.66,30.91,29.81,29.92,29.82,0.84,2.8169,0.9765,1028270,31270147.0,3228498000.0,3228498000.0
2016-04-26,'600793,ST宜纸,29.82,29.82,28.08,28.08,28.4,1.42,5.0,0.7746,815652,23817449.0,3140046000.0,3140046000.0
2016-04-25,'600793,ST宜纸,28.4,28.88,28.09,28.15,28.26,0.14,0.4954,0.6234,656464,18682871.0,2990520000.0,2990520000.0
2016-04-22,'600793,ST宜纸,28.26,28.37,27.6,27.76,28.06,0.2,0.7128,0.4986,525030,14725930.0,2975778000.0,2975778000.0
2016-04-21,'600793,ST宜纸,28.06,28.67,28.0,28.64,28.48,-0.42,-1.4747,0.4585,482782,13696627.0,2954718000.0,2954718000.0
2016-04-20,'600793,ST宜纸,28.48,30.34,28.47,30.3,29.97,-1.49,-4.9716,1.4207,1495955,43351710.0,2998944000.0,2998944000.0
2016-04-19,'600793,ST宜纸,29.97,29.98,29.5,29.86,29.77,0.2,0.6718,0.5294,557482,16580830.0,3155841000.0,3155841000.0
2016-04-18,'600793,ST宜纸,29.77,30.01,29.61,30.01,30.13,-0.36,-1.1948,0.7327,771488,22986529.0,3134781000.0,3134781000.0
2016-04-15,'600793,ST宜纸,30.13,30.32,29.81,30.15,30.16,-0.03,-0.0995,0.6301,663473,19923090.0,3172689000.0,3172689000.0
2016-04-14,'600793,ST宜纸,30.16,30.37,29.62,29.8,29.73,0.43,1.4464,0.6125,645001,19435818.0,3175848000.0,3175848000.0
2016-04-13,'600793,ST宜纸,29.73,30.25,29.5,29.5,29.41,0.32,1.0881,0.7519,791760,23576162.0,3130569000.0,3130569000.0
2016-04-12,'600793,ST宜纸,29.41,31.44,29.14,30.66,30.67,-1.26,-4.1082,1.4985,1577887,47257196.0,3096873000.0,3096873000.0
2016-04-11,'600793,ST宜纸,30.67,30.67,29.36,29.47,29.21,1.46,4.9983,1.4416,1517970,45911978.0,3229551000.0,3229551000.0
2016-04-08,'600793,ST宜纸,29.21,29.85,28.2,28.6,28.55,0.66,2.3117,0.9893,1041691,30467405.0,3075813000.0,3075813000.0
2016-04-07,'600793,ST宜纸,28.55,28.75,27.7,28.0,27.9,0.65,2.3297,0.6593,694201,19604038.0,3006315000.0,3006315000.0
2016-04-06,'600793,ST宜纸,27.9,28.36,27.66,28.0,27.59,0.31,1.1236,0.5829,613834,17169658.0,2937870000.0,2937870000.0
2016-04-05,'600793,ST宜纸,27.59,27.59,26.08,26.45,26.28,1.31,4.9848,0.5891,620270,16792684.0,2905227000.0,2905227000.0
2016-04-01,'600793,ST宜纸,26.28,26.74,26.03,26.2,26.1,0.18,0.6897,0.4615,485985,12799923.0,2767284000.0,2767284000.0
2016-03-31,'600793,ST宜纸,26.1,26.65,25.92,26.54,26.39,-0.29,-1.0989,0.6973,734230,19221717.0,2748330000.0,2748330000.0
2016-03-30,'600793,ST宜纸,26.39,26.48,25.51,25.51,25.51,0.88,3.4496,0.7355,774430,20159911.0,2778867000.0,2778867000.0
2016-03-29,'600793,ST宜纸,25.51,25.89,25.12,25.52,25.5,0.01,0.0392,0.904,951925,24269000.0,2686203000.0,2686203000.0
2016-03-28,'600793,ST宜纸,25.5,26.46,25.2,26.4,26.33,-0.83,-3.1523,0.9493,999635,25841580.0,2685150000.0,2685150000.0
2016-03-25,'600793,ST宜纸,26.33,26.85,25.82,26.5,25.96,0.37,1.4253,1.2371,1302648,34292056.0,2772549000.0,2772549000.0
2016-03-24,'600793,ST宜纸,25.96,25.96,24.28,24.72,24.72,1.24,5.0162,0.7199,758079,19434279.0,2733588000.0,2733588000.0
2016-03-23,'600793,ST宜纸,24.72,24.8,24.31,24.79,24.78,-0.06,-0.2421,0.4352,458305,11251178.0,2603016000.0,2603016000.0
2016-03-22,'600793,ST宜纸,24.78,24.98,24.32,24.98,25.13,-0.35,-1.3928,0.9093,957487,23509734.0,2609334000.0,2609334000.0
2016-03-21,'600793,ST宜纸,25.13,25.69,24.78,25.03,24.89,0.24,0.9642,0.7895,831292,20869972.0,2646189000.0,2646189000.0
2016-03-18,'600793,ST宜纸,24.89,25.2,24.14,24.55,24.22,0.67,2.7663,0.5776,608213,15085532.0,2620917000.0,2620917000.0
2016-03-17,'600793,ST宜纸,24.22,24.3,23.24,23.24,23.24,0.98,4.2169,1.0371,1092101,26161128.0,2550366000.0,2550366000.0
2016-03-16,'600793,ST宜纸,23.24,24.05,23.1,23.69,23.24,0.0,0.0,0.5566,586089,13829573.0,2447172000.0,2447172000.0
2016-03-15,'600793,ST宜纸,23.24,23.45,22.71,23.14,23.13,0.11,0.4756,0.5887,619849,14292718.0,2447172000.0,2447172000.0
2016-03-14,'600793,ST宜纸,23.13,23.13,22.24,22.3,22.03,1.1,4.9932,0.889,936076,21506838.0,2435589000.0,2435589000.0
2016-03-11,'600793,ST宜纸,22.03,22.76,21.8,22.36,22.76,-0.73,-3.2074,0.7731,814076,17958954.0,2319759000.0,2319759000.0
2016-03-10,'600793,ST宜纸,22.76,23.77,22.39,23.77,23.52,-0.76,-3.2313,0.6361,669785,15543801.0,2396628000.0,2396628000.0
2016-03-09,'600793,ST宜纸,23.52,23.95,23.22,23.51,23.92,-0.4,-1.6722,0.4131,435000,10249074.0,2476656000.0,2476656000.0
2016-03-08,'600793,ST宜纸,23.92,24.31,23.18,24.3,24.28,-0.36,-1.4827,0.6789,714831,16879156.0,2518776000.0,2518776000.0
2016-03-07,'600793,ST宜纸,24.28,24.68,23.97,23.97,23.64,0.64,2.7073,0.4478,471525,11441570.0,2556684000.0,2556684000.0
2016-03-04,'600793,ST宜纸,23.64,24.96,23.63,24.78,24.87,-1.23,-4.9457,1.458,1535259,36714593.0,2489292000.0,2489292000.0
2016-03-03,'600793,ST宜纸,24.87,25.22,24.3,24.5,24.02,0.85,3.5387,1.0572,1113250,27762329.0,2618811000.0,2618811000.0
2016-03-02,'600793,ST宜纸,24.02,24.02,22.7,22.81,22.88,1.14,4.9825,0.803,845529,20118030.0,2529306000.0,2529306000.0
2016-03-01,'600793,ST宜纸,22.88,22.93,22.0,22.4,22.36,0.52,2.3256,0.6671,702406,15762888.0,2409264000.0,2409264000.0
2016-02-29,'600793,ST宜纸,22.36,23.79,22.36,23.79,23.54,-1.18,-5.0127,1.1525,1213603,27303144.0,2354508000.0,2354508000.0
2016-02-26,'600793,ST宜纸,23.54,23.63,22.03,22.6,22.5,1.04,4.6222,1.4013,1475565,34208154.0,2478762000.0,2478762000.0
2016-02-25,'600793,ST宜纸,22.5,24.2,22.5,23.68,23.68,-1.18,-4.9831,1.5938,1678231,39201183.0,2369250000.0,2369250000.0
2016-02-24,'600793,ST宜纸,23.68,24.14,23.0,24.11,24.14,-0.46,-1.9056,1.9682,2072507,49103537.0,2493504000.0,2493504000.0
2016-02-23,'600793,ST宜纸,24.14,25.54,24.14,25.42,25.41,-1.27,-4.998,1.3128,1382400,33914744.0,2541942000.0,2541942000.0
2016-02-22,'600793,ST宜纸,25.41,25.78,24.8,25.3,25.13,0.28,1.1142,1.038,1093006,27585036.0,2675673000.0,2675673000.0
2016-02-19,'600793,ST宜纸,25.13,25.77,24.91,25.3,25.37,-0.24,-0.946,1.3474,1418838,35678742.0,2646189000.0,2646189000.0
2016-02-18,'600793,ST宜纸,25.37,25.9,24.46,24.46,24.7,0.67,2.7126,2.003,2109115,53185083.0,2671461000.0,2671461000.0
2016-02-17,'600793,ST宜纸,24.7,24.94,23.61,23.8,23.75,0.95,4.0,1.7432,1835594,45415139.0,2600910000.0,2600910000.0
2016-02-16,'600793,ST宜纸,23.75,24.98,23.7,24.89,23.88,-0.13,-0.5444,2.6346,2774206,67430721.0,2500875000.0,2500875000.0
2016-02-15,'600793,ST宜纸,23.88,23.88,21.6,21.6,22.74,1.14,5.0132,1.4832,1561803,35933103.0,2514564000.0,2514564000.0
2016-02-05,'600793,ST宜纸,22.74,22.74,22.0,22.73,21.66,1.08,4.9861,1.5913,1675640,37883569.0,2394522000.0,2394522000.0
2016-02-04,'600793,ST宜纸,21.66,21.66,20.54,20.8,20.63,1.03,4.9927,0.7487,788419,16940305.0,2280798000.0,2280798000.0
2016-02-03,'600793,ST宜纸,20.63,21.22,20.28,20.5,20.21,0.42,2.0782,1.895,1995427,41648161.0,2172339000.0,2172339000.0
2016-02-02,'600793,ST宜纸,20.21,20.21,19.3,19.39,19.25,0.96,4.987,1.2806,1348462,27049163.0,2128113000.0,2128113000.0
2016-02-01,'600793,ST宜纸,19.25,19.25,18.2,18.33,18.33,0.92,5.0191,2.2088,2325876,44179109.0,2027025000.0,2027025000.0
2016-01-29,'600793,ST宜纸,18.33,18.43,17.2,17.81,18.1,0.23,1.2707,2.2502,2369476,41862431.0,1930149000.0,1930149000.0
2016-01-28,'600793,ST宜纸,18.1,19.39,18.1,18.9,19.05,-0.95,-4.9869,1.3673,1439811,26753208.0,1905930000.0,1905930000.0
2016-01-27,'600793,ST宜纸,19.05,19.68,18.02,18.79,18.82,0.23,1.2221,1.7914,1886391,35796654.0,2005965000.0,2005965000.0
2016-01-26,'600793,ST宜纸,18.82,20.12,18.8,19.0,19.16,-0.34,-1.7745,2.8798,3032451,59806281.0,1981746000.0,1981746000.0
2016-01-25,'600793,ST宜纸,19.16,19.16,18.25,18.39,18.25,0.91,4.9863,2.0749,2184853,41301467.0,2017548000.0,2017548000.0
2016-01-22,'600793,ST宜纸,18.25,19.47,18.25,19.4,19.21,-0.96,-4.9974,2.2966,2418339,44529219.0,1921725000.0,1921725000.0
2016-01-21,'600793,ST宜纸,19.21,20.18,19.21,20.13,20.22,-1.01,-4.9951,1.8667,1965585,38950831.0,2022813000.0,2022813000.0
2016-01-20,'600793,ST宜纸,20.22,20.53,19.72,20.38,20.05,0.17,0.8479,2.2493,2368494,47886867.0,2129166000.0,2129166000.0
2016-01-19,'600793,ST宜纸,20.05,20.2,19.31,19.5,19.93,0.12,0.6021,4.6899,4938466,97633408.0,2111265000.0,2111265000.0
2016-01-18,'600793,ST宜纸,19.93,20.5,19.93,20.49,20.98,-1.05,-5.0048,3.2107,3380900,67639797.0,2098629000.0,2098629000.0
2016-01-15,'600793,ST宜纸,20.98,20.98,20.03,20.6,19.98,1.0,5.005,4.2048,4427659,91338959.0,2209194000.0,2209194000.0
2016-01-14,'600793,ST宜纸,0.0,0.0,0.0,0.0,19.98,None,None,0.0,0,0.0,2103894000.0,2103894000.0
2016-01-13,'600793,ST宜纸,0.0,0.0,0.0,0.0,19.98,None,None,0.0,0,0.0,2103894000.0,2103894000.0
2016-01-12,'600793,ST宜纸,0.0,0.0,0.0,0.0,19.98,None,None,0.0,0,0.0,2103894000.0,2103894000.0
2016-01-11,'600793,ST宜纸,0.0,0.0,0.0,0.0,19.98,None,None,0.0,0,0.0,2103894000.0,2103894000.0
2016-01-08,'600793,ST宜纸,0.0,0.0,0.0,0.0,19.98,None,None,0.0,0,0.0,2103894000.0,2103894000.0
2016-01-07,'600793,ST宜纸,0.0,0.0,0.0,0.0,19.98,None,None,0.0,0,0.0,2103894000.0,2103894000.0
2016-01-06,'600793,ST宜纸,0.0,0.0,0.0,0.0,19.98,None,None,0.0,0,0.0,2103894000.0,2103894000.0
2016-01-05,'600793,ST宜纸,0.0,0.0,0.0,0.0,19.98,None,None,0.0,0,0.0,2103894000.0,2103894000.0
2016-01-04,'600793,ST宜纸,0.0,0.0,0.0,0.0,19.98,None,None,0.0,0,0.0,2103894000.0,2103894000.0
2015-12-31,'600793,ST宜纸,0.0,0.0,0.0,0.0,19.98,None,None,0.0,0,0.0,2103894000.0,2103894000.0
2015-12-30,'600793,ST宜纸,0.0,0.0,0.0,0.0,19.98,None,None,0.0,0,0.0,2103894000.0,2103894000.0
2015-12-29,'600793,ST宜纸,0.0,0.0,0.0,0.0,19.98,None,None,0.0,0,0.0,2103894000.0,2103894000.0
2015-12-28,'600793,ST宜纸,0.0,0.0,0.0,0.0,19.98,None,None,0.0,0,0.0,2103894000.0,2103894000.0
2015-12-25,'600793,ST宜纸,0.0,0.0,0.0,0.0,19.98,None,None,0.0,0,0.0,2103894000.0,2103894000.0
2015-12-24,'600793,ST宜纸,0.0,0.0,0.0,0.0,19.98,None,None,0.0,0,0.0,2103894000.0,2103894000.0
2015-12-23,'600793,ST宜纸,0.0,0.0,0.0,0.0,19.98,None,None,0.0,0,0.0,2103894000.0,2103894000.0
2015-12-22,'600793,ST宜纸,0.0,0.0,0.0,0.0,19.98,None,None,0.0,0,0.0,2103894000.0,2103894000.0
2015-12-21,'600793,ST宜纸,0.0,0.0,0.0,0.0,19.98,None,None,0.0,0,0.0,2103894000.0,2103894000.0
2015-12-18,'600793,ST宜纸,0.0,0.0,0.0,0.0,19.98,None,None,0.0,0,0.0,2103894000.0,2103894000.0
2015-12-17,'600793,ST宜纸,0.0,0.0,0.0,0.0,19.98,None,None,0.0,0,0.0,2103894000.0,2103894000.0
2015-12-16,'600793,ST宜纸,0.0,0.0,0.0,0.0,19.98,None,None,0.0,0,0.0,2103894000.0,2103894000.0
2015-12-15,'600793,ST宜纸,0.0,0.0,0.0,0.0,19.98,None,None,0.0,0,0.0,2103894000.0,2103894000.0
2015-12-14,'600793,ST宜纸,0.0,0.0,0.0,0.0,19.98,None,None,0.0,0,0.0,2103894000.0,2103894000.0
2015-12-11,'600793,ST宜纸,0.0,0.0,0.0,0.0,19.98,None,None,0.0,0,0.0,2103894000.0,2103894000.0
2015-12-10,'600793,ST宜纸,0.0,0.0,0.0,0.0,19.98,None,None,0.0,0,0.0,2103894000.0,2103894000.0
2015-12-09,'600793,ST宜纸,0.0,0.0,0.0,0.0,19.98,None,None,0.0,0,0.0,2103894000.0,2103894000.0
2015-12-08,'600793,ST宜纸,0.0,0.0,0.0,0.0,19.98,None,None,0.0,0,0.0,2103894000.0,2103894000.0
2015-12-07,'600793,ST宜纸,0.0,0.0,0.0,0.0,19.98,None,None,0.0,0,0.0,2103894000.0,2103894000.0
2015-12-04,'600793,ST宜纸,0.0,0.0,0.0,0.0,19.98,None,None,0.0,0,0.0,2103894000.0,2103894000.0
2015-12-03,'600793,ST宜纸,0.0,0.0,0.0,0.0,19.98,None,None,0.0,0,0.0,2103894000.0,2103894000.0
2015-12-02,'600793,ST宜纸,0.0,0.0,0.0,0.0,19.98,None,None,0.0,0,0.0,2103894000.0,2103894000.0
2015-12-01,'600793,ST宜纸,0.0,0.0,0.0,0.0,19.98,None,None,0.0,0,0.0,2103894000.0,2103894000.0
2015-11-30,'600793,ST宜纸,0.0,0.0,0.0,0.0,19.98,None,None,0.0,0,0.0,2103894000.0,2103894000.0
2015-11-27,'600793,ST宜纸,0.0,0.0,0.0,0.0,19.98,None,None,0.0,0,0.0,2103894000.0,2103894000.0
2015-11-26,'600793,ST宜纸,0.0,0.0,0.0,0.0,19.98,None,None,0.0,0,0.0,2103894000.0,2103894000.0
2015-11-25,'600793,ST宜纸,0.0,0.0,0.0,0.0,19.98,None,None,0.0,0,0.0,2103894000.0,2103894000.0
2015-11-24,'600793,ST宜纸,0.0,0.0,0.0,0.0,19.98,None,None,0.0,0,0.0,2103894000.0,2103894000.0
2015-11-23,'600793,ST宜纸,0.0,0.0,0.0,0.0,19.98,None,None,0.0,0,0.0,2103894000.0,2103894000.0
2015-11-20,'600793,ST宜纸,0.0,0.0,0.0,0.0,19.98,None,None,0.0,0,0.0,2103894000.0,2103894000.0
2015-11-19,'600793,ST宜纸,0.0,0.0,0.0,0.0,19.98,None,None,0.0,0,0.0,2103894000.0,2103894000.0
2015-11-18,'600793,ST宜纸,0.0,0.0,0.0,0.0,19.98,None,None,0.0,0,0.0,2103894000.0,2103894000.0
2015-11-17,'600793,ST宜纸,0.0,0.0,0.0,0.0,19.98,None,None,0.0,0,0.0,2103894000.0,2103894000.0
2015-11-16,'600793,ST宜纸,0.0,0.0,0.0,0.0,19.98,None,None,0.0,0,0.0,2103894000.0,2103894000.0
2015-11-13,'600793,ST宜纸,0.0,0.0,0.0,0.0,19.98,None,None,0.0,0,0.0,2103894000.0,2103894000.0
2015-11-12,'600793,ST宜纸,0.0,0.0,0.0,0.0,19.98,None,None,0.0,0,0.0,2103894000.0,2103894000.0
2015-11-11,'600793,ST宜纸,0.0,0.0,0.0,0.0,19.98,None,None,0.0,0,0.0,2103894000.0,2103894000.0
2015-11-10,'600793,ST宜纸,0.0,0.0,0.0,0.0,19.98,None,None,0.0,0,0.0,2103894000.0,2103894000.0
2015-11-09,'600793,ST宜纸,0.0,0.0,0.0,0.0,19.98,None,None,0.0,0,0.0,2103894000.0,2103894000.0
2015-11-06,'600793,ST宜纸,0.0,0.0,0.0,0.0,19.98,None,None,0.0,0,0.0,2103894000.0,2103894000.0
2015-11-05,'600793,ST宜纸,0.0,0.0,0.0,0.0,19.98,None,None,0.0,0,0.0,2103894000.0,2103894000.0
2015-11-04,'600793,ST宜纸,0.0,0.0,0.0,0.0,19.98,None,None,0.0,0,0.0,2103894000.0,2103894000.0
2015-11-03,'600793,ST宜纸,0.0,0.0,0.0,0.0,19.98,None,None,0.0,0,0.0,2103894000.0,2103894000.0
2015-11-02,'600793,ST宜纸,0.0,0.0,0.0,0.0,19.98,None,None,0.0,0,0.0,2103894000.0,2103894000.0
2015-10-30,'600793,ST宜纸,0.0,0.0,0.0,0.0,19.98,None,None,0.0,0,0.0,2103894000.0,2103894000.0
2015-10-29,'600793,ST宜纸,0.0,0.0,0.0,0.0,19.98,None,None,0.0,0,0.0,2103894000.0,2103894000.0
2015-10-28,'600793,ST宜纸,0.0,0.0,0.0,0.0,19.98,None,None,0.0,0,0.0,2103894000.0,2103894000.0
2015-10-27,'600793,ST宜纸,0.0,0.0,0.0,0.0,19.98,None,None,0.0,0,0.0,2103894000.0,2103894000.0
2015-10-26,'600793,ST宜纸,0.0,0.0,0.0,0.0,19.98,None,None,0.0,0,0.0,2103894000.0,2103894000.0
2015-10-23,'600793,ST宜纸,0.0,0.0,0.0,0.0,19.98,None,None,0.0,0,0.0,2103894000.0,2103894000.0
2015-10-22,'600793,ST宜纸,0.0,0.0,0.0,0.0,19.98,None,None,0.0,0,0.0,2103894000.0,2103894000.0
2015-10-21,'600793,ST宜纸,0.0,0.0,0.0,0.0,19.98,None,None,0.0,0,0.0,2103894000.0,2103894000.0
2015-10-20,'600793,ST宜纸,0.0,0.0,0.0,0.0,19.98,None,None,0.0,0,0.0,2103894000.0,2103894000.0
2015-10-19,'600793,ST宜纸,0.0,0.0,0.0,0.0,19.98,None,None,0.0,0,0.0,2103894000.0,2103894000.0
2015-10-16,'600793,ST宜纸,0.0,0.0,0.0,0.0,19.98,None,None,0.0,0,0.0,2103894000.0,2103894000.0
2015-10-15,'600793,ST宜纸,0.0,0.0,0.0,0.0,19.98,None,None,0.0,0,0.0,2103894000.0,2103894000.0
2015-10-14,'600793,ST宜纸,0.0,0.0,0.0,0.0,19.98,None,None,0.0,0,0.0,2103894000.0,2103894000.0
2015-10-13,'600793,ST宜纸,0.0,0.0,0.0,0.0,19.98,None,None,0.0,0,0.0,2103894000.0,2103894000.0
2015-10-12,'600793,ST宜纸,0.0,0.0,0.0,0.0,19.98,None,None,0.0,0,0.0,2103894000.0,2103894000.0
2015-10-09,'600793,ST宜纸,0.0,0.0,0.0,0.0,19.98,None,None,0.0,0,0.0,2103894000.0,2103894000.0
2015-10-08,'600793,ST宜纸,0.0,0.0,0.0,0.0,19.98,None,None,0.0,0,0.0,2103894000.0,2103894000.0
2015-09-30,'600793,ST宜纸,0.0,0.0,0.0,0.0,19.98,None,None,0.0,0,0.0,2103894000.0,2103894000.0
2015-09-29,'600793,ST宜纸,0.0,0.0,0.0,0.0,19.98,None,None,0.0,0,0.0,2103894000.0,2103894000.0
2015-09-28,'600793,ST宜纸,0.0,0.0,0.0,0.0,19.98,None,None,0.0,0,0.0,2103894000.0,2103894000.0
2015-09-25,'600793,ST宜纸,0.0,0.0,0.0,0.0,19.98,None,None,0.0,0,0.0,2103894000.0,2103894000.0
2015-09-24,'600793,ST宜纸,0.0,0.0,0.0,0.0,19.98,None,None,0.0,0,0.0,2103894000.0,2103894000.0
2015-09-23,'600793,ST宜纸,0.0,0.0,0.0,0.0,19.98,None,None,0.0,0,0.0,2103894000.0,2103894000.0
2015-09-22,'600793,ST宜纸,0.0,0.0,0.0,0.0,19.98,None,None,0.0,0,0.0,2103894000.0,2103894000.0
2015-09-21,'600793,ST宜纸,0.0,0.0,0.0,0.0,19.98,None,None,0.0,0,0.0,2103894000.0,2103894000.0
2015-09-18,'600793,ST宜纸,0.0,0.0,0.0,0.0,19.98,None,None,0.0,0,0.0,2103894000.0,2103894000.0
2015-09-17,'600793,ST宜纸,0.0,0.0,0.0,0.0,19.98,None,None,0.0,0,0.0,2103894000.0,2103894000.0
2015-09-16,'600793,ST宜纸,0.0,0.0,0.0,0.0,19.98,None,None,0.0,0,0.0,2103894000.0,2103894000.0
2015-09-15,'600793,ST宜纸,0.0,0.0,0.0,0.0,19.98,None,None,0.0,0,0.0,2103894000.0,2103894000.0
2015-09-14,'600793,ST宜纸,0.0,0.0,0.0,0.0,19.98,None,None,0.0,0,0.0,2103894000.0,2103894000.0
2015-09-11,'600793,ST宜纸,0.0,0.0,0.0,0.0,19.98,None,None,0.0,0,0.0,2103894000.0,2103894000.0
2015-09-10,'600793,ST宜纸,0.0,0.0,0.0,0.0,19.98,None,None,0.0,0,0.0,2103894000.0,2103894000.0
2015-09-09,'600793,ST宜纸,0.0,0.0,0.0,0.0,19.98,None,None,0.0,0,0.0,2103894000.0,2103894000.0
2015-09-08,'600793,ST宜纸,0.0,0.0,0.0,0.0,19.98,None,None,0.0,0,0.0,2103894000.0,2103894000.0
2015-09-07,'600793,ST宜纸,0.0,0.0,0.0,0.0,19.98,None,None,0.0,0,0.0,2103894000.0,2103894000.0
2015-09-02,'600793,ST宜纸,0.0,0.0,0.0,0.0,19.98,None,None,0.0,0,0.0,2103894000.0,2103894000.0
2015-09-01,'600793,ST宜纸,0.0,0.0,0.0,0.0,19.98,None,None,0.0,0,0.0,2103894000.0,2103894000.0
2015-08-31,'600793,ST宜纸,0.0,0.0,0.0,0.0,19.98,None,None,0.0,0,0.0,2103894000.0,2103894000.0
2015-08-28,'600793,ST宜纸,0.0,0.0,0.0,0.0,19.98,None,None,0.0,0,0.0,2103894000.0,2103894000.0
2015-08-27,'600793,ST宜纸,0.0,0.0,0.0,0.0,19.98,None,None,0.0,0,0.0,2103894000.0,2103894000.0
2015-08-26,'600793,ST宜纸,0.0,0.0,0.0,0.0,19.98,None,None,0.0,0,0.0,2103894000.0,2103894000.0
2015-08-25,'600793,ST宜纸,0.0,0.0,0.0,0.0,19.98,None,None,0.0,0,0.0,2103894000.0,2103894000.0
2015-08-24,'600793,ST宜纸,0.0,0.0,0.0,0.0,19.98,None,None,0.0,0,0.0,2103894000.0,2103894000.0
2015-08-21,'600793,ST宜纸,0.0,0.0,0.0,0.0,19.98,None,None,0.0,0,0.0,2103894000.0,2103894000.0
2015-08-20,'600793,ST宜纸,0.0,0.0,0.0,0.0,19.98,None,None,0.0,0,0.0,2103894000.0,2103894000.0
2015-08-19,'600793,ST宜纸,0.0,0.0,0.0,0.0,19.98,None,None,0.0,0,0.0,2103894000.0,2103894000.0
2015-08-18,'600793,ST宜纸,0.0,0.0,0.0,0.0,19.98,None,None,0.0,0,0.0,2103894000.0,2103894000.0
2015-08-17,'600793,ST宜纸,0.0,0.0,0.0,0.0,19.98,None,None,0.0,0,0.0,2103894000.0,2103894000.0
2015-08-14,'600793,ST宜纸,0.0,0.0,0.0,0.0,19.98,None,None,0.0,0,0.0,2103894000.0,2103894000.0
2015-08-13,'600793,ST宜纸,0.0,0.0,0.0,0.0,19.98,None,None,0.0,0,0.0,2103894000.0,2103894000.0
2015-08-12,'600793,ST宜纸,0.0,0.0,0.0,0.0,19.98,None,None,0.0,0,0.0,2103894000.0,2103894000.0
2015-08-11,'600793,ST宜纸,0.0,0.0,0.0,0.0,19.98,None,None,0.0,0,0.0,2103894000.0,2103894000.0
2015-08-10,'600793,ST宜纸,0.0,0.0,0.0,0.0,19.98,None,None,0.0,0,0.0,2103894000.0,2103894000.0
2015-08-07,'600793,ST宜纸,0.0,0.0,0.0,0.0,19.98,None,None,0.0,0,0.0,2103894000.0,2103894000.0
2015-08-06,'600793,ST宜纸,0.0,0.0,0.0,0.0,19.98,None,None,0.0,0,0.0,2103894000.0,2103894000.0
2015-08-05,'600793,ST宜纸,0.0,0.0,0.0,0.0,19.98,None,None,0.0,0,0.0,2103894000.0,2103894000.0
2015-08-04,'600793,ST宜纸,0.0,0.0,0.0,0.0,19.98,None,None,0.0,0,0.0,2103894000.0,2103894000.0
2015-08-03,'600793,ST宜纸,0.0,0.0,0.0,0.0,19.98,None,None,0.0,0,0.0,2103894000.0,2103894000.0
2015-07-31,'600793,ST宜纸,0.0,0.0,0.0,0.0,19.98,None,None,0.0,0,0.0,2103894000.0,2103894000.0
2015-07-30,'600793,ST宜纸,0.0,0.0,0.0,0.0,19.98,None,None,0.0,0,0.0,2103894000.0,2103894000.0
2015-07-29,'600793,ST宜纸,0.0,0.0,0.0,0.0,19.98,None,None,0.0,0,0.0,2103894000.0,2103894000.0
2015-07-28,'600793,ST宜纸,0.0,0.0,0.0,0.0,19.98,None,None,0.0,0,0.0,2103894000.0,2103894000.0
2015-07-27,'600793,ST宜纸,0.0,0.0,0.0,0.0,19.98,None,None,0.0,0,0.0,2103894000.0,2103894000.0
2015-07-24,'600793,ST宜纸,0.0,0.0,0.0,0.0,19.98,None,None,0.0,0,0.0,2103894000.0,2103894000.0
2015-07-23,'600793,ST宜纸,0.0,0.0,0.0,0.0,19.98,None,None,0.0,0,0.0,2103894000.0,2103894000.0
2015-07-22,'600793,ST宜纸,0.0,0.0,0.0,0.0,19.98,None,None,0.0,0,0.0,2103894000.0,2103894000.0
2015-07-21,'600793,ST宜纸,0.0,0.0,0.0,0.0,19.98,None,None,0.0,0,0.0,2103894000.0,2103894000.0
2015-07-20,'600793,ST宜纸,0.0,0.0,0.0,0.0,19.98,None,None,0.0,0,0.0,2103894000.0,2103894000.0
2015-07-17,'600793,ST宜纸,0.0,0.0,0.0,0.0,19.98,None,None,0.0,0,0.0,2103894000.0,2103894000.0
2015-07-16,'600793,ST宜纸,0.0,0.0,0.0,0.0,19.98,None,None,0.0,0,0.0,2103894000.0,2103894000.0
2015-07-15,'600793,ST宜纸,0.0,0.0,0.0,0.0,19.98,None,None,0.0,0,0.0,2103894000.0,2103894000.0
2015-07-14,'600793,ST宜纸,0.0,0.0,0.0,0.0,19.98,None,None,0.0,0,0.0,2103894000.0,2103894000.0
2015-07-13,'600793,ST宜纸,0.0,0.0,0.0,0.0,19.98,None,None,0.0,0,0.0,2103894000.0,2103894000.0
2015-07-10,'600793,ST宜纸,0.0,0.0,0.0,0.0,19.98,None,None,0.0,0,0.0,2103894000.0,2103894000.0
2015-07-09,'600793,ST宜纸,0.0,0.0,0.0,0.0,19.98,None,None,0.0,0,0.0,2103894000.0,2103894000.0
2015-07-08,'600793,ST宜纸,0.0,0.0,0.0,0.0,19.98,None,None,0.0,0,0.0,2103894000.0,2103894000.0
2015-07-07,'600793,ST宜纸,0.0,0.0,0.0,0.0,19.98,None,None,0.0,0,0.0,2103894000.0,2103894000.0
2015-07-06,'600793,ST宜纸,0.0,0.0,0.0,0.0,19.98,None,None,0.0,0,0.0,2103894000.0,2103894000.0
2015-07-03,'600793,ST宜纸,0.0,0.0,0.0,0.0,19.98,None,None,0.0,0,0.0,2103894000.0,2103894000.0
2015-07-02,'600793,ST宜纸,0.0,0.0,0.0,0.0,19.98,None,None,0.0,0,0.0,2103894000.0,2103894000.0
2015-07-01,'600793,ST宜纸,0.0,0.0,0.0,0.0,19.98,None,None,0.0,0,0.0,2103894000.0,2103894000.0
2015-06-30,'600793,ST宜纸,0.0,0.0,0.0,0.0,19.98,None,None,0.0,0,0.0,2103894000.0,2103894000.0
2015-06-29,'600793,ST宜纸,0.0,0.0,0.0,0.0,19.98,None,None,0.0,0,0.0,2103894000.0,2103894000.0
2015-06-26,'600793,ST宜纸,0.0,0.0,0.0,0.0,19.98,None,None,0.0,0,0.0,2103894000.0,2103894000.0
2015-06-25,'600793,ST宜纸,0.0,0.0,0.0,0.0,19.98,None,None,0.0,0,0.0,2103894000.0,2103894000.0
2015-06-24,'600793,ST宜纸,0.0,0.0,0.0,0.0,19.98,None,None,0.0,0,0.0,2103894000.0,2103894000.0
2015-06-23,'600793,ST宜纸,0.0,0.0,0.0,0.0,19.98,None,None,0.0,0,0.0,2103894000.0,2103894000.0
2015-06-19,'600793,ST宜纸,0.0,0.0,0.0,0.0,19.98,None,None,0.0,0,0.0,2103894000.0,2103894000.0
2015-06-18,'600793,ST宜纸,0.0,0.0,0.0,0.0,19.98,None,None,0.0,0,0.0,2103894000.0,2103894000.0
2015-06-17,'600793,ST宜纸,0.0,0.0,0.0,0.0,19.98,None,None,0.0,0,0.0,2103894000.0,2103894000.0
2015-06-16,'600793,ST宜纸,0.0,0.0,0.0,0.0,19.98,None,None,0.0,0,0.0,2103894000.0,2103894000.0
2015-06-15,'600793,ST宜纸,0.0,0.0,0.0,0.0,19.98,None,None,0.0,0,0.0,2103894000.0,2103894000.0
2015-06-12,'600793,ST宜纸,0.0,0.0,0.0,0.0,19.98,None,None,0.0,0,0.0,2103894000.0,2103894000.0
2015-06-11,'600793,ST宜纸,0.0,0.0,0.0,0.0,19.98,None,None,0.0,0,0.0,2103894000.0,2103894000.0
2015-06-10,'600793,ST宜纸,0.0,0.0,0.0,0.0,19.98,None,None,0.0,0,0.0,2103894000.0,2103894000.0
2015-06-09,'600793,ST宜纸,0.0,0.0,0.0,0.0,19.98,None,None,0.0,0,0.0,2103894000.0,2103894000.0
2015-06-08,'600793,ST宜纸,0.0,0.0,0.0,0.0,19.98,None,None,0.0,0,0.0,2103894000.0,2103894000.0
2015-06-05,'600793,ST宜纸,0.0,0.0,0.0,0.0,19.98,None,None,0.0,0,0.0,2103894000.0,2103894000.0
2015-06-04,'600793,ST宜纸,0.0,0.0,0.0,0.0,19.98,None,None,0.0,0,0.0,2103894000.0,2103894000.0
2015-06-03,'600793,ST宜纸,0.0,0.0,0.0,0.0,19.98,None,None,0.0,0,0.0,2103894000.0,2103894000.0
2015-06-02,'600793,ST宜纸,0.0,0.0,0.0,0.0,19.98,None,None,0.0,0,0.0,2103894000.0,2103894000.0
2015-06-01,'600793,ST宜纸,0.0,0.0,0.0,0.0,19.98,None,None,0.0,0,0.0,2103894000.0,2103894000.0
2015-05-29,'600793,ST宜纸,0.0,0.0,0.0,0.0,19.98,None,None,0.0,0,0.0,2103894000.0,2103894000.0
2015-05-28,'600793,ST宜纸,0.0,0.0,0.0,0.0,19.98,None,None,0.0,0,0.0,2103894000.0,2103894000.0
2015-05-27,'600793,ST宜纸,0.0,0.0,0.0,0.0,19.98,None,None,0.0,0,0.0,2103894000.0,2103894000.0
2015-05-26,'600793,ST宜纸,0.0,0.0,0.0,0.0,19.98,None,None,0.0,0,0.0,2103894000.0,2103894000.0
2015-05-25,'600793,ST宜纸,0.0,0.0,0.0,0.0,19.98,None,None,0.0,0,0.0,2103894000.0,2103894000.0
2015-05-22,'600793,ST宜纸,0.0,0.0,0.0,0.0,19.98,None,None,0.0,0,0.0,2103894000.0,2103894000.0
2015-05-21,'600793,ST宜纸,0.0,0.0,0.0,0.0,19.98,None,None,0.0,0,0.0,2103894000.0,2103894000.0
2015-05-20,'600793,ST宜纸,0.0,0.0,0.0,0.0,19.98,None,None,0.0,0,0.0,2103894000.0,2103894000.0
2015-05-19,'600793,ST宜纸,0.0,0.0,0.0,0.0,19.98,None,None,0.0,0,0.0,2103894000.0,2103894000.0
2015-05-18,'600793,ST宜纸,19.98,19.98,18.86,18.86,19.03,0.95,4.9921,1.9165,2018091,39961348.0,2103894000.0,2103894000.0
