2016-02-05,'600821,津劝业,6.92,7.08,6.91,7.08,7.04,-0.12,-1.7045,1.2864,5354781,37434174.0,2880576117.0,2880576117.0
2016-02-04,'600821,津劝业,7.04,7.07,6.76,6.8,6.83,0.21,3.0747,1.9956,8306881,57935595.0,2930528304.0,2930528304.0
2016-02-03,'600821,津劝业,6.83,6.86,6.5,6.59,6.62,0.21,3.1722,1.7994,7490242,50180708.0,2843111976.75,2843111976.75
2016-02-02,'600821,津劝业,6.62,6.8,6.51,6.51,6.47,0.15,2.3184,1.9788,8237257,55048625.0,2755695649.5,2755695649.5
2016-02-01,'600821,津劝业,6.47,6.63,6.38,6.53,6.57,-0.1,-1.5221,1.5387,6405022,41702079.0,2693255415.75,2693255415.75
2016-01-29,'600821,津劝业,6.57,6.65,6.22,6.35,6.28,0.29,4.6178,1.8881,7859481,50889865.0,2734882238.25,2734882238.25
2016-01-28,'600821,津劝业,6.28,6.66,6.26,6.44,6.6,-0.32,-4.8485,1.319,5490610,35594255.0,2614164453.0,2614164453.0
2016-01-27,'600821,津劝业,6.6,6.79,6.09,6.55,6.63,-0.03,-0.4525,2.1781,9066580,58346273.0,2747370285.0,2747370285.0
2016-01-26,'600821,津劝业,6.63,7.26,6.61,7.24,7.34,-0.71,-9.673,2.0838,8674330,59845855.0,2759858331.75,2759858331.75
2016-01-25,'600821,津劝业,7.34,7.36,7.19,7.29,7.19,0.15,2.0862,1.4039,5843852,42580455.0,3055408771.5,3055408771.5
2016-01-22,'600821,津劝业,7.19,7.34,6.93,7.27,7.11,0.08,1.1252,1.812,7542890,53949283.0,2992968537.75,2992968537.75
2016-01-21,'600821,津劝业,7.11,7.63,7.09,7.2,7.46,-0.35,-4.6917,2.1655,9014310,66301259.0,2959667079.75,2959667079.75
2016-01-20,'600821,津劝业,7.46,7.69,7.3,7.35,7.42,0.04,0.5391,2.6697,11113064,83263104.0,3105360958.5,3105360958.5
2016-01-19,'600821,津劝业,7.42,7.49,7.0,7.07,7.07,0.35,4.9505,2.335,9719947,70993508.0,3088710229.5,3088710229.5
2016-01-18,'600821,津劝业,7.07,7.25,6.63,6.63,6.98,0.09,1.2894,2.451,10202668,71830698.0,2943016350.75,2943016350.75
2016-01-15,'600821,津劝业,6.98,7.42,6.88,7.1,7.3,-0.32,-4.3836,2.3664,9850725,70240486.0,2905552210.5,2905552210.5
2016-01-14,'600821,津劝业,7.3,7.4,6.42,6.8,7.01,0.29,4.1369,2.9492,12276472,86496036.0,3038758042.5,3038758042.5
2016-01-13,'600821,津劝业,7.01,7.85,7.0,7.7,7.74,-0.73,-9.4315,2.8149,11717712,88051629.0,2918040257.25,2918040257.25
2016-01-12,'600821,津劝业,7.74,8.17,7.41,7.98,8.06,-0.32,-3.9702,3.9917,16616297,127932424.0,3221916061.5,3221916061.5
2016-01-11,'600821,津劝业,8.06,8.82,8.06,8.82,8.96,-0.9,-10.0446,3.073,12792048,106945854.0,3355121893.5,3355121893.5
2016-01-08,'600821,津劝业,8.96,9.35,8.1,9.21,9.0,-0.04,-0.4444,3.9966,16636494,148911755.0,3729763296.0,3729763296.0
2016-01-07,'600821,津劝业,9.0,10.02,9.0,10.0,10.0,-1.0,-10.0,1.013,4216950,39994917.0,3746414025.0,3746414025.0
2016-01-06,'600821,津劝业,10.0,10.05,9.56,9.7,9.51,0.49,5.1525,3.1656,13177506,129168498.0,4162682250.0,4162682250.0
2016-01-05,'600821,津劝业,9.51,10.0,9.11,9.45,10.11,-0.6,-5.9347,5.9531,24780935,237347569.0,3958710819.75,3958710819.75
2016-01-04,'600821,津劝业,10.11,11.35,10.1,11.29,11.2,-1.09,-9.7321,4.3652,18171110,195034847.0,4208471754.75,4208471754.75
2015-12-31,'600821,津劝业,11.2,11.57,10.66,10.68,10.65,0.55,5.1643,8.3869,34911795,389634953.0,4662204120.0,4662204120.0
2015-12-30,'600821,津劝业,10.65,10.66,10.26,10.4,10.36,0.29,2.7992,2.6482,11023820,114770879.0,4433256596.25,4433256596.25
2015-12-29,'600821,津劝业,10.36,10.48,10.0,10.38,10.35,0.01,0.0966,2.8579,11896408,121329485.0,4312538811.0,4312538811.0
2015-12-28,'600821,津劝业,10.35,10.79,10.2,10.52,10.35,0.0,0.0,3.364,14003085,146778780.0,4308376128.75,4308376128.75
2015-12-25,'600821,津劝业,10.35,10.47,10.1,10.11,10.16,0.19,1.8701,1.9542,8134903,83936377.0,4308376128.75,4308376128.75
2015-12-24,'600821,津劝业,10.16,10.45,9.98,10.2,10.38,-0.22,-2.1195,3.0741,12796611,129743844.0,4229285166.0,4229285166.0
2015-12-23,'600821,津劝业,10.38,11.16,10.22,10.68,10.64,-0.26,-2.4436,5.7588,23971922,258585356.0,4320864175.5,4320864175.5
2015-12-22,'600821,津劝业,10.64,10.88,10.15,10.19,10.19,0.45,4.4161,6.3473,26421616,279929587.0,4429093914.0,4429093914.0
2015-12-21,'600821,津劝业,10.19,10.25,9.84,9.9,9.97,0.22,2.2066,3.6351,15131696,152883458.0,4241773212.75,4241773212.75
2015-12-18,'600821,津劝业,9.97,10.18,9.88,10.18,10.21,-0.24,-2.3506,3.2427,13498404,135046220.0,4150194203.25,4150194203.25
2015-12-17,'600821,津劝业,10.21,10.24,10.04,10.11,10.07,0.14,1.3903,4.5451,18919864,191818923.0,4250098577.25,4250098577.25
2015-12-16,'600821,津劝业,10.07,10.29,10.0,10.2,10.28,-0.21,-2.0428,3.4893,14524870,146628498.0,4191821025.75,4191821025.75
2015-12-15,'600821,津劝业,10.28,10.51,10.18,10.4,10.47,-0.19,-1.8147,4.3532,18121183,186971434.0,4279237353.0,4279237353.0
2015-12-14,'600821,津劝业,10.47,10.6,10.05,10.08,10.25,0.22,2.1463,4.8993,20394305,209809060.0,4358328315.75,4358328315.75
2015-12-11,'600821,津劝业,10.25,10.42,9.68,9.87,9.95,0.3,3.0151,6.4248,26744567,271475561.0,4266749306.25,4266749306.25
2015-12-10,'600821,津劝业,9.95,10.18,9.78,10.03,10.18,-0.23,-2.2593,6.6986,27884173,277001379.0,4141868838.75,4141868838.75
2015-12-09,'600821,津劝业,10.18,10.25,9.38,9.43,9.37,0.81,8.6446,10.4311,43421430,425775511.0,4237610530.5,4237610530.5
2015-12-08,'600821,津劝业,9.37,9.93,9.15,9.21,9.2,0.17,1.8478,9.2086,38332439,367406385.0,3900433268.25,3900433268.25
2015-12-07,'600821,津劝业,9.2,9.27,9.01,9.12,9.14,0.06,0.6565,2.6936,11212539,103090514.0,3829667670.0,3829667670.0
2015-12-04,'600821,津劝业,9.14,9.25,9.03,9.06,9.2,-0.06,-0.6522,3.1222,12996660,118599955.0,3804691576.5,3804691576.5
2015-12-03,'600821,津劝业,9.2,9.22,8.71,8.75,8.74,0.46,5.2632,3.4403,14320823,128222427.0,3829667670.0,3829667670.0
2015-12-02,'600821,津劝业,8.74,9.0,8.41,8.84,8.84,-0.1,-1.1312,2.5551,10635866,92920378.0,3638184286.5,3638184286.5
2015-12-01,'600821,津劝业,8.84,8.97,8.59,8.69,8.81,0.03,0.3405,2.1655,9014456,79482180.0,3679811109.0,3679811109.0
2015-11-30,'600821,津劝业,8.81,8.92,8.13,8.66,8.66,0.15,1.7321,3.5984,14979029,128084990.0,3667323062.25,3667323062.25
2015-11-27,'600821,津劝业,8.66,9.49,8.6,9.46,9.56,-0.9,-9.4142,4.8203,20065336,182822776.0,3604882828.5,3604882828.5
2015-11-26,'600821,津劝业,9.56,9.69,9.04,9.11,9.1,0.46,5.0549,7.2086,30006978,282792760.0,3979524231.0,3979524231.0
2015-11-25,'600821,津劝业,9.1,9.12,8.78,8.8,8.86,0.24,2.7088,4.066,16925601,151460236.0,3788040847.5,3788040847.5
2015-11-24,'600821,津劝业,8.86,8.87,8.6,8.8,8.81,0.05,0.5675,2.7921,11622613,101747601.0,3688136473.5,3688136473.5
2015-11-23,'600821,津劝业,8.81,9.07,8.75,9.0,8.96,-0.15,-1.6741,3.5375,14725533,131594283.0,3667323062.25,3667323062.25
2015-11-20,'600821,津劝业,8.96,8.97,8.74,8.96,8.9,0.06,0.6742,3.9189,16312967,145003907.0,3729763296.0,3729763296.0
2015-11-19,'600821,津劝业,8.9,8.93,8.75,8.75,8.79,0.11,1.2514,2.3659,9848521,86941313.0,3704787202.5,3704787202.5
2015-11-18,'600821,津劝业,8.79,9.06,8.75,9.0,9.01,-0.22,-2.4417,2.9189,12150446,108119162.0,3658997697.75,3658997697.75
2015-11-17,'600821,津劝业,9.01,9.27,8.92,9.05,9.01,0.0,0.0,6.521,27144765,247056441.0,3750576707.25,3750576707.25
2015-11-16,'600821,津劝业,9.01,9.04,8.36,8.41,8.53,0.48,5.6272,5.0573,21051989,185019411.0,3750576707.25,3750576707.25
2015-11-13,'600821,津劝业,8.53,8.75,8.4,8.75,8.76,-0.23,-2.6256,4.3446,18085342,155055753.0,3550767959.25,3550767959.25
2015-11-12,'600821,津劝业,8.76,9.04,8.65,8.95,8.91,-0.15,-1.6835,5.3031,22074994,193885299.0,3646509651.0,3646509651.0
2015-11-11,'600821,津劝业,8.91,8.95,8.7,8.82,8.86,0.05,0.5643,4.6842,19499013,171648616.0,3708949884.75,3708949884.75
2015-11-10,'600821,津劝业,8.86,9.05,8.65,8.65,8.75,0.11,1.2571,5.6658,23584838,208918260.0,3688136473.5,3688136473.5
2015-11-09,'600821,津劝业,8.75,8.89,8.3,8.68,8.78,-0.03,-0.3417,5.7136,23783903,205887593.0,3642346968.75,3642346968.75
2015-11-06,'600821,津劝业,8.78,8.91,8.46,8.55,8.57,0.21,2.4504,5.4589,22723610,198619473.0,3654835015.5,3654835015.5
2015-11-05,'600821,津劝业,8.57,8.74,8.31,8.52,8.4,0.17,2.0238,5.6276,23426110,199960802.0,3567418688.25,3567418688.25
2015-11-04,'600821,津劝业,8.4,8.42,8.03,8.03,7.95,0.45,5.6604,4.1192,17146954,142150149.0,3496653090.0,3496653090.0
2015-11-03,'600821,津劝业,7.95,8.25,7.84,8.11,8.13,-0.18,-2.214,3.5491,14773788,119498769.0,3309332388.75,3309332388.75
2015-11-02,'600821,津劝业,8.13,8.53,8.0,8.21,8.42,-0.29,-3.4442,3.3548,13965139,115471302.0,3384260669.25,3384260669.25
2015-10-30,'600821,津劝业,8.42,8.75,8.25,8.7,8.75,-0.33,-3.7714,4.9686,20682641,175185108.0,3504978454.5,3504978454.5
2015-10-29,'600821,津劝业,8.75,8.96,8.16,8.37,8.27,0.48,5.8041,8.7653,36487014,314315217.0,3642346968.75,3642346968.75
2015-10-28,'600821,津劝业,8.27,8.48,8.02,8.15,8.15,0.12,1.4724,5.9628,24821072,206102540.0,3442538220.75,3442538220.75
2015-10-27,'600821,津劝业,8.15,8.2,7.74,8.2,8.2,-0.05,-0.6098,3.9958,16633059,132793054.0,3392586033.75,3392586033.75
2015-10-26,'600821,津劝业,8.2,8.38,8.08,8.34,8.24,-0.04,-0.4854,4.1825,17410612,143058026.0,3413399445.0,3413399445.0
2015-10-23,'600821,津劝业,8.24,8.33,7.9,8.06,7.9,0.34,4.3038,4.8611,20235018,165015986.0,3430050174.0,3430050174.0
2015-10-22,'600821,津劝业,7.9,7.95,7.55,7.66,7.6,0.3,3.9474,3.9496,16441033,127752764.0,3288518977.5,3288518977.5
2015-10-21,'600821,津劝业,7.6,8.48,7.57,8.47,8.41,-0.81,-9.6314,7.1734,29860744,236140543.0,3163638510.0,3163638510.0
2015-10-20,'600821,津劝业,8.41,8.46,8.08,8.15,8.17,0.24,2.9376,5.3914,22442797,186638174.0,3500815772.25,3500815772.25
2015-10-19,'600821,津劝业,8.17,8.34,7.99,8.28,8.32,-0.15,-1.8029,4.725,19668557,161174886.0,3400911398.25,3400911398.25
2015-10-16,'600821,津劝业,8.32,8.4,8.08,8.32,8.37,-0.05,-0.5974,5.8442,24327634,200575903.0,3463351632.0,3463351632.0
2015-10-15,'600821,津劝业,8.37,8.45,7.98,8.05,8.12,0.25,3.0788,6.0748,25287441,208520859.0,3484165043.25,3484165043.25
2015-10-14,'600821,津劝业,8.12,8.39,8.01,8.14,8.2,-0.08,-0.9756,10.0616,41883104,342951200.0,3380097987.0,3380097987.0
2015-10-13,'600821,津劝业,8.2,8.2,7.4,7.4,7.45,0.75,10.0671,8.1047,33737196,265505219.0,3413399445.0,3413399445.0
2015-10-12,'600821,津劝业,7.45,7.59,7.1,7.12,7.11,0.34,4.782,4.3959,18298785,134971186.0,3101198276.25,3101198276.25
2015-10-09,'600821,津劝业,7.11,7.16,6.98,7.01,7.03,0.08,1.138,2.8903,12031577,85021649.0,2959667079.75,2959667079.75
2015-10-08,'600821,津劝业,7.03,7.18,6.96,7.1,6.78,0.25,3.6873,3.2029,13332681,93943092.0,2926365621.75,2926365621.75
2015-09-30,'600821,津劝业,6.78,6.97,6.63,6.63,6.61,0.17,2.5719,2.3625,9834231,66620742.0,2822298565.5,2822298565.5
2015-09-29,'600821,津劝业,6.61,6.71,6.55,6.64,6.77,-0.16,-2.3634,1.6846,7012394,46389853.0,2751532967.25,2751532967.25
2015-09-28,'600821,津劝业,6.77,6.82,6.47,6.66,6.64,0.13,1.9578,1.7935,7465614,50081673.0,2818135883.25,2818135883.25
2015-09-25,'600821,津劝业,6.64,7.05,6.4,7.0,7.02,-0.38,-5.4131,2.745,11426484,77336653.0,2764021014.0,2764021014.0
2015-09-24,'600821,津劝业,7.02,7.1,6.88,6.88,6.89,0.13,1.8868,2.6009,10826803,75761868.0,2922202939.5,2922202939.5
2015-09-23,'600821,津劝业,6.89,7.1,6.73,7.1,7.22,-0.33,-4.5706,4.7334,19703586,136721296.0,2868088070.25,2868088070.25
2015-09-22,'600821,津劝业,7.22,7.45,7.06,7.07,7.09,0.13,1.8336,5.5978,23301679,168613189.0,3005456584.5,3005456584.5
2015-09-21,'600821,津劝业,7.09,7.1,6.52,6.55,6.65,0.44,6.6165,3.6763,15303406,105071547.0,2951341715.25,2951341715.25
2015-09-18,'600821,津劝业,6.65,6.7,6.38,6.53,6.4,0.25,3.9063,2.9365,12223681,80014560.0,2768183696.25,2768183696.25
2015-09-17,'600821,津劝业,6.4,6.96,6.37,6.63,6.6,-0.2,-3.0303,5.3598,22311273,149625824.0,2664116640.0,2664116640.0
2015-09-16,'600821,津劝业,6.6,6.6,6.0,6.11,6.0,0.6,10.0,4.6978,19555326,122985696.0,2747370285.0,2747370285.0
2015-09-15,'600821,津劝业,6.0,6.52,5.88,6.23,6.46,-0.46,-7.1207,4.3419,18073953,111779896.0,2497609350.0,2497609350.0
2015-09-14,'600821,津劝业,6.46,7.49,6.46,7.29,7.18,-0.72,-10.0279,6.6899,27847862,195386063.0,2689092733.5,2689092733.5
2015-09-11,'600821,津劝业,7.18,7.29,6.96,7.14,7.11,0.07,0.9845,3.7127,15454712,109996576.0,2988805855.5,2988805855.5
2015-09-10,'600821,津劝业,7.11,7.49,6.91,7.05,7.2,-0.09,-1.25,5.381,22399481,162008712.0,2959667079.75,2959667079.75
2015-09-09,'600821,津劝业,7.2,7.23,6.85,6.99,6.77,0.43,6.3516,5.9154,24623890,173732028.0,2997131220.0,2997131220.0
2015-09-08,'600821,津劝业,6.77,6.82,6.15,6.16,6.2,0.57,9.1935,4.7769,19884920,129594981.0,2818135883.25,2818135883.25
2015-09-07,'600821,津劝业,6.2,6.48,6.15,6.29,6.01,0.19,3.1614,3.8084,15852993,100153042.0,2580862995.0,2580862995.0
2015-09-02,'600821,津劝业,6.01,6.62,5.9,5.9,6.31,-0.3,-4.7544,4.2581,17724951,109106272.0,2501772032.25,2501772032.25
2015-09-01,'600821,津劝业,6.31,6.96,6.3,6.86,7.0,-0.69,-9.8571,5.3575,22301731,144334227.0,2626652499.75,2626652499.75
2015-08-31,'600821,津劝业,7.0,7.45,6.95,7.44,7.46,-0.46,-6.1662,5.389,22432835,160656227.0,2913877575.0,2913877575.0
2015-08-28,'600821,津劝业,7.46,7.47,6.82,6.88,6.79,0.67,9.8675,7.4965,31205387,222534213.0,3105360958.5,3105360958.5
2015-08-27,'600821,津劝业,6.79,6.8,6.02,6.57,6.35,0.44,6.9291,6.885,28659876,186397110.0,2826461247.75,2826461247.75
2015-08-26,'600821,津劝业,6.35,7.39,6.34,7.04,7.04,-0.69,-9.8011,8.1482,33918217,231484184.0,2643303228.75,2643303228.75
2015-08-25,'600821,津劝业,7.04,7.2,7.04,7.04,7.82,-0.78,-9.9744,5.0242,20914146,147411042.0,2930528304.0,2930528304.0
2015-08-24,'600821,津劝业,7.82,8.25,7.82,8.05,8.69,-0.87,-10.0115,3.7901,15776843,124187623.0,3255217519.5,3255217519.5
2015-08-21,'600821,津劝业,8.69,9.55,8.69,9.26,9.65,-0.96,-9.9482,6.7514,28103789,254100404.0,3617370875.25,3617370875.25
2015-08-20,'600821,津劝业,9.65,10.59,9.65,10.57,10.72,-1.07,-9.9813,6.1229,25487799,259753144.0,4016988371.25,4016988371.25
2015-08-19,'600821,津劝业,10.72,11.27,9.63,9.9,10.7,0.02,0.1869,9.268,38579555,393747643.0,4462395372.0,4462395372.0
2015-08-18,'600821,津劝业,10.7,11.77,10.7,11.46,11.89,-1.19,-10.0084,10.0031,41639830,466367982.0,4454070007.5,4454070007.5
2015-08-17,'600821,津劝业,11.89,11.91,10.23,10.51,10.83,1.06,9.7876,11.976,49852096,539136269.0,4949429195.25,4949429195.25
2015-08-14,'600821,津劝业,10.83,10.99,10.2,10.49,10.49,0.34,3.2412,15.9743,66495815,705892173.0,4508184876.75,4508184876.75
2015-08-13,'600821,津劝业,10.49,10.49,9.35,9.41,9.54,0.95,9.9581,15.8732,66075217,679281265.0,4366653680.25,4366653680.25
2015-08-12,'600821,津劝业,9.54,9.71,9.25,9.5,9.72,-0.18,-1.8519,7.9009,32889011,311143004.0,3971198866.5,3971198866.5
2015-08-11,'600821,津劝业,9.72,10.08,9.16,9.2,9.39,0.33,3.5144,11.0968,46192283,450028446.0,4046127147.0,4046127147.0
2015-08-10,'600821,津劝业,9.39,9.55,8.89,9.35,8.87,0.52,5.8625,11.6127,48340012,442865958.0,3908758632.75,3908758632.75
2015-08-07,'600821,津劝业,8.87,8.87,8.14,8.14,8.06,0.81,10.0496,7.8086,32504869,279588062.0,3692299155.75,3692299155.75
2015-08-06,'600821,津劝业,8.06,8.16,7.83,7.99,8.14,-0.08,-0.9828,2.6009,10826843,86946586.0,3355121893.5,3355121893.5
2015-08-05,'600821,津劝业,8.14,8.53,8.0,8.34,8.34,-0.2,-2.3981,4.6438,19330766,160108703.0,3388423351.5,3388423351.5
2015-08-04,'600821,津劝业,8.34,8.38,7.65,7.7,7.65,0.69,9.0196,4.6211,19236195,154247783.0,3471676996.5,3471676996.5
2015-08-03,'600821,津劝业,7.65,8.33,7.37,8.1,8.17,-0.52,-6.3647,4.2524,17701549,138756148.0,3184451921.25,3184451921.25
2015-07-31,'600821,津劝业,8.17,8.5,7.86,8.0,8.09,0.08,0.9889,4.3699,18190631,148878261.0,3400911398.25,3400911398.25
2015-07-30,'600821,津劝业,8.09,8.82,8.01,8.35,8.51,-0.42,-4.9354,5.7969,24130465,205397162.0,3367609940.25,3367609940.25
2015-07-29,'600821,津劝业,8.51,8.59,7.6,8.2,7.95,0.56,7.044,6.0471,25172261,202455777.0,3542442594.75,3542442594.75
2015-07-28,'600821,津劝业,7.95,8.69,7.75,7.86,8.61,-0.66,-7.6655,6.6204,27558710,221249165.0,3309332388.75,3309332388.75
2015-07-27,'600821,津劝业,8.61,9.79,8.61,9.3,9.57,-0.96,-10.0313,8.2875,34498399,315754662.0,3584069417.25,3584069417.25
2015-07-24,'600821,津劝业,9.57,10.19,9.41,10.0,9.71,-0.14,-1.4418,11.8222,49211993,485669299.0,3983686913.25,3983686913.25
2015-07-23,'600821,津劝业,9.71,9.71,8.76,8.76,8.83,0.88,9.966,7.3424,30564105,286815509.0,4041964464.75,4041964464.75
2015-07-22,'600821,津劝业,8.83,9.04,8.5,8.81,8.9,-0.07,-0.7865,7.4374,30959333,272259557.0,3675648426.75,3675648426.75
2015-07-21,'600821,津劝业,8.9,9.24,8.38,8.5,8.79,0.11,1.2514,10.4461,43483741,385011830.0,3704787202.5,3704787202.5
2015-07-20,'600821,津劝业,8.79,8.9,8.03,8.23,8.35,0.44,5.2695,13.0607,54367702,462900870.0,3658997697.75,3658997697.75
2015-07-17,'600821,津劝业,8.35,8.35,7.45,7.56,7.59,0.76,10.0132,10.6583,44367120,357369607.0,3475839678.75,3475839678.75
2015-07-16,'600821,津劝业,7.59,7.88,6.63,6.7,7.37,0.22,2.9851,9.1052,37901853,278450178.0,3159475827.75,3159475827.75
2015-07-15,'600821,津劝业,7.37,8.01,7.22,8.01,7.28,0.09,1.2363,16.1009,67022942,518620286.0,3067896818.25,3067896818.25
2015-07-14,'600821,津劝业,7.28,7.28,7.28,7.28,6.62,0.66,9.9698,0.2506,1043048,7593389.0,3030432678.0,3030432678.0
2015-07-13,'600821,津劝业,6.62,6.62,6.62,6.62,6.02,0.6,9.9668,0.3883,1616218,10699363.0,2755695649.5,2755695649.5
2015-07-10,'600821,津劝业,0.0,0.0,0.0,0.0,6.02,None,None,0.0,0,0.0,2505934714.5,2505934714.5
2015-07-09,'600821,津劝业,0.0,0.0,0.0,0.0,6.02,None,None,0.0,0,0.0,2505934714.5,2505934714.5
2015-07-08,'600821,津劝业,6.02,6.02,6.02,6.02,6.69,-0.67,-10.0149,0.4809,2001800,12050836.0,2505934714.5,2505934714.5
2015-07-07,'600821,津劝业,6.69,6.96,6.69,6.88,7.43,-0.74,-9.9596,3.2864,13680400,92025871.0,2784834425.25,2784834425.25
2015-07-06,'600821,津劝业,7.43,8.91,7.43,8.9,8.25,-0.82,-9.9394,9.1758,38195989,300059177.0,3092872911.75,3092872911.75
2015-07-03,'600821,津劝业,8.25,9.18,8.25,8.45,9.17,-0.92,-10.0327,5.4322,22612366,189508596.0,3434212856.25,3434212856.25
2015-07-02,'600821,津劝业,9.17,10.19,9.17,10.19,10.19,-1.02,-10.0098,4.4108,18360683,171864269.0,3817179623.25,3817179623.25
2015-07-01,'600821,津劝业,10.19,11.49,10.19,11.0,11.32,-1.13,-9.9823,5.093,21200407,230336537.0,4241773212.75,4241773212.75
2015-06-30,'600821,津劝业,11.32,11.57,9.96,10.8,11.07,0.25,2.2584,7.1199,29637825,319947881.0,4712156307.0,4712156307.0
2015-06-29,'600821,津劝业,11.07,12.74,11.07,12.6,12.3,-1.23,-10.0,4.8295,20103759,228833497.0,4608089250.75,4608089250.75
2015-06-26,'600821,津劝业,12.3,13.08,12.3,13.0,13.67,-1.37,-10.0219,4.0194,16731534,208689681.0,5120099167.5,5120099167.5
2015-06-25,'600821,津劝业,13.67,15.36,13.57,15.19,15.08,-1.41,-9.3501,5.8418,24317435,346216572.0,5690386635.75,5690386635.75
2015-06-24,'600821,津劝业,15.08,15.18,14.53,14.68,14.57,0.51,3.5003,2.7711,11535047,172197820.0,6277324833.0,6277324833.0
2015-06-23,'600821,津劝业,14.57,15.49,13.75,14.82,15.28,-0.71,-4.6466,3.4197,14235008,203868636.0,6065028038.25,6065028038.25
2015-06-19,'600821,津劝业,15.28,17.15,15.28,16.45,16.98,-1.7,-10.0118,3.1206,12989950,208614606.0,6360578478.0,6360578478.0
2015-06-18,'600821,津劝业,16.98,17.97,16.48,17.24,17.19,-0.21,-1.2216,4.4351,18462095,323778132.0,7068234460.5,7068234460.5
2015-06-17,'600821,津劝业,17.19,17.3,15.1,16.3,16.34,0.85,5.202,4.2564,17718109,285499176.0,7155650787.75,7155650787.75
2015-06-16,'600821,津劝业,16.34,17.4,16.28,17.34,17.49,-1.15,-6.5752,3.4961,14553043,244626758.0,6801822796.5,6801822796.5
2015-06-15,'600821,津劝业,17.49,18.22,17.3,18.07,18.03,-0.54,-2.995,4.5988,19143472,339298822.0,7280531255.25,7280531255.25
2015-06-12,'600821,津劝业,18.03,18.96,17.61,17.82,17.81,0.22,1.2353,5.6596,23559323,432745056.0,7505316096.75,7505316096.75
2015-06-11,'600821,津劝业,17.81,18.05,16.89,17.26,17.16,0.65,3.7879,5.075,21125445,368739547.0,7413737087.25,7413737087.25
2015-06-10,'600821,津劝业,17.16,17.54,16.6,16.8,17.21,-0.05,-0.2905,3.2847,13673314,234600686.0,7143162741.0,7143162741.0
2015-06-09,'600821,津劝业,17.21,18.08,16.38,16.6,16.83,0.38,2.2579,4.9291,20518152,354385448.0,7163976152.25,7163976152.25
2015-06-08,'600821,津劝业,16.83,18.0,16.7,17.94,17.93,-1.1,-6.135,6.492,27023985,459594068.0,7005794226.75,7005794226.75
2015-06-05,'600821,津劝业,17.93,18.3,17.19,17.57,17.54,0.39,2.2235,6.1948,25786776,462289815.0,7463689274.25,7463689274.25
2015-06-04,'600821,津劝业,17.54,17.93,16.18,17.4,17.98,-0.44,-2.4472,6.6447,27659755,467671245.0,7301344666.5,7301344666.5
2015-06-03,'600821,津劝业,17.98,18.88,16.6,18.43,17.26,0.72,4.1715,8.6772,36120282,647758955.0,7484502685.5,7484502685.5
2015-06-02,'600821,津劝业,17.26,17.26,15.6,15.97,15.69,1.57,10.0064,7.9258,32992529,554175374.0,7184789563.5,7184789563.5
2015-06-01,'600821,津劝业,15.69,15.69,14.0,14.25,14.26,1.43,10.0281,7.6913,32016315,490303099.0,6531248450.25,6531248450.25
2015-05-29,'600821,津劝业,14.26,14.48,12.8,13.58,13.81,0.45,3.2585,5.9616,24816123,346451022.0,5935984888.5,5935984888.5
2015-05-28,'600821,津劝业,13.81,15.29,13.75,14.5,14.24,-0.43,-3.0197,8.009,33338814,490527542.0,5748664187.25,5748664187.25
2015-05-27,'600821,津劝业,14.24,14.45,14.0,14.38,14.51,-0.27,-1.8608,5.1832,21575878,306568663.0,5927659524.0,5927659524.0
2015-05-26,'600821,津劝业,14.51,14.8,13.7,14.35,14.33,0.18,1.2561,7.706,32077806,458935868.0,6040051944.75,6040051944.75
2015-05-25,'600821,津劝业,14.33,14.65,13.52,13.91,13.9,0.43,3.0935,8.2154,34197932,484019472.0,5965123664.25,5965123664.25
2015-05-22,'600821,津劝业,13.9,13.9,12.7,12.7,12.64,1.26,9.9684,9.361,38967066,523740593.0,5786128327.5,5786128327.5
2015-05-21,'600821,津劝业,12.64,12.66,12.07,12.21,12.15,0.49,4.0329,5.1623,21488989,265005886.0,5261630364.0,5261630364.0
2015-05-20,'600821,津劝业,12.15,12.78,11.7,11.84,11.81,0.34,2.8789,7.4828,31148318,382405987.0,5057658933.75,5057658933.75
2015-05-19,'600821,津劝业,11.81,11.87,11.16,11.16,11.14,0.67,6.0144,5.2911,22025286,256874714.0,4916127737.25,4916127737.25
2015-05-18,'600821,津劝业,11.14,11.4,11.01,11.3,11.34,-0.2,-1.7637,4.155,17296012,193137156.0,4637228026.5,4637228026.5
2015-05-15,'600821,津劝业,11.34,11.72,11.22,11.72,11.8,-0.46,-3.8983,4.071,16946226,194392996.0,4720481671.5,4720481671.5
2015-05-14,'600821,津劝业,11.8,12.05,11.33,11.46,11.44,0.36,3.1469,6.4245,26743233,314068162.0,4911965055.0,4911965055.0
2015-05-13,'600821,津劝业,11.44,11.86,11.17,11.31,11.39,0.05,0.439,5.4569,22715284,259763545.0,4762108494.0,4762108494.0
2015-05-12,'600821,津劝业,11.39,11.5,11.01,11.35,11.33,0.06,0.5296,4.4749,18627660,209559896.0,4741295082.75,4741295082.75
2015-05-11,'600821,津劝业,11.33,11.6,10.6,10.64,10.59,0.74,6.9877,6.5119,27106856,302932756.0,4716318989.25,4716318989.25
2015-05-08,'600821,津劝业,10.59,10.7,10.01,10.17,9.95,0.64,6.4322,4.3078,17932181,185180504.0,4408280502.75,4408280502.75
2015-05-07,'600821,津劝业,9.95,10.45,9.91,10.45,10.42,-0.47,-4.5106,3.6393,15149290,152083018.0,4141868838.75,4141868838.75
2015-05-06,'600821,津劝业,10.42,10.94,10.2,10.69,10.63,-0.21,-1.9755,4.5177,18805758,197399839.0,4337514904.5,4337514904.5
2015-05-05,'600821,津劝业,10.63,11.75,10.58,11.75,11.75,-1.12,-9.5319,7.3595,30635414,336901311.0,4424931231.75,4424931231.75
2015-05-04,'600821,津劝业,11.75,12.24,11.55,11.55,11.75,0.0,0.0,4.4201,18399488,217093914.0,4891151643.75,4891151643.75
2015-04-30,'600821,津劝业,11.75,12.26,11.55,12.18,12.32,-0.57,-4.6266,5.7857,24083844,286349454.0,4891151643.75,4891151643.75
2015-04-29,'600821,津劝业,12.32,12.53,11.71,11.95,12.11,0.21,1.7341,6.1596,25640451,314052976.0,5128424532.0,5128424532.0
2015-04-28,'600821,津劝业,12.11,12.56,11.6,11.71,11.77,0.34,2.8887,10.4304,43418639,528814566.0,5041008204.75,5041008204.75
2015-04-27,'600821,津劝业,11.77,12.12,10.81,11.08,11.02,0.75,6.8058,10.0876,41991397,482638428.0,4899477008.25,4899477008.25
2015-04-24,'600821,津劝业,11.02,11.3,10.54,11.03,11.03,-0.01,-0.0907,12.9262,53807489,588444944.0,4587275839.5,4587275839.5
2015-04-23,'600821,津劝业,11.03,11.03,10.21,10.21,10.03,1.0,9.9701,13.8214,57534247,628788868.0,4591438521.75,4591438521.75
2015-04-22,'600821,津劝业,10.03,10.17,9.79,9.84,10.02,0.01,0.0998,8.2199,34217036,341454174.0,4175170296.75,4175170296.75
2015-04-21,'600821,津劝业,10.02,10.4,9.74,10.2,9.74,0.28,2.8747,15.0397,62605538,628175182.0,4171007614.5,4171007614.5
2015-04-20,'600821,津劝业,9.74,9.74,8.91,8.93,8.85,0.89,10.0565,6.1732,25697112,243002282.0,4054452511.5,4054452511.5
2015-04-17,'600821,津劝业,8.85,8.99,8.7,8.96,8.82,0.03,0.3401,3.6203,15070260,132804827.0,3683973791.25,3683973791.25
2015-04-16,'600821,津劝业,8.82,8.98,8.42,8.5,8.85,-0.03,-0.339,2.8576,11895288,104209031.0,3671485744.5,3671485744.5
2015-04-15,'600821,津劝业,8.85,9.23,8.8,9.1,9.22,-0.37,-4.013,3.7874,15765849,141558549.0,3683973791.25,3683973791.25
2015-04-14,'600821,津劝业,9.22,9.48,9.0,9.17,9.15,0.07,0.765,5.0974,21218762,196750783.0,3837993034.5,3837993034.5
2015-04-13,'600821,津劝业,9.15,9.45,8.79,8.79,8.77,0.38,4.333,6.4437,26823208,246077635.0,3808854258.75,3808854258.75
2015-04-10,'600821,津劝业,8.77,8.78,8.3,8.36,8.4,0.37,4.4048,3.6394,15149744,130058914.0,3650672333.25,3650672333.25
2015-04-09,'600821,津劝业,8.4,8.75,8.12,8.7,8.7,-0.3,-3.4483,3.3712,14033241,118227050.0,3496653090.0,3496653090.0
2015-04-08,'600821,津劝业,8.7,8.99,8.5,8.91,8.9,-0.2,-2.2472,4.117,17137778,149737937.0,3621533557.5,3621533557.5
2015-04-07,'600821,津劝业,8.9,9.09,8.8,8.8,8.65,0.25,2.8902,4.8025,19991252,178758094.0,3704787202.5,3704787202.5
2015-04-03,'600821,津劝业,8.65,8.8,8.39,8.49,8.48,0.17,2.0047,3.4818,14493637,124842461.0,3600720146.25,3600720146.25
2015-04-02,'600821,津劝业,8.48,8.5,8.31,8.37,8.37,0.11,1.3142,3.3747,14047880,118181789.0,3529954548.0,3529954548.0
2015-04-01,'600821,津劝业,8.37,8.5,8.27,8.27,8.26,0.11,1.3317,2.794,11630471,97627523.0,3484165043.25,3484165043.25
2015-03-31,'600821,津劝业,8.26,8.52,8.1,8.47,8.45,-0.19,-2.2485,2.888,12021944,99639805.0,3438375538.5,3438375538.5
2015-03-30,'600821,津劝业,8.45,8.68,8.18,8.2,8.3,0.15,1.8072,3.6651,15256439,128483287.0,3517466501.25,3517466501.25
2015-03-27,'600821,津劝业,8.3,8.36,7.93,8.02,8.02,0.28,3.4913,3.7216,15491952,127118789.0,3455026267.5,3455026267.5
2015-03-26,'600821,津劝业,8.02,8.17,7.85,8.15,8.22,-0.2,-2.4331,4.3042,17916824,143949873.0,3338471164.5,3338471164.5
2015-03-25,'600821,津劝业,8.22,8.88,8.18,8.3,8.27,-0.05,-0.6046,7.4099,30845004,262298695.0,3421724809.5,3421724809.5
2015-03-24,'600821,津劝业,8.27,8.35,7.6,7.76,7.74,0.53,6.8475,6.4583,26883792,212579712.0,3442538220.75,3442538220.75
2015-03-23,'600821,津劝业,7.74,7.78,7.62,7.73,7.72,0.02,0.2591,3.2718,13619607,105030385.0,3221916061.5,3221916061.5
2015-03-20,'600821,津劝业,7.72,7.88,7.35,7.44,7.41,0.31,4.1835,4.9565,20632361,157291738.0,3213590697.0,3213590697.0
2015-03-19,'600821,津劝业,7.41,7.49,7.32,7.48,7.5,-0.09,-1.2,3.4794,14483807,107439544.0,3084547547.25,3084547547.25
2015-03-18,'600821,津劝业,7.5,7.52,7.37,7.48,7.43,0.07,0.9421,3.0617,12745027,94823836.0,3122011687.5,3122011687.5
2015-03-17,'600821,津劝业,7.43,7.54,7.37,7.42,7.43,0.0,0.0,3.3934,14125796,105065788.0,3092872911.75,3092872911.75
2015-03-16,'600821,津劝业,7.43,7.5,7.25,7.28,7.27,0.16,2.2008,3.7289,15522235,114380011.0,3092872911.75,3092872911.75
2015-03-13,'600821,津劝业,7.27,7.56,6.92,6.92,6.92,0.35,5.0578,5.2064,21672694,157854598.0,3026269995.75,3026269995.75
2015-03-12,'600821,津劝业,6.92,6.95,6.83,6.84,6.86,0.06,0.8746,1.7962,7477033,51516454.0,2880576117.0,2880576117.0
2015-03-11,'600821,津劝业,6.86,6.96,6.8,6.92,6.9,-0.04,-0.5797,2.0796,8656621,59528208.0,2855600023.5,2855600023.5
2015-03-10,'600821,津劝业,6.9,6.97,6.8,6.8,6.81,0.09,1.3216,2.5768,10726447,74147861.0,2872250752.5,2872250752.5
2015-03-09,'600821,津劝业,6.81,6.84,6.58,6.64,6.68,0.13,1.9461,2.2952,9553996,64433613.0,2834786612.25,2834786612.25
2015-03-06,'600821,津劝业,6.68,6.74,6.61,6.68,6.7,-0.02,-0.2985,1.4893,6199467,41456317.0,2780671743.0,2780671743.0
2015-03-05,'600821,津劝业,6.7,6.77,6.6,6.75,6.77,-0.07,-1.034,2.3919,9956803,66327065.0,2788997107.5,2788997107.5
2015-03-04,'600821,津劝业,6.77,6.82,6.68,6.75,6.76,0.01,0.1479,2.9256,12178278,82072854.0,2818135883.25,2818135883.25
2015-03-03,'600821,津劝业,6.76,6.87,6.75,6.85,6.89,-0.13,-1.8868,2.2192,9237699,62900306.0,2813973201.0,2813973201.0
2015-03-02,'600821,津劝业,6.89,6.94,6.8,6.93,6.95,-0.06,-0.8633,3.016,12554583,86117800.0,2868088070.25,2868088070.25
2015-02-27,'600821,津劝业,6.95,6.99,6.72,6.8,6.8,0.15,2.2059,3.327,13849285,95217775.0,2893064163.75,2893064163.75
2015-02-26,'600821,津劝业,6.8,6.84,6.68,6.75,6.76,0.04,0.5917,2.0859,8682732,58765074.0,2830623930.0,2830623930.0
2015-02-25,'600821,津劝业,6.76,6.87,6.62,6.71,6.71,0.05,0.7452,2.3395,9738422,65490162.0,2813973201.0,2813973201.0
2015-02-17,'600821,津劝业,6.71,6.8,6.57,6.77,6.79,-0.08,-1.1782,3.1564,13138964,87583081.0,2793159789.75,2793159789.75
2015-02-16,'600821,津劝业,6.79,6.9,6.69,6.74,6.78,0.01,0.1475,2.9768,12391510,83959521.0,2826461247.75,2826461247.75
2015-02-13,'600821,津劝业,6.78,6.95,6.68,6.85,6.74,0.04,0.5935,4.5397,18897462,128615785.0,2822298565.5,2822298565.5
2015-02-12,'600821,津劝业,6.74,6.98,6.43,6.47,6.48,0.26,4.0123,7.6209,31723570,213036301.0,2805647836.5,2805647836.5
2015-02-11,'600821,津劝业,6.48,6.54,6.24,6.27,6.26,0.22,3.5144,3.8585,16061762,102875930.0,2697418098.0,2697418098.0
2015-02-10,'600821,津劝业,6.26,6.32,6.19,6.29,6.3,-0.04,-0.6349,1.9851,8263512,51683398.0,2605839088.5,2605839088.5
2015-02-09,'600821,津劝业,6.3,6.38,6.2,6.24,6.23,0.07,1.1236,3.8084,15853074,100022628.0,2622489817.5,2622489817.5
2015-02-06,'600821,津劝业,6.23,6.33,6.07,6.11,6.09,0.14,2.2989,5.7727,24030046,149046865.0,2593351041.75,2593351041.75
2015-02-05,'600821,津劝业,6.09,6.16,6.03,6.14,6.1,-0.01,-0.1639,1.5789,6572352,39985935.0,2535073490.25,2535073490.25
2016-02-15,'600821,津劝业,6.84,6.91,6.61,6.71,6.92,-0.08,-1.1561,1.29,5369926,36171835.0,2847274659.0,2847274659.0

