2016-02-04,'600836,界龙实业,22.81,23.69,22.68,23.68,21.54,1.27,5.896,7.9771,25013324,583642755.0,7558698786.16,7152380583.75
2016-02-03,'600836,界龙实业,21.54,21.66,20.85,21.25,21.52,0.02,0.0929,2.4844,7790021,165382564.0,7137850585.44,6754155097.5
2016-02-02,'600836,界龙实业,21.52,21.69,20.6,20.6,20.65,0.87,4.2131,2.7299,8560099,181907138.0,7131223054.72,6747883830.0
2016-02-01,'600836,界龙实业,20.65,21.48,20.16,20.95,20.96,-0.31,-1.479,2.4956,7825384,163551364.0,6842925468.4,6475083693.75
2016-01-29,'600836,界龙实业,20.96,21.46,20.0,20.0,20.02,0.94,4.6953,3.1107,9754033,202731505.0,6945652194.56,6572288340.0
2016-01-28,'600836,界龙实业,20.02,21.66,19.96,20.03,20.42,-0.4,-1.9589,4.1808,13109333,274587178.0,6634158250.72,6277538767.5
2016-01-27,'600836,界龙实业,20.42,20.93,18.72,20.7,20.59,-0.17,-0.8256,3.585,11241254,222448224.0,6766708865.12,6402964117.5
2016-01-26,'600836,界龙实业,20.59,22.7,20.58,22.4,22.87,-2.28,-9.9694,3.5085,11001382,238907375.0,6823042876.24,6456269891.25
2016-01-25,'600836,界龙实业,22.87,23.32,22.35,22.55,22.1,0.77,3.4842,3.3185,10405562,238187214.0,7578581378.32,7171194386.25
2016-01-22,'600836,界龙实业,22.1,22.44,21.23,22.15,21.93,0.17,0.7752,3.0185,9464856,207845337.0,7323421445.6,6929750587.5
2016-01-21,'600836,界龙实业,21.93,23.71,21.87,22.99,23.58,-1.65,-6.9975,3.4072,10683655,244730547.0,7267087434.48,6876444813.75
2016-01-20,'600836,界龙实业,23.58,24.16,23.16,23.69,23.99,-0.41,-1.709,3.7854,11869687,281725737.0,7813858718.88,7393824382.5
2016-01-19,'600836,界龙实业,23.99,24.25,22.97,23.0,23.05,0.94,4.0781,4.4443,13935749,331365368.0,7949723098.64,7522385366.25
2016-01-18,'600836,界龙实业,23.05,24.1,21.66,21.79,22.91,0.14,0.6111,3.9964,12531293,290739033.0,7638229154.8,7227635793.75
2016-01-15,'600836,界龙实业,22.91,25.01,22.39,23.61,24.14,-1.23,-5.0953,5.2068,16326616,384270034.0,7591836439.76,7183736921.25
2016-01-14,'600836,界龙实业,24.14,24.2,21.51,22.1,23.63,0.51,2.1583,6.5051,20397640,461224773.0,7999429579.04,7569419872.5
2016-01-13,'600836,界龙实业,23.63,26.48,23.59,25.9,24.32,-0.69,-2.8372,7.4142,23248124,590461118.0,7830427545.68,7409502551.25
2016-01-12,'600836,界龙实业,24.32,26.42,24.0,26.0,26.22,-1.9,-7.2464,5.6478,17709491,447047237.0,8059077355.52,7625861280.0
2016-01-11,'600836,界龙实业,26.22,27.5,26.22,26.8,29.13,-2.91,-9.9897,6.8591,21507639,575285500.0,8688692773.92,8221631692.5
2016-01-08,'600836,界龙实业,29.13,32.26,27.88,31.73,30.89,-1.76,-5.6976,9.6279,30189545,916269696.0,9652998493.68,9134101113.75
2016-01-07,'600836,界龙实业,30.89,33.5,30.89,33.1,34.32,-3.43,-9.9942,2.7084,8492439,271363695.0,10236221197.0,9685972653.75
2016-01-06,'600836,界龙实业,34.32,34.55,32.1,32.99,33.33,0.99,2.9703,15.1047,47362944,1587267180.0,11372842715.5,10761495030.0
2016-01-05,'600836,界龙实业,33.33,33.33,30.23,30.23,30.3,3.03,10.0,15.0376,47152272,1541838497.0,11044779944.9,10451067288.8
2016-01-04,'600836,界龙实业,30.3,33.38,28.9,31.06,31.31,-1.01,-3.2258,6.0386,18934804,608142988.0,10040709040.8,9500970262.5
2015-12-31,'600836,界龙实业,31.31,31.73,30.46,30.46,30.62,0.69,2.2534,5.1117,16028391,500697847.0,10375399342.2,9817669271.25
2015-12-30,'600836,界龙实业,30.62,31.33,30.15,30.37,30.34,0.28,0.9229,2.5158,7888513,242128783.0,10146749532.3,9601310542.5
2015-12-29,'600836,界龙实业,30.34,30.5,29.7,30.15,30.51,-0.17,-0.5572,2.8407,8907521,268306943.0,10053964102.2,9513512797.5
2015-12-28,'600836,界龙实业,30.51,31.65,29.87,29.95,29.69,0.82,2.7619,7.1105,22295868,690072699.0,10110298113.4,9566818571.25
2015-12-25,'600836,界龙实业,29.69,29.89,29.33,29.89,29.75,-0.06,-0.2017,1.5885,4980845,147200161.0,9838569353.84,9309696603.75
2015-12-24,'600836,界龙实业,29.75,29.98,29.51,29.8,29.72,0.03,0.1009,1.6013,5021227,149254176.0,9858451946.0,9328510406.25
2015-12-23,'600836,界龙实业,29.72,30.38,29.67,30.0,30.07,-0.35,-1.164,2.3968,7515425,225372352.0,9848510649.92,9319103505.0
2015-12-22,'600836,界龙实业,30.07,30.4,29.81,29.98,29.96,0.11,0.3672,1.6522,5180848,155708796.0,9964492437.52,9428850686.25
2015-12-21,'600836,界龙实业,29.96,30.4,29.71,30.09,30.19,-0.23,-0.7618,2.0136,6314011,189923837.0,9928041018.56,9394358715.0
2015-12-18,'600836,界龙实业,30.19,31.09,30.13,30.5,30.31,-0.12,-0.3959,3.3369,10463213,319827370.0,10004257621.8,9466478291.25
2015-12-17,'600836,界龙实业,30.31,30.77,30.04,30.3,29.95,0.36,1.202,3.3782,10592741,321459924.0,10044022806.2,9504105896.25
2015-12-16,'600836,界龙实业,29.95,30.59,29.84,30.15,30.29,-0.34,-1.1225,2.8044,8793581,264924271.0,9924727253.2,9391223081.25
2015-12-15,'600836,界龙实业,30.29,30.59,29.05,29.2,29.23,1.06,3.6264,3.0586,9590585,285474860.0,10037395275.4,9497834628.75
2015-12-14,'600836,界龙实业,29.23,29.57,28.3,28.5,28.85,0.38,1.3172,2.178,6829534,198956778.0,9686136147.28,9165457451.25
2015-12-11,'600836,界龙实业,28.85,29.99,28.7,28.7,29.3,-0.45,-1.5358,3.5302,11069325,324596030.0,9560213063.6,9046303368.75
2015-12-10,'600836,界龙实业,29.3,30.1,27.25,27.68,27.37,1.93,7.0515,6.3003,19755353,576067596.0,9709332504.8,9187406887.5
2015-12-09,'600836,界龙实业,27.37,28.59,27.03,28.11,28.11,-0.74,-2.6325,2.8417,8910427,246100254.0,9069775790.32,8582229573.75
2015-12-08,'600836,界龙实业,28.11,29.37,28.01,29.37,29.49,-1.38,-4.6796,2.576,8077249,231069131.0,9314994426.96,8814266471.25
2015-12-07,'600836,界龙实业,29.49,29.7,28.98,29.39,29.35,0.14,0.477,2.2581,7080686,207758103.0,9772294046.64,9246983928.75
2015-12-04,'600836,界龙实业,29.35,29.88,29.1,29.74,29.65,-0.3,-1.0118,2.5842,8103169,239285562.0,9725901331.6,9203085056.25
2015-12-03,'600836,界龙实业,29.65,29.68,28.8,29.33,29.13,0.52,1.7851,2.7831,8726815,255888887.0,9825314292.4,9297154068.75
2015-12-02,'600836,界龙实业,29.13,29.8,28.28,29.41,29.47,-0.34,-1.1537,2.2366,7013202,203910924.0,9652998493.68,9134101113.75
2015-12-01,'600836,界龙实业,29.47,29.65,28.6,29.07,29.0,0.47,1.6207,3.0803,9658758,282160329.0,9765666515.92,9240712661.25
2015-11-30,'600836,界龙实业,29.0,29.95,27.01,29.8,29.25,-0.25,-0.8547,3.5933,11267208,323833529.0,9609919544.0,9093337875.0
2015-11-27,'600836,界龙实业,29.25,31.71,28.68,31.01,31.78,-2.53,-7.961,4.4151,13844049,420575741.0,9692763678.0,9171728718.75
2015-11-26,'600836,界龙实业,31.78,32.51,31.73,32.21,32.13,-0.35,-1.0893,3.8974,12220751,392293190.0,10531146314.1,9965044057.5
2015-11-25,'600836,界龙实业,32.13,32.59,31.11,32.3,32.57,-0.44,-1.3509,5.8209,18252255,581637782.0,10647128101.7,10074791238.8
2015-11-24,'600836,界龙实业,32.57,32.98,32.05,32.09,32.28,0.29,0.8984,2.5691,8055745,260968309.0,10792933777.5,10212759123.8
2015-11-23,'600836,界龙实业,32.28,33.57,32.0,33.21,33.62,-1.34,-3.9857,5.2538,16474110,540693190.0,10696834582.1,10121825745.0
2015-11-20,'600836,界龙实业,33.62,35.88,33.55,34.3,34.29,-0.67,-1.9539,6.8078,21346756,738400442.0,11140879140.3,10542000667.5
2015-11-19,'600836,界龙实业,34.29,34.77,33.02,34.63,34.42,-0.13,-0.3777,5.2742,16537966,558324581.0,11362901419.4,10752088128.8
2015-11-18,'600836,界龙实业,34.42,35.95,33.35,33.45,33.57,0.85,2.532,8.938,28026266,975898717.0,11405980369.1,10792851367.5
2015-11-17,'600836,界龙实业,33.57,34.5,33.02,33.48,33.22,0.35,1.0536,7.0995,22261526,754592139.0,11124310313.5,10526322498.8
2015-11-16,'600836,界龙实业,33.22,33.49,32.68,32.97,33.72,-0.5,-1.4828,4.4494,13951782,460151998.0,11008328525.9,10416575317.5
2015-11-13,'600836,界龙实业,33.72,35.32,32.11,32.51,32.83,0.89,2.7109,8.093,25376629,866839104.0,11174016793.9,10573357005.0
2015-11-12,'600836,界龙实业,32.83,33.86,32.67,33.7,33.84,-1.01,-2.9846,5.0053,15694843,519098035.0,10879091676.9,10294285601.2
2015-11-11,'600836,界龙实业,33.84,33.91,32.18,32.3,32.57,1.27,3.8993,7.2434,22712759,754893422.0,11213781978.2,10610984610.0
2015-11-10,'600836,界龙实业,32.57,33.18,32.01,32.33,32.76,-0.19,-0.58,4.616,14473994,472937090.0,10792933777.5,10212759123.8
2015-11-09,'600836,界龙实业,32.76,33.2,31.51,32.58,33.04,-0.28,-0.8475,5.3198,16680956,542167354.0,10855895319.4,10272336165.0
2015-11-06,'600836,界龙实业,33.04,33.32,32.5,32.5,32.9,0.14,0.4255,4.4991,14107490,466017443.0,10948680749.4,10360133910.0
2015-11-05,'600836,界龙实业,32.9,34.2,32.61,32.77,32.9,0.0,0.0,6.5703,20602166,685897614.0,10902288034.4,10316235037.5
2015-11-04,'600836,界龙实业,32.9,33.2,31.75,32.0,31.44,1.46,4.6438,5.8866,18458065,601634430.0,10902288034.4,10316235037.5
2015-11-03,'600836,界龙实业,31.44,32.2,30.62,31.75,31.72,-0.28,-0.8827,4.5486,14262770,448834021.0,10418478291.8,9858432510.0
2015-11-02,'600836,界龙实业,31.72,33.3,30.77,31.0,32.24,-0.52,-1.6129,4.6765,14663662,472783823.0,10511263721.9,9946230255.0
2015-10-30,'600836,界龙实业,32.24,34.34,30.67,31.8,31.93,0.31,0.9709,6.9368,21751341,707325331.0,10683579520.6,10109283210.0
2015-10-29,'600836,界龙实业,31.93,32.68,31.63,31.95,31.44,0.49,1.5585,4.1477,13005679,417967202.0,10580852794.5,10012078563.8
2015-10-28,'600836,界龙实业,31.44,32.88,31.32,32.15,32.9,-1.46,-4.4377,5.2302,16399988,524673041.0,10418478291.8,9858432510.0
2015-10-27,'600836,界龙实业,32.9,33.37,31.63,32.16,32.86,0.04,0.1217,6.4106,20101398,659391194.0,10902288034.4,10316235037.5
2015-10-26,'600836,界龙实业,32.86,33.57,31.4,33.5,34.47,-1.61,-4.6707,10.8511,34024988,1107316352.0,10889032973.0,10303692502.5
2015-10-23,'600836,界龙实业,34.47,36.6,34.0,34.45,34.41,0.06,0.1744,12.4435,39018166,1382224585.0,11422549195.9,10808529536.2
2015-10-22,'600836,界龙实业,34.41,34.42,31.33,31.33,31.29,3.12,9.9712,11.8554,37174214,1228482483.0,11402666603.8,10789715733.8
2015-10-21,'600836,界龙实业,31.29,35.76,31.29,34.56,34.77,-3.48,-10.0086,11.6711,36596142,1215586429.0,10368771811.4,9811398003.75
2015-10-20,'600836,界龙实业,34.77,35.9,33.52,34.61,34.97,-0.2,-0.5719,10.5595,33110745,1142961213.0,11521962156.7,10902598548.8
2015-10-19,'600836,界龙实业,34.97,37.8,34.58,35.91,34.42,0.55,1.5979,18.1591,56940284,2049731918.0,11588237463.9,10965311223.8
2015-10-16,'600836,界龙实业,34.42,34.42,31.05,31.8,31.29,3.13,10.0032,15.6974,49221342,1628727313.0,11405980369.1,10792851367.5
2015-10-15,'600836,界龙实业,31.29,31.68,29.68,29.78,30.07,1.22,4.0572,9.0899,28502668,877664769.0,10368771811.4,9811398003.75
2015-10-14,'600836,界龙实业,30.07,31.59,30.04,31.0,31.24,-1.17,-3.7452,8.6,26966531,828281150.0,9964492437.52,9428850686.25
2015-10-13,'600836,界龙实业,31.24,31.99,29.8,30.0,30.54,0.7,2.2921,11.5343,36167477,1123835032.0,10352202984.6,9795719835.0
2015-10-12,'600836,界龙实业,30.54,31.98,29.43,29.45,29.29,1.25,4.2677,14.4071,45175349,1378730082.0,10120239409.4,9576225472.5
2015-10-09,'600836,界龙实业,29.29,29.35,28.1,28.3,28.77,0.52,1.8074,9.785,30682223,882557246.0,9706018739.44,9184271253.75
2015-10-08,'600836,界龙实业,28.77,29.25,27.06,27.5,26.64,2.13,7.9955,10.3411,32425955,909565818.0,9533702940.72,9021218298.75
2015-09-30,'600836,界龙实业,26.64,27.8,26.5,27.0,26.36,0.28,1.0622,6.1507,19286253,522041936.0,8827870919.04,8353328310.0
2015-09-29,'600836,界龙实业,26.36,27.75,25.9,26.0,27.04,-0.68,-2.5148,6.0836,19075973,510894064.0,8735085488.96,8265530565.0
2015-09-28,'600836,界龙实业,27.04,27.48,24.69,27.2,27.41,-0.37,-1.3499,8.3659,26232352,686891364.0,8960421533.44,8478753660.0
2015-09-25,'600836,界龙实业,27.41,28.66,26.91,27.21,26.7,0.71,2.6592,13.1914,41363303,1150256479.0,9083030851.76,8594772108.75
2015-09-24,'600836,界龙实业,26.7,27.61,26.38,26.55,26.33,0.37,1.4052,6.0399,18938801,511371731.0,8847753511.2,8372142112.5
2015-09-23,'600836,界龙实业,26.33,27.44,26.29,26.9,27.69,-1.36,-4.9115,9.0275,28306834,759521363.0,8725144192.88,8256123663.75
2015-09-22,'600836,界龙实业,27.69,28.4,26.68,26.68,26.79,0.9,3.3595,11.9032,37324134,1030645266.0,9175816281.84,8682569853.75
2015-09-21,'600836,界龙实业,26.79,27.17,25.04,25.2,25.69,1.1,4.2818,8.1586,25582350,678590931.0,8877577399.44,8400362816.25
2015-09-18,'600836,界龙实业,25.69,26.65,24.62,26.44,26.16,-0.47,-1.7966,10.8523,34028965,874839671.0,8513063209.84,8055443103.75
2015-09-17,'600836,界龙实业,26.16,28.35,25.96,26.32,25.8,0.36,1.3953,18.359,57567067,1559242708.0,8668810181.76,8202817890.0
2015-09-16,'600836,界龙实业,25.8,25.8,23.6,24.0,23.45,2.35,10.0213,14.6568,45958383,1171971225.0,8549514628.8,8089935075.0
2015-09-15,'600836,界龙实业,23.45,26.18,23.2,24.5,25.73,-2.28,-8.8613,10.4054,32627510,796124604.0,7770779769.2,7353061143.75
2015-09-14,'600836,界龙实业,25.73,28.94,25.73,27.95,28.59,-2.86,-10.0035,15.1433,47483902,1294156624.0,8526318271.28,8067985638.75
2015-09-11,'600836,界龙实业,28.59,28.59,25.61,25.63,25.99,2.6,10.0038,15.1587,47531984,1289035596.0,9474055164.24,8964776891.25
2015-09-10,'600836,界龙实业,25.99,27.8,25.9,26.2,27.59,-1.6,-5.7992,13.3501,41860884,1113385256.0,8612476170.64,8149512116.25
2015-09-09,'600836,界龙实业,27.59,30.05,26.1,28.15,27.34,0.25,0.9144,21.6944,68025635,1943640721.0,9142678628.24,8651213516.25
2015-09-08,'600836,界龙实业,27.34,27.34,23.23,24.1,24.85,2.49,10.0201,15.4215,48356094,1229527209.0,9059834494.24,8572822672.5
2015-09-07,'600836,界龙实业,24.85,24.85,22.59,23.15,22.59,2.26,10.0044,13.8519,43434551,1049452934.0,8234706919.6,7792049868.75
2015-09-02,'600836,界龙实业,22.59,23.82,19.71,20.1,21.65,0.94,4.3418,14.0327,44001341,1008873856.0,7485795948.24,7083396641.25
2015-09-01,'600836,界龙实业,21.65,23.52,21.65,23.4,24.06,-2.41,-10.0166,10.2874,32257571,720656277.0,7174302004.4,6788647068.75
2015-08-31,'600836,界龙实业,24.06,25.22,22.69,22.69,23.47,0.59,2.5138,12.5997,39508086,952713931.0,7972919456.16,7544334802.5
2015-08-28,'600836,界龙实业,23.47,23.47,21.98,22.0,21.34,2.13,9.9813,10.2973,32288497,747243043.0,7777407299.92,7359332411.25
2015-08-27,'600836,界龙实业,21.34,21.34,20.21,20.21,19.4,1.94,10.0,9.0557,28395352,597890203.0,7071575278.24,6691442422.5
2015-08-26,'600836,界龙实业,19.4,20.8,18.38,19.01,18.93,0.47,2.4828,8.3671,26236050,517958882.0,6428704798.4,6083129475.0
2015-08-25,'600836,界龙实业,18.93,21.15,18.93,18.95,21.03,-2.1,-9.9857,7.3437,23027150,450511047.0,6272957826.48,5935754688.75
2015-08-24,'600836,界龙实业,21.03,22.35,21.03,21.94,23.37,-2.34,-10.0128,4.952,15527598,331322853.0,6968848552.08,6594237776.25
2015-08-21,'600836,界龙实业,23.37,24.72,22.9,23.8,24.48,-1.11,-4.5343,5.2579,16486730,393714289.0,7744269646.32,7327976073.75
2015-08-20,'600836,界龙实业,24.48,26.24,24.44,25.64,26.24,-1.76,-6.7073,4.6795,14673248,372316848.0,8112097601.28,7676031420.0
2015-08-19,'600836,界龙实业,26.24,26.59,23.12,24.44,25.52,0.72,2.8213,7.6369,23946510,599379673.0,8695320304.64,8227902960.0
2015-08-18,'600836,界龙实业,25.52,28.45,25.52,28.18,28.35,-2.83,-9.9824,8.3059,26044342,697125379.0,8456729198.72,8002137330.0
2015-08-17,'600836,界龙实业,28.35,28.73,27.66,27.8,28.14,0.21,0.7463,6.5169,20434594,578044035.0,9394524795.6,8889521681.25
2015-08-14,'600836,界龙实业,28.14,29.5,27.85,29.36,29.04,-0.9,-3.0992,10.2963,32285285,917740633.0,9324935723.04,8823673372.5
2015-08-13,'600836,界龙实业,29.04,29.95,27.05,27.3,27.45,1.59,5.7923,11.879,37248342,1070218534.0,9623174605.44,9105880410.0
2015-08-12,'600836,界龙实业,27.45,28.6,25.38,25.6,26.1,1.35,5.1724,11.3913,35718802,981279064.0,9096285913.2,8607314643.75
2015-08-11,'600836,界龙实业,26.1,27.32,25.63,25.98,26.09,0.01,0.0383,8.7436,27416848,726846588.0,8648927589.6,8184004087.5
2015-08-10,'600836,界龙实业,26.09,26.45,24.66,25.49,24.83,1.26,5.0745,10.1958,31970250,816064668.0,8645613824.24,8180868453.75
2015-08-07,'600836,界龙实业,24.83,24.83,23.0,23.05,22.57,2.26,10.0133,9.8615,30921947,755606289.0,8228079388.88,7785778601.25
2015-08-06,'600836,界龙实业,22.57,23.33,21.75,22.0,23.06,-0.49,-2.1249,4.3001,13483637,306286857.0,7479168417.52,7077125373.75
2015-08-05,'600836,界龙实业,23.06,24.19,22.81,23.5,23.18,-0.12,-0.5177,7.2902,22859493,536354514.0,7641542920.16,7230771427.5
2015-08-04,'600836,界龙实业,23.18,23.18,21.38,21.38,21.07,2.11,10.0142,6.6451,20836567,465945439.0,7681308104.48,7268399032.5
2015-08-03,'600836,界龙实业,21.07,23.07,21.06,22.8,23.4,-2.33,-9.9573,6.0314,18912293,411222227.0,6982103613.52,6606780311.25
2015-07-31,'600836,界龙实业,23.4,24.7,22.78,24.02,24.78,-1.38,-5.569,6.8221,21391736,509151248.0,7754210942.4,7337382975.0
2015-07-30,'600836,界龙实业,24.78,26.26,24.4,25.0,25.34,-0.56,-2.2099,8.2478,25862129,663349207.0,8211510562.08,7770100432.5
2015-07-29,'600836,界龙实业,25.34,25.41,22.8,24.5,23.99,1.35,5.6273,7.9281,24859517,604802585.0,8397081422.24,7945695922.5
2015-07-28,'600836,界龙实业,23.99,25.0,22.01,22.1,24.01,-0.02,-0.0833,9.8442,30867915,727300440.0,7949723098.64,7522385366.25
2015-07-27,'600836,界龙实业,24.01,27.43,24.01,25.8,26.68,-2.67,-10.0075,10.7284,33640212,876620802.0,7956350629.36,7528656633.75
2015-07-24,'600836,界龙实业,26.68,28.44,25.51,26.3,26.36,0.32,1.214,13.2178,41446223,1099522423.0,8841125980.48,8365870845.0
2015-07-23,'600836,界龙实业,26.36,26.5,25.9,26.0,26.2,0.16,0.6107,7.8959,24758782,650003148.0,8735085488.96,8265530565.0
2015-07-22,'600836,界龙实业,26.2,26.88,24.81,25.12,25.22,0.98,3.8858,8.2412,25841383,672340316.0,8682065243.2,8215360425.0
2015-07-21,'600836,界龙实业,25.22,26.02,24.48,25.0,25.88,-0.66,-2.5502,8.2922,26001357,660669281.0,8357316237.92,7908068317.5
2015-07-20,'600836,界龙实业,25.88,26.38,23.53,23.68,24.19,1.69,6.9864,13.3367,41819042,1031093857.0,8576024751.68,8115020145.0
2015-07-17,'600836,界龙实业,24.19,24.19,22.2,22.9,21.99,2.2,10.0045,10.702,33557516,797739256.0,8015998405.84,7585098041.25
2015-07-16,'600836,界龙实业,21.99,21.99,18.7,19.0,19.99,2.0,10.005,10.4809,32864194,695535645.0,7286970026.64,6895258616.25
2015-07-15,'600836,界龙实业,19.99,22.33,19.85,21.88,21.12,-1.13,-5.3504,14.1585,44395953,933947157.0,6624216954.64,6268131866.25
2015-07-14,'600836,界龙实业,21.12,21.12,20.08,20.7,19.2,1.92,10.0,5.0403,15804489,330069181.0,6998672440.32,6622458480.0
2015-07-13,'600836,界龙实业,19.2,19.2,18.55,19.2,17.45,1.75,10.0287,7.3392,23013168,440178768.0,6362429491.2,6020416800.0
2015-07-10,'600836,界龙实业,17.45,17.45,16.05,16.8,15.86,1.59,10.0252,4.7289,14828239,255511350.0,5782520553.2,5471680893.75
2015-07-09,'600836,界龙实业,15.86,15.86,12.98,12.98,14.42,1.44,9.9861,8.067,25295285,369807586.0,5255631860.96,4973115127.5
2015-07-08,'600836,界龙实业,14.42,14.42,14.42,14.42,16.02,-1.6,-9.9875,0.5256,1648200,23767044.0,4778449649.12,4521583867.5
2015-07-07,'600836,界龙实业,16.02,17.28,16.02,16.8,17.8,-1.78,-10.0,3.3755,10584382,173578554.0,5308652106.72,5023285267.5
2015-07-06,'600836,界龙实业,17.8,21.18,17.35,21.18,19.25,-1.45,-7.5325,7.3152,22937896,438903601.0,5898502340.8,5581428075.0
2015-07-03,'600836,界龙实业,19.25,22.12,19.17,20.05,21.3,-2.05,-9.6244,6.9639,21836160,436896790.0,6378998318.0,6036094968.75
2015-07-02,'600836,界龙实业,21.3,23.95,20.86,23.31,22.64,-1.34,-5.9187,6.4562,20244338,454473303.0,7058320216.8,6678899887.5
2015-07-01,'600836,界龙实业,22.64,25.52,22.01,24.3,24.37,-1.73,-7.0989,5.6351,17669766,432751472.0,7502364775.04,7099074810.0
2015-06-30,'600836,界龙实业,24.37,24.62,20.14,22.0,22.38,1.99,8.8919,7.4571,23382603,523257482.0,8075646182.32,7641539448.75
2015-06-29,'600836,界龙实业,22.38,25.88,22.38,25.6,24.87,-2.49,-10.0121,5.4743,17165388,408263083.0,7416206875.68,7017548332.5
2015-06-26,'600836,界龙实业,24.87,27.01,24.87,26.38,27.63,-2.76,-9.9891,5.0297,15771235,406912882.0,8241334450.32,7798321136.25
2015-06-25,'600836,界龙实业,27.63,29.65,27.01,29.5,29.71,-2.08,-7.001,4.5008,14112768,404643713.0,9155933689.68,8663756051.25
2015-06-24,'600836,界龙实业,29.71,29.88,28.02,28.73,28.18,1.53,5.4294,5.4968,17235950,498138152.0,9845196884.56,9315967871.25
2015-06-23,'600836,界龙实业,28.18,28.81,25.91,28.4,28.08,0.1,0.3561,5.0078,15702543,431715178.0,9338190784.48,8836215907.5
2015-06-19,'600836,界龙实业,28.08,31.0,28.08,30.35,31.2,-3.12,-10.0,5.1783,16237392,474827097.0,9305053130.88,8804859570.0
2015-06-18,'600836,界龙实业,31.2,33.1,31.08,31.45,31.91,-0.71,-2.225,6.4347,20176948,648722984.0,10338947923.2,9783177300.0
2015-06-17,'600836,界龙实业,31.91,32.18,30.2,31.5,33.01,-1.1,-3.3323,7.2615,22769251,708946393.0,10574225263.8,10005807296.2
2015-06-16,'600836,界龙实业,33.01,33.97,30.96,31.85,30.88,2.13,6.8977,11.3834,35694146,1177787597.0,10938739453.4,10350727008.8
2015-06-15,'600836,界龙实业,30.88,32.19,30.0,31.81,32.4,-1.52,-4.6914,5.3149,16665666,523369525.0,10232907431.7,9682837020.0
2015-06-12,'600836,界龙实业,32.4,34.22,32.28,33.82,33.68,-1.28,-3.8005,7.7482,24295405,797758662.0,10736599766.4,10159453350.0
2015-06-11,'600836,界龙实业,33.68,34.68,31.89,33.0,32.27,1.41,4.3694,9.769,30632036,1023920476.0,11160761732.5,10560814470.0
2015-06-10,'600836,界龙实业,32.27,33.1,30.07,30.7,31.0,1.27,4.0968,11.3204,35496489,1124165389.0,10118690111.2,10118690111.2
2015-06-09,'600836,界龙实业,31.0,31.82,28.8,29.1,29.35,1.65,5.6218,10.484,32874127,1012981254.0,9720464625.0,9720464625.0
2015-06-08,'600836,界龙实业,29.35,30.05,28.79,30.05,30.1,-0.75,-2.4917,5.0972,15982985,468475397.0,9203085056.25,9203085056.25
2015-06-05,'600836,界龙实业,30.1,30.92,29.2,29.7,29.46,0.64,2.1724,7.488,23479768,707965794.0,9438257587.5,9438257587.5
2015-06-04,'600836,界龙实业,29.46,29.62,27.02,28.63,28.63,0.83,2.8991,5.219,16364798,468526060.0,9237577027.5,9237577027.5
2015-06-03,'600836,界龙实业,28.63,29.85,28.0,29.7,29.69,-1.06,-3.5702,5.5485,17398061,500880940.0,8977319426.25,8977319426.25
2015-06-02,'600836,界龙实业,29.69,30.25,28.02,28.41,28.36,1.33,4.6897,6.2837,19703455,577456804.0,9309696603.75,9309696603.75
2015-06-01,'600836,界龙实业,28.36,28.66,27.16,27.18,27.12,1.24,4.5723,5.2598,16492931,464125617.0,8892657315.0,8892657315.0
2015-05-29,'600836,界龙实业,27.12,27.97,25.82,27.3,27.3,-0.18,-0.6593,6.0497,18969780,514695087.0,8503838730.0,8503838730.0
2015-05-28,'600836,界龙实业,27.3,30.33,27.3,30.33,30.33,-3.03,-9.9901,8.3709,26247952,762362043.0,8560280137.5,8560280137.5
2015-05-27,'600836,界龙实业,30.33,31.55,29.8,31.3,31.31,-0.98,-3.13,9.548,29939044,914964763.0,9510377163.75,9510377163.75
2015-05-26,'600836,界龙实业,31.31,32.39,29.56,29.87,29.88,1.43,4.7858,12.8487,40288911,1249087038.0,9817669271.25,9817669271.25
2015-05-25,'600836,界龙实业,29.88,30.31,28.62,29.0,29.34,0.54,1.8405,11.2059,35137603,1038649440.0,9369273645.0,9369273645.0
2015-05-22,'600836,界龙实业,29.34,29.9,28.32,28.51,28.39,0.95,3.3462,12.079,37875380,1103714089.0,9199949422.5,9199949422.5
2015-05-21,'600836,界龙实业,28.39,28.8,27.55,28.13,28.54,-0.15,-0.5256,9.983,31303001,881328340.0,8902064216.25,8902064216.25
2015-05-20,'600836,界龙实业,28.54,29.9,28.17,28.5,29.36,-0.82,-2.7929,15.2229,47733536,1379280076.0,8949098722.5,8949098722.5
2015-05-19,'600836,界龙实业,29.36,32.04,28.15,28.15,29.13,0.23,0.7896,20.3144,63698436,1953840611.0,9206220690.0,9206220690.0
2015-05-18,'600836,界龙实业,29.13,31.04,28.01,28.24,28.23,0.9,3.1881,13.1427,41210775,1211516575.0,9134101113.75,9134101113.75
2015-05-15,'600836,界龙实业,28.23,28.23,24.7,25.5,25.66,2.57,10.0156,10.6379,33356611,877648144.0,8851894076.25,8851894076.25
2015-05-14,'600836,界龙实业,25.66,26.79,25.0,26.5,25.72,-0.06,-0.2333,14.4839,45416132,1172609591.0,8046036202.5,8046036202.5
2015-05-13,'600836,界龙实业,25.72,25.72,24.67,25.72,23.38,2.34,10.0086,11.4929,36037480,915959644.0,8064850005.0,8064850005.0
2015-05-12,'600836,XD界龙实,23.38,23.38,21.61,21.65,21.25,2.13,10.0235,5.4266,17015730,386833803.0,7331111707.5,7331111707.5
2015-05-11,'600836,界龙实业,21.27,21.48,20.58,20.9,20.56,0.71,3.4533,4.0112,12577547,265960521.0,6669492986.25,6669492986.25
2015-05-08,'600836,界龙实业,20.56,20.68,20.02,20.45,20.08,0.48,2.3904,3.1557,9895192,201552173.0,6446862990.0,6446862990.0
2015-05-07,'600836,界龙实业,20.08,20.5,19.26,19.5,19.5,0.58,2.9744,4.3651,13687492,273141006.0,6296352570.0,6296352570.0
2015-05-06,'600836,界龙实业,19.5,20.26,19.35,19.99,19.99,-0.49,-2.4512,3.3035,10358650,206244509.0,6114485812.5,6114485812.5
2015-05-05,'600836,界龙实业,19.99,21.19,19.97,21.18,21.18,-1.19,-5.6185,3.0216,9474730,195482524.0,6268131866.25,6268131866.25
2015-05-04,'600836,界龙实业,21.18,21.46,20.77,21.0,21.45,-0.27,-1.2587,3.4864,10932006,230172012.0,6641272282.5,6641272282.5
2015-04-30,'600836,界龙实业,21.45,22.15,21.42,21.93,21.78,-0.33,-1.5152,2.9537,9261705,201109509.0,6725934393.75,6725934393.75
2015-04-29,'600836,界龙实业,21.78,21.98,21.32,21.49,21.47,0.31,1.4439,2.8212,8846171,192433374.0,6829410307.5,6829410307.5
2015-04-28,'600836,界龙实业,21.47,22.55,21.29,22.55,22.59,-1.12,-4.9579,5.1078,16016293,348038219.0,6732205661.25,6732205661.25
2015-04-27,'600836,界龙实业,22.59,23.58,22.32,23.5,23.21,-0.62,-2.6713,6.6829,20955145,477940004.0,7083396641.25,7083396641.25
2015-04-24,'600836,界龙实业,23.21,23.5,21.52,21.84,22.29,0.92,4.1274,8.3743,26258873,599893494.0,7277805933.75,7277805933.75
2015-04-23,'600836,界龙实业,22.29,22.52,21.8,22.1,22.09,0.2,0.9054,5.3656,16824453,373788944.0,6989327628.75,6989327628.75
2015-04-22,'600836,界龙实业,22.09,22.48,21.65,21.66,21.63,0.46,2.1267,5.5184,17303815,381665274.0,6926614953.75,6926614953.75
2015-04-21,'600836,界龙实业,21.63,21.65,21.02,21.08,21.09,0.54,2.5605,3.9213,12295821,263137182.0,6782375801.25,6782375801.25
2015-04-20,'600836,界龙实业,21.09,22.52,21.03,21.7,22.09,-1.0,-4.5269,7.2739,22808168,493290391.0,6613051578.75,6613051578.75
2015-04-17,'600836,界龙实业,22.09,23.37,21.93,22.0,21.88,0.21,0.9598,8.0773,25327465,570778715.0,6926614953.75,6926614953.75
2015-04-16,'600836,界龙实业,21.88,22.05,20.6,21.5,22.24,-0.36,-1.6187,8.8175,27648378,592829004.0,6860766645.0,6860766645.0
2015-04-15,'600836,界龙实业,22.24,23.99,22.07,22.68,23.03,-0.79,-3.4303,12.5978,39502008,906543646.0,6973649460.0,6973649460.0
2015-04-14,'600836,界龙实业,23.03,23.68,22.01,22.2,21.53,1.5,6.967,15.8584,49726143,1154637429.0,7221364526.25,7221364526.25
2015-04-13,'600836,界龙实业,21.53,21.53,19.62,19.9,19.57,1.96,10.0153,8.9044,27920837,577978789.0,6751019463.75,6751019463.75
2015-04-10,'600836,界龙实业,19.57,19.84,19.28,19.31,19.31,0.26,1.3465,3.6114,11323895,221229274.0,6136435248.75,6136435248.75
2015-04-09,'600836,界龙实业,19.31,20.16,19.0,20.11,20.26,-0.95,-4.689,4.9097,15395005,299294316.0,6054908771.25,6054908771.25
2015-04-08,'600836,界龙实业,20.26,20.8,19.68,20.61,20.77,-0.51,-2.4555,5.9947,18797330,381205787.0,6352793977.5,6352793977.5
2015-04-07,'600836,界龙实业,20.77,20.85,19.62,20.0,19.92,0.85,4.2671,8.7835,27541725,561053960.0,6512711298.75,6512711298.75
2015-04-03,'600836,界龙实业,19.92,20.21,19.6,19.71,20.05,-0.13,-0.6484,6.0957,19113892,379333061.0,6246182430.0,6246182430.0
2015-04-02,'600836,界龙实业,20.05,20.26,19.1,19.2,19.14,0.91,4.7544,8.5605,26842570,529527500.0,6286945668.75,6286945668.75
2015-04-01,'600836,界龙实业,19.14,19.3,18.84,18.9,18.94,0.2,1.056,3.5201,11037892,210586403.0,6001602997.5,6001602997.5
2015-03-31,'600836,界龙实业,18.94,19.62,18.9,19.49,19.47,-0.53,-2.7221,5.3526,16783769,321386233.0,5938890322.5,5938890322.5
2015-03-30,'600836,界龙实业,19.47,19.79,18.79,18.79,18.65,0.82,4.3968,7.569,23733484,460666943.0,6105078911.25,6105078911.25
2015-03-27,'600836,界龙实业,18.65,18.72,18.27,18.27,18.22,0.43,2.36,3.0403,9533246,176822633.0,5847956943.75,5847956943.75
2015-03-26,'600836,界龙实业,18.22,18.54,18.1,18.19,18.38,-0.16,-0.8705,2.8367,8894773,162695600.0,5713124692.5,5713124692.5
2015-03-25,'600836,界龙实业,18.38,18.84,18.3,18.84,18.78,-0.4,-2.1299,4.0332,12646534,233613916.0,5763294832.5,5763294832.5
2015-03-24,'600836,界龙实业,18.78,19.14,18.32,19.1,19.07,-0.29,-1.5207,4.8196,15112425,284089547.0,5888720182.5,5888720182.5
2015-03-23,'600836,界龙实业,19.07,19.19,18.85,19.0,19.0,0.07,0.3684,4.4548,13968743,265335439.0,5979653561.25,5979653561.25
2015-03-20,'600836,界龙实业,19.0,19.18,18.71,18.82,18.82,0.18,0.9564,4.5301,14204816,268580288.0,5957704125.0,5957704125.0
2015-03-19,'600836,界龙实业,18.82,18.95,18.52,18.9,18.9,-0.08,-0.4233,4.0621,12737305,239167594.0,5901262717.5,5901262717.5
2015-03-18,'600836,界龙实业,18.9,18.99,18.65,18.67,18.72,0.18,0.9615,4.2882,13446284,252946727.0,5926347787.5,5926347787.5
2015-03-17,'600836,界龙实业,18.72,18.81,18.46,18.75,18.79,-0.07,-0.3725,4.7957,15037702,279973905.0,5869906380.0,5869906380.0
2015-03-16,'600836,界龙实业,18.79,18.89,18.14,18.2,18.15,0.64,3.5262,5.603,17569049,326359835.0,5891855816.25,5891855816.25
2015-03-13,'600836,界龙实业,18.15,18.25,17.74,17.91,17.88,0.27,1.5101,2.6601,8340964,150020362.0,5691175256.25,5691175256.25
2015-03-12,'600836,界龙实业,17.88,18.15,17.73,17.83,17.83,0.05,0.2804,1.8293,5736050,102682274.0,5606513145.0,5606513145.0
2015-03-11,'600836,界龙实业,17.83,18.15,17.76,18.15,18.17,-0.34,-1.8712,2.0109,6305568,112893996.0,5590834976.25,5590834976.25
2015-03-10,'600836,界龙实业,18.17,18.39,17.94,17.94,17.94,0.23,1.2821,2.4803,7777278,141572215.0,5697446523.75,5697446523.75
2015-03-09,'600836,界龙实业,17.94,18.05,17.58,17.71,17.95,-0.01,-0.0557,1.4371,4506322,80635583.0,5625326947.5,5625326947.5
2015-03-06,'600836,界龙实业,17.95,18.45,17.87,18.41,18.25,-0.3,-1.6438,2.4743,7758414,140573493.0,5628462581.25,5628462581.25
2015-03-05,'600836,界龙实业,18.25,18.28,17.83,18.21,18.27,-0.02,-0.1095,2.7947,8763008,157957166.0,5722531593.75,5722531593.75
2015-03-04,'600836,界龙实业,18.27,18.45,17.81,17.97,17.96,0.31,1.7261,2.9656,9299091,169014181.0,5728802861.25,5728802861.25
2015-03-03,'600836,界龙实业,17.96,18.47,17.94,18.45,18.65,-0.69,-3.6997,3.2405,10161031,184767081.0,5631598215.0,5631598215.0
2015-03-02,'600836,界龙实业,18.65,18.77,17.92,18.18,18.07,0.58,3.2097,4.1488,13009162,238845964.0,5847956943.75,5847956943.75
2015-02-27,'600836,界龙实业,18.07,18.25,17.77,17.8,17.78,0.29,1.631,2.47,7745109,139994296.0,5666090186.25,5666090186.25
2015-02-26,'600836,界龙实业,17.78,17.88,17.43,17.68,17.7,0.08,0.452,1.9081,5983194,105263851.0,5575156807.5,5575156807.5
2015-02-25,'600836,界龙实业,17.7,18.0,17.67,17.98,18.08,-0.38,-2.1018,1.707,5352373,95449367.0,5550071737.5,5550071737.5
2015-02-17,'600836,界龙实业,18.08,18.27,17.62,17.62,17.61,0.47,2.6689,3.0721,9632859,173512312.0,5669225820.0,5669225820.0
2015-02-16,'600836,界龙实业,17.61,17.7,17.45,17.63,17.62,-0.01,-0.0568,1.8748,5878609,103313739.0,5521851033.75,5521851033.75
2015-02-13,'600836,界龙实业,17.62,17.92,17.54,17.76,17.7,-0.08,-0.452,2.2427,7032202,124954770.0,5524986667.5,5524986667.5
2015-02-12,'600836,界龙实业,17.7,17.77,17.2,17.2,17.26,0.44,2.5492,1.9848,6223633,108849701.0,5550071737.5,5550071737.5
2015-02-11,'600836,界龙实业,17.26,17.48,17.1,17.1,17.06,0.2,1.1723,1.5184,4761204,82294939.0,5412103852.5,5412103852.5
2015-02-10,'600836,界龙实业,17.06,17.08,16.66,16.7,16.7,0.36,2.1557,1.4752,4625834,78063160.0,5349391177.5,5349391177.5
2015-02-09,'600836,界龙实业,16.7,17.07,16.6,16.74,16.89,-0.19,-1.1249,1.7025,5338480,89912204.0,5236508362.5,5236508362.5
2015-02-06,'600836,界龙实业,16.89,17.7,16.8,17.48,17.41,-0.52,-2.9868,2.8414,8909705,153742819.0,5296085403.75,5296085403.75
2015-02-05,'600836,界龙实业,17.41,18.12,17.39,18.06,17.83,-0.42,-2.3556,2.7099,8497143,150640663.0,5459138358.75,5459138358.75
