2016-05-13,'600865,百大集团,11.39,11.5,11.25,11.31,11.37,0.02,0.1759,1.0878,4092707,46537603.0,4285377199.24,4285377199.24
2016-05-12,'600865,百大集团,11.37,11.4,10.88,11.18,11.31,0.06,0.5305,1.1788,4434949,49367352.0,4277852392.92,4277852392.92
2016-05-11,'600865,百大集团,11.31,11.55,11.29,11.47,11.37,-0.06,-0.5277,1.59,5982287,68163170.0,4255277973.96,4255277973.96
2016-05-10,'600865,百大集团,11.37,11.58,11.29,11.32,11.47,-0.1,-0.8718,1.3835,5205226,59234075.0,4277852392.92,4277852392.92
2016-05-09,'600865,百大集团,11.47,11.93,11.38,11.81,12.03,-0.56,-4.655,1.9605,7376306,85003717.0,4315476424.52,4315476424.52
2016-05-06,'600865,百大集团,12.03,13.03,11.98,12.99,12.96,-0.93,-7.1759,3.3511,12608018,155979867.0,4526171001.48,4526171001.48
2016-05-05,'600865,百大集团,12.96,13.0,12.8,12.97,12.97,-0.01,-0.0771,1.704,6411200,82678944.0,4876074495.36,4876074495.36
2016-05-04,'600865,百大集团,12.97,13.11,12.82,12.97,12.95,0.02,0.1544,2.0142,7578409,98299744.0,4879836898.52,4879836898.52
2016-05-03,'600865,百大集团,12.95,12.96,12.4,12.65,12.62,0.33,2.6149,2.4714,9298223,118639725.0,4872312092.2,4872312092.2
2016-04-29,'600865,百大集团,12.62,12.75,12.5,12.63,12.68,-0.06,-0.4732,1.0181,3830579,48463832.0,4748152787.92,4748152787.92
2016-04-28,'600865,百大集团,12.68,12.81,12.4,12.81,12.83,-0.15,-1.1691,1.6098,6056811,76297262.0,4770727206.88,4770727206.88
2016-04-27,'600865,百大集团,12.83,12.96,12.58,12.73,12.75,0.08,0.6275,1.8387,6918038,88614178.0,4827163254.28,4827163254.28
2016-04-26,'600865,百大集团,12.75,12.78,12.48,12.54,12.63,0.12,0.9501,1.4692,5527701,69715407.0,4797064029.0,4797064029.0
2016-04-25,'600865,百大集团,12.63,12.93,12.48,12.89,12.95,-0.32,-2.471,1.3446,5059087,63855224.0,4751915191.08,4751915191.08
2016-04-22,'600865,百大集团,12.95,12.98,12.65,12.85,12.88,0.07,0.5435,1.2729,4789314,61489989.0,4872312092.2,4872312092.2
2016-04-21,'600865,百大集团,12.88,13.25,12.85,13.05,13.33,-0.45,-3.3758,1.5615,5875085,76699920.0,4845975270.08,4845975270.08
2016-04-20,'600865,百大集团,13.33,13.85,12.49,13.83,13.76,-0.43,-3.125,2.916,10971148,144133676.0,5015283412.28,5015283412.28
2016-04-19,'600865,百大集团,13.76,14.0,13.5,13.9,13.87,-0.11,-0.7931,2.0968,7889117,108085464.0,5177066748.16,5177066748.16
2016-04-18,'600865,百大集团,13.87,14.18,13.71,14.18,14.31,-0.44,-3.0748,1.8391,6919285,96234894.0,5218453182.92,5218453182.92
2016-04-15,'600865,百大集团,14.31,14.5,14.17,14.4,14.41,-0.1,-0.694,1.6118,6064407,86863062.0,5383998921.96,5383998921.96
2016-04-14,'600865,百大集团,14.41,14.51,14.01,14.18,14.07,0.34,2.4165,2.2517,8471699,121358958.0,5421622953.56,5421622953.56
2016-04-13,'600865,百大集团,14.07,14.45,14.05,14.21,14.22,-0.15,-1.0549,2.8315,10653372,152001239.0,5293701246.12,5293701246.12
2016-04-12,'600865,百大集团,14.22,14.24,13.6,13.75,13.82,0.4,2.8944,2.9853,11231902,156131040.0,5350137293.52,5350137293.52
2016-04-11,'600865,百大集团,13.82,13.95,13.57,13.65,13.51,0.31,2.2946,2.3703,8918131,122866353.0,5199641167.12,5199641167.12
2016-04-08,'600865,百大集团,13.51,13.77,13.04,13.69,13.79,-0.28,-2.0305,2.7482,10339829,139149690.0,5083006669.16,5083006669.16
2016-04-07,'600865,百大集团,13.79,14.1,13.39,13.63,13.62,0.17,1.2482,4.0369,15188590,208738812.0,5188353957.64,5188353957.64
2016-04-06,'600865,百大集团,13.62,13.88,13.48,13.61,13.68,-0.06,-0.4386,2.3486,8836461,120461510.0,5124393103.92,5124393103.92
2016-04-05,'600865,百大集团,13.68,14.04,13.24,13.26,13.16,0.52,3.9514,3.696,13905959,189568204.0,5146967522.88,5146967522.88
2016-04-01,'600865,百大集团,13.16,13.36,12.65,12.77,12.77,0.39,3.054,4.2911,16144704,211022519.0,4951322558.56,4951322558.56
2016-03-31,'600865,百大集团,12.77,12.9,12.6,12.78,12.78,-0.01,-0.0782,2.0843,7842095,100170437.0,4804588835.32,4804588835.32
2016-03-30,'600865,百大集团,12.78,12.84,12.15,12.19,12.02,0.76,6.3228,2.6278,9886710,123346193.0,4808351238.48,4808351238.48
2016-03-29,'600865,百大集团,12.02,12.35,11.82,12.25,12.33,-0.31,-2.5142,1.8576,6989161,84606373.0,4522408598.32,4522408598.32
2016-03-28,'600865,百大集团,12.33,12.85,12.18,12.55,12.41,-0.08,-0.6446,2.1274,8003982,100549770.0,4639043096.28,4639043096.28
2016-03-25,'600865,百大集团,12.41,12.5,12.19,12.28,12.3,0.11,0.8943,1.5502,5832409,71910771.0,4669142321.56,4669142321.56
2016-03-24,'600865,百大集团,12.3,12.88,12.25,12.7,12.83,-0.53,-4.1309,3.3311,12533055,157753128.0,4627755886.8,4627755886.8
2016-03-23,'600865,百大集团,12.83,12.84,12.45,12.55,12.64,0.19,1.5032,2.3537,8855678,111633241.0,4827163254.28,4827163254.28
2016-03-22,'600865,百大集团,12.64,12.9,12.5,12.73,12.86,-0.22,-1.7107,2.5255,9501779,120474732.0,4755677594.24,4755677594.24
2016-03-21,'600865,百大集团,12.86,13.07,12.4,12.6,12.34,0.52,4.2139,3.309,12449732,158508712.0,4838450463.76,4838450463.76
2016-03-18,'600865,百大集团,12.34,12.6,11.61,11.7,11.63,0.71,6.1049,3.5879,13499284,163762165.0,4642805499.44,4642805499.44
2016-03-17,'600865,百大集团,11.63,11.68,11.15,11.28,11.19,0.44,3.9321,2.7956,10518222,120911809.0,4375674875.08,4375674875.08
2016-03-16,'600865,百大集团,11.19,11.62,11.1,11.55,11.36,-0.17,-1.4965,1.2613,4745635,53687108.0,4210129136.04,4210129136.04
2016-03-15,'600865,百大集团,11.36,11.62,11.31,11.51,11.5,-0.14,-1.2174,1.4136,5318603,60927418.0,4274089989.76,4274089989.76
2016-03-14,'600865,百大集团,11.5,11.73,11.05,11.05,10.88,0.62,5.6985,3.1249,11757160,134283509.0,4326763634.0,4326763634.0
2016-03-11,'600865,百大集团,10.88,11.01,10.7,10.9,10.96,-0.08,-0.7299,1.0146,3817418,41388052.0,4093494638.08,4093494638.08
2016-03-10,'600865,百大集团,10.96,11.26,10.89,11.24,11.14,-0.18,-1.6158,1.3049,4909691,54314264.0,4123593863.36,4123593863.36
2016-03-09,'600865,百大集团,11.14,11.36,10.95,11.17,11.37,-0.23,-2.0229,1.8214,6852730,76308458.0,4191317120.24,4191317120.24
2016-03-08,'600865,百大集团,11.37,11.46,10.64,11.05,11.06,0.31,2.8029,2.7009,10161694,112599726.0,4277852392.92,4277852392.92
2016-03-07,'600865,百大集团,11.06,11.35,10.89,10.92,10.81,0.25,2.3127,1.6683,6276721,69679636.0,4161217894.96,4161217894.96
2016-03-04,'600865,百大集团,10.81,11.5,10.53,11.49,11.49,-0.68,-5.9182,3.1332,11788181,130206650.0,4067157815.96,4067157815.96
2016-03-03,'600865,百大集团,11.49,11.88,11.47,11.59,11.65,-0.16,-1.3734,2.5144,9460323,110094952.0,4323001230.84,4323001230.84
2016-03-02,'600865,百大集团,11.65,11.73,10.79,10.86,10.81,0.84,7.7706,2.8059,10557024,118436834.0,4383199681.4,4383199681.4
2016-03-01,'600865,百大集团,10.81,11.1,10.32,10.76,10.69,0.12,1.1225,2.6318,9901990,106833974.0,4067157815.96,4067157815.96
2016-02-29,'600865,百大集团,10.69,11.7,10.63,11.7,11.81,-1.12,-9.4835,2.8019,10541899,114922683.0,4022008978.04,4022008978.04
2016-02-26,'600865,百大集团,11.81,12.36,11.28,12.11,11.99,-0.18,-1.5013,2.1797,8200865,96894581.0,4443398131.96,4443398131.96
2016-02-25,'600865,百大集团,11.99,13.2,11.99,13.2,13.32,-1.33,-9.985,3.0112,11329244,142949792.0,4511121388.84,4511121388.84
2016-02-24,'600865,百大集团,13.32,13.36,12.64,13.05,13.15,0.17,1.2928,2.8603,10761552,139598273.0,5011521009.12,5011521009.12
2016-02-23,'600865,百大集团,13.15,13.55,12.9,13.4,13.41,-0.26,-1.9389,2.3739,8931426,117736454.0,4947560155.4,4947560155.4
2016-02-22,'600865,百大集团,13.41,13.54,13.0,13.16,13.02,0.39,2.9954,3.2982,12409217,164386452.0,5045382637.56,5045382637.56
2016-02-19,'600865,百大集团,13.02,13.24,12.81,12.91,13.02,0.0,0.0,2.1181,7969299,103859670.0,4898648914.32,4898648914.32
2016-02-18,'600865,百大集团,13.02,13.32,12.92,13.24,13.09,-0.07,-0.5348,2.8038,10549055,138115123.0,4898648914.32,4898648914.32
2016-02-17,'600865,百大集团,13.09,13.19,12.68,13.0,13.09,0.0,0.0,2.5595,9630031,124953831.0,4924985736.44,4924985736.44
2016-02-16,'600865,百大集团,13.09,13.35,12.25,12.35,12.24,0.85,6.9444,2.9906,11251963,143578206.0,4924985736.44,4924985736.44
2016-02-15,'600865,百大集团,12.24,12.34,11.5,11.68,12.05,0.19,1.5768,1.6499,6207506,74019916.0,4605181467.84,4605181467.84
2016-02-05,'600865,百大集团,12.05,12.78,11.9,12.65,12.56,-0.51,-4.0605,2.0037,7538864,92580107.0,4533695807.8,4533695807.8
2016-02-04,'600865,百大集团,12.56,12.83,12.3,12.44,12.25,0.31,2.5306,2.1668,8152235,102698987.0,4725578368.96,4725578368.96
2016-02-03,'600865,百大集团,12.25,12.47,11.61,11.8,11.89,0.36,3.0278,2.5591,9628387,116942351.0,4608943871.0,4608943871.0
2016-02-02,'600865,百大集团,11.89,12.07,11.3,11.48,11.15,0.74,6.6368,2.4359,9164971,108733152.0,4473497357.24,4473497357.24
2016-02-01,'600865,百大集团,11.15,11.48,10.86,11.34,11.34,-0.19,-1.6755,1.8316,6891130,77348650.0,4195079523.4,4195079523.4
2016-01-29,'600865,百大集团,11.34,11.5,10.54,10.54,10.61,0.73,6.8803,2.4931,9379935,104514471.0,4266565183.44,4266565183.44
2016-01-28,'600865,百大集团,10.61,11.49,10.52,11.08,11.35,-0.74,-6.5198,2.5863,9730832,107532513.0,3991909752.76,3991909752.76
2016-01-27,'600865,百大集团,11.35,11.98,10.85,11.81,12.06,-0.71,-5.8872,4.1306,15540940,174361476.0,4270327586.6,4270327586.6
2016-01-26,'600865,百大集团,12.06,13.25,12.06,13.25,13.4,-1.34,-10.0,3.1654,11909581,148874554.0,4537458210.96,4537458210.96
2016-01-25,'600865,百大集团,13.4,13.79,13.16,13.5,13.35,0.05,0.3745,2.2759,8562824,115595821.0,5041620234.4,5041620234.4
2016-01-22,'600865,百大集团,13.35,14.05,12.87,13.85,13.65,-0.3,-2.1978,3.6526,13742736,182088077.0,5022808218.6,5022808218.6
2016-01-21,'600865,百大集团,13.65,14.78,13.6,14.4,14.66,-1.01,-6.8895,2.1959,8261697,117692664.0,5135680313.4,5135680313.4
2016-01-20,'600865,百大集团,14.66,15.22,14.39,14.46,14.63,0.03,0.2051,2.2401,8428057,124636994.0,5515683032.56,5515683032.56
2016-01-19,'600865,百大集团,14.63,14.88,13.88,13.9,14.07,0.56,3.9801,2.5841,9722529,140780275.0,5504395823.08,5504395823.08
2016-01-18,'600865,百大集团,14.07,14.48,12.83,13.01,13.41,0.66,4.9217,2.73,10271458,142995139.0,5293701246.12,5293701246.12
2016-01-15,'600865,百大集团,13.41,14.41,13.01,13.45,13.87,-0.46,-3.3165,3.377,12705653,174065731.0,5045382637.56,5045382637.56
2016-01-14,'600865,百大集团,13.87,13.95,11.9,12.1,12.68,1.19,9.3849,4.0866,15375449,199140189.0,5218453182.92,5218453182.92
2016-01-13,'600865,百大集团,12.68,14.29,12.65,14.05,14.01,-1.33,-9.4932,2.3187,8724017,119046809.0,4770727206.88,4770727206.88
2016-01-12,'600865,百大集团,14.01,14.65,13.28,14.45,14.5,-0.49,-3.3793,3.0063,11310919,157609617.0,5271126827.16,5271126827.16
2016-01-11,'600865,百大集团,14.5,15.8,14.5,15.79,16.11,-1.61,-9.9938,2.8819,10842988,161574232.0,5455484582.0,5455484582.0
2016-01-08,'600865,百大集团,16.11,17.39,15.2,16.95,16.5,-0.39,-2.3636,3.9654,14919264,241560633.0,6061231490.76,6061231490.76
2016-01-07,'600865,百大集团,16.5,18.35,16.5,18.35,18.33,-1.83,-9.9836,0.7307,2749227,47420935.0,6207965214.0,6207965214.0
2016-01-06,'600865,百大集团,18.33,18.54,17.51,17.95,17.95,0.38,2.117,2.5859,9729137,176420409.0,6896484992.28,6896484992.28
2016-01-05,'600865,百大集团,17.95,19.2,17.39,17.63,19.32,-1.37,-7.0911,4.8682,18316052,330405387.0,6753513672.2,6753513672.2
2016-01-04,'600865,百大集团,19.32,21.29,19.32,21.29,21.47,-2.15,-10.014,3.3983,12785738,257137560.0,7268962905.12,7268962905.12
2015-12-31,'600865,百大集团,21.47,21.99,20.91,21.47,21.29,0.18,0.8455,4.0859,15372916,331066324.0,8077879584.52,8077879584.52
2015-12-30,'600865,百大集团,21.29,22.1,20.8,21.0,20.98,0.31,1.4776,7.055,26543708,571548642.0,8010156327.64,8010156327.64
2015-12-29,'600865,百大集团,20.98,20.98,19.0,19.3,19.07,1.91,10.0157,6.3865,24028641,482981687.0,7893521829.68,7893521829.68
2015-12-28,'600865,百大集团,19.07,19.95,19.0,19.3,18.78,0.29,1.5442,5.0325,18934357,367387731.0,7174902826.12,7174902826.12
2015-12-25,'600865,百大集团,18.78,19.08,18.4,18.46,18.51,0.27,1.4587,2.2731,8552426,161096042.0,7065793134.48,7065793134.48
2015-12-24,'600865,百大集团,18.51,18.57,17.9,18.38,18.4,0.11,0.5978,1.9091,7182622,130537818.0,6964208249.16,6964208249.16
2015-12-23,'600865,百大集团,18.4,19.46,18.3,19.0,19.08,-0.68,-3.5639,3.0677,11542083,218053233.0,6922821814.4,6922821814.4
2015-12-22,'600865,百大集团,19.08,19.18,18.58,19.01,18.99,0.09,0.4739,2.332,8774008,165677102.0,7178665229.28,7178665229.28
2015-12-21,'600865,百大集团,18.99,19.1,18.45,18.63,18.78,0.21,1.1182,2.7403,10310006,193003232.0,7144803600.84,7144803600.84
2015-12-18,'600865,百大集团,18.78,19.48,18.6,19.29,19.29,-0.51,-2.6439,2.9646,11154118,210768824.0,7065793134.48,7065793134.48
2015-12-17,'600865,百大集团,19.29,19.48,18.29,18.3,18.23,1.06,5.8146,4.1438,15590527,295287194.0,7257675695.64,7257675695.64
2015-12-16,'600865,百大集团,18.23,18.48,17.97,18.45,18.24,-0.01,-0.0548,2.578,9699551,176346742.0,6858860960.68,6858860960.68
2015-12-15,'600865,百大集团,18.24,18.58,18.05,18.3,18.2,0.04,0.2198,2.1507,8091773,148290691.0,6862623363.84,6862623363.84
2015-12-14,'600865,百大集团,18.2,18.3,17.4,17.5,17.71,0.49,2.7668,2.2078,8306807,148773554.0,6847573751.2,6847573751.2
2015-12-11,'600865,百大集团,17.71,18.29,17.55,17.6,17.62,0.09,0.5108,2.2114,8320162,148580329.0,6663215996.36,6663215996.36
2015-12-10,'600865,百大集团,17.62,18.75,17.51,18.25,18.36,-0.74,-4.0305,3.7182,13989489,252032403.0,6629354367.92,6629354367.92
2015-12-09,'600865,百大集团,18.36,18.75,18.0,18.52,19.08,-0.72,-3.7736,3.8805,14599835,267389749.0,6907772201.76,6907772201.76
2015-12-08,'600865,百大集团,19.08,20.45,18.67,18.89,19.2,-0.12,-0.625,6.1006,22952856,453305026.0,7178665229.28,7178665229.28
2015-12-07,'600865,百大集团,19.2,19.36,18.29,18.88,18.91,0.29,1.5336,3.5958,13529009,253898324.0,7223814067.2,7223814067.2
2015-12-04,'600865,百大集团,18.91,19.95,18.85,19.72,19.69,-0.78,-3.9614,4.23,15914850,304727529.0,7114704375.56,7114704375.56
2015-12-03,'600865,百大集团,19.69,20.1,18.02,18.2,18.32,1.37,7.4782,7.1634,26951571,517123207.0,7408171822.04,7408171822.04
2015-12-02,'600865,百大集团,18.32,19.65,17.32,19.11,19.24,-0.92,-4.7817,7.1115,26756209,491456071.0,6892722589.12,6892722589.12
2015-12-01,'600865,百大集团,19.24,20.15,19.15,19.9,20.43,-1.19,-5.8248,8.245,31020890,606229765.0,7238863679.84,7238863679.84
2015-11-30,'600865,百大集团,20.43,20.43,18.57,19.04,18.57,1.86,10.0162,13.5657,51039604,1003788249.0,7686589655.88,7686589655.88
2015-11-27,'600865,百大集团,18.57,18.57,16.57,17.1,16.88,1.69,10.0118,12.7095,47818325,871871120.0,6986782668.12,6986782668.12
2015-11-26,'600865,百大集团,16.88,17.2,16.46,16.72,16.53,0.35,2.1174,3.673,13819310,232419333.0,6350936534.08,6350936534.08
2015-11-25,'600865,百大集团,16.53,16.75,15.7,15.86,15.87,0.66,4.1588,3.7629,14157415,232016460.0,6219252423.48,6219252423.48
2015-11-24,'600865,百大集团,15.87,15.88,15.35,15.85,15.8,0.07,0.443,1.6723,6291935,98210851.0,5970933814.92,5970933814.92
2015-11-23,'600865,百大集团,15.8,16.1,15.59,15.7,15.72,0.08,0.5089,2.1037,7915107,125782624.0,5944596992.8,5944596992.8
2015-11-20,'600865,百大集团,15.72,16.16,15.64,15.81,15.84,-0.12,-0.7576,2.1656,8147988,129309120.0,5914497767.52,5914497767.52
2015-11-19,'600865,百大集团,15.84,15.85,15.28,15.29,15.21,0.63,4.142,1.9729,7422855,115456395.0,5959646605.44,5959646605.44
2015-11-18,'600865,百大集团,15.21,16.08,15.01,15.75,15.91,-0.7,-4.3997,2.2807,8580900,133616384.0,5722615206.36,5722615206.36
2015-11-17,'600865,百大集团,15.91,17.17,15.76,17.15,16.36,-0.45,-2.7506,3.4142,12845464,210130945.0,5985983427.56,5985983427.56
2015-11-16,'600865,百大集团,16.36,16.39,15.33,15.33,16.12,0.24,1.4888,2.9998,11286470,179893106.0,6155291569.76,6155291569.76
2015-11-13,'600865,百大集团,16.12,16.67,16.04,16.3,16.6,-0.48,-2.8916,2.1829,8212965,133586813.0,6064993893.92,6064993893.92
2015-11-12,'600865,百大集团,16.6,17.3,16.16,17.18,17.0,-0.4,-2.3529,2.9227,10996299,183076159.0,6245589245.6,6245589245.6
2015-11-11,'600865,百大集团,17.0,17.28,16.71,17.22,17.21,-0.21,-1.2202,2.5366,9543820,162035760.0,6396085372.0,6396085372.0
2015-11-10,'600865,百大集团,17.21,17.48,16.67,16.88,17.0,0.21,1.2353,4.4925,16902670,290043202.0,6475095838.36,6475095838.36
2015-11-09,'600865,百大集团,17.0,17.2,15.95,15.97,16.09,0.91,5.6557,5.1263,19287381,321851769.0,6396085372.0,6396085372.0
2015-11-06,'600865,百大集团,16.09,16.27,15.87,15.94,15.82,0.27,1.7067,2.6874,10111209,162019663.0,6053706684.44,6053706684.44
2015-11-05,'600865,百大集团,15.82,16.4,15.64,15.8,15.87,-0.05,-0.3151,3.016,11347476,180396294.0,5952121799.12,5952121799.12
2015-11-04,'600865,百大集团,15.87,16.15,14.9,15.0,14.79,1.08,7.3022,2.9978,11278749,174893480.0,5970933814.92,5970933814.92
2015-11-03,'600865,百大集团,14.79,15.2,14.58,14.85,14.88,-0.09,-0.6048,2.1542,8104994,120666377.0,5564594273.64,5564594273.64
2015-11-02,'600865,百大集团,14.88,15.68,14.53,15.0,15.88,-1.0,-6.2972,2.3367,8791498,133988061.0,5598455902.08,5598455902.08
2015-10-30,'600865,百大集团,15.88,16.16,15.1,15.71,15.75,0.13,0.8254,2.6278,9886918,155748947.0,5974696218.08,5974696218.08
2015-10-29,'600865,百大集团,15.75,16.02,15.4,15.75,15.54,0.21,1.3514,2.3172,8718266,137126481.0,5925784977.0,5925784977.0
2015-10-28,'600865,百大集团,15.54,16.68,15.39,16.15,16.54,-1.0,-6.0459,3.6323,13666327,217592721.0,5846774510.64,5846774510.64
2015-10-27,'600865,百大集团,16.54,16.68,15.13,16.3,16.43,0.11,0.6695,4.6464,17481462,279168430.0,6223014826.64,6223014826.64
2015-10-26,'600865,百大集团,16.43,17.48,15.7,17.32,17.11,-0.68,-3.9743,7.0314,26455091,436268940.0,6181628391.88,6181628391.88
2015-10-23,'600865,百大集团,17.11,17.11,16.1,16.1,15.55,1.56,10.0322,7.8913,29690215,497676893.0,6437471806.76,6437471806.76
2015-10-22,'600865,百大集团,15.55,15.58,14.5,14.5,14.16,1.39,9.8164,7.6021,28602087,435760826.0,5850536913.8,5850536913.8
2015-10-21,'600865,百大集团,14.16,16.04,13.92,14.95,14.58,-0.42,-2.8807,9.9775,37539266,568795010.0,5327562874.56,5327562874.56
2015-10-20,'600865,百大集团,14.58,14.9,13.68,13.68,13.63,0.95,6.9699,4.561,17160443,245926788.0,5485583807.28,5485583807.28
2015-10-19,'600865,百大集团,13.63,13.96,13.46,13.88,13.9,-0.27,-1.9424,2.9884,11243708,154156658.0,5128155507.08,5128155507.08
2015-10-16,'600865,百大集团,13.9,13.99,12.86,13.14,13.05,0.85,6.5134,4.0157,15108746,201719852.0,5229740392.4,5229740392.4
2015-10-15,'600865,百大集团,13.05,13.32,12.1,12.18,12.19,0.86,7.055,3.1288,11771747,150680025.0,4909936123.8,4909936123.8
2015-10-14,'600865,百大集团,12.19,12.5,12.12,12.35,12.38,-0.19,-1.5347,2.3043,8669519,106841135.0,4586369452.04,4586369452.04
2015-10-13,'600865,百大集团,12.38,12.6,12.01,12.11,12.36,0.02,0.1618,3.4378,12934435,159839491.0,4657855112.08,4657855112.08
2015-10-12,'600865,百大集团,12.36,12.36,11.32,11.44,11.24,1.12,9.9644,5.8538,22024370,264375242.0,4650330305.76,4650330305.76
2015-10-09,'600865,百大集团,11.24,11.39,10.75,10.81,10.91,0.33,3.0247,3.8514,14490477,162106337.0,4228941151.84,4228941151.84
2015-10-08,'600865,百大集团,10.91,11.02,10.42,10.6,10.23,0.68,6.6471,2.8413,10690068,114958319.0,4104781847.56,4104781847.56
2015-09-30,'600865,百大集团,10.23,10.4,10.12,10.36,10.24,-0.01,-0.0977,1.0671,4014973,41220033.0,3848938432.68,3848938432.68
2015-09-29,'600865,百大集团,10.24,10.5,10.14,10.35,10.74,-0.5,-4.6555,1.9198,7223121,74648521.0,3852700835.84,3852700835.84
2015-09-28,'600865,百大集团,10.74,10.79,10.02,10.38,10.6,0.14,1.3208,2.8663,10784055,112871505.0,4040820993.84,4040820993.84
2015-09-25,'600865,百大集团,10.6,11.7,10.5,11.7,10.71,-0.11,-1.0271,6.0212,22654037,250694213.0,3988147349.6,3988147349.6
2015-09-24,'600865,百大集团,0.0,0.0,0.0,0.0,10.71,None,None,0.0,0,0.0,4029533784.36,4029533784.36
2015-09-23,'600865,百大集团,0.0,0.0,0.0,0.0,10.71,None,None,0.0,0,0.0,4029533784.36,4029533784.36
2015-09-22,'600865,百大集团,10.71,11.05,10.43,10.59,10.59,0.12,1.1331,5.1897,19525837,210084588.0,4029533784.36,4029533784.36
2015-09-21,'600865,百大集团,10.59,10.59,9.31,9.46,9.63,0.96,9.9688,3.8402,14448293,144787843.0,3984384946.44,3984384946.44
2015-09-18,'600865,百大集团,9.63,9.69,9.28,9.55,9.43,0.2,2.1209,2.659,10004378,94690847.0,3623194243.08,3623194243.08
2015-09-17,'600865,百大集团,9.43,10.05,9.4,9.65,9.49,-0.06,-0.6322,4.3785,16473563,160976330.0,3547946179.88,3547946179.88
2015-09-16,'600865,百大集团,9.49,9.55,8.7,8.83,8.68,0.81,9.3318,3.7092,13955493,127395267.0,3570520598.84,3570520598.84
2015-09-15,'600865,百大集团,8.68,9.3,8.58,9.1,9.43,-0.75,-7.9533,3.033,11411521,101974889.0,3265765942.88,3265765942.88
2015-09-14,'600865,百大集团,9.43,10.6,9.43,10.58,10.48,-1.05,-10.0191,4.2329,15925726,157442528.0,3547946179.88,3547946179.88
2015-09-11,'600865,百大集团,10.48,10.58,10.09,10.31,10.42,0.06,0.5758,3.3432,12578281,130372495.0,3942998511.68,3942998511.68
2015-09-10,'600865,百大集团,10.42,10.98,10.2,10.32,10.55,-0.13,-1.2322,3.903,14684780,156309774.0,3920424092.72,3920424092.72
2015-09-09,'600865,百大集团,10.55,10.64,10.12,10.12,10.06,0.49,4.8708,4.3941,16532413,172053476.0,3969335333.8,3969335333.8
2015-09-08,'600865,百大集团,10.06,10.09,9.16,9.3,9.31,0.75,8.0559,2.9851,11231291,106925035.0,3784977578.96,3784977578.96
2015-09-07,'600865,百大集团,9.31,9.69,9.16,9.19,8.95,0.36,4.0223,3.7108,13961355,131102364.0,3502797341.96,3502797341.96
2015-09-02,'600865,百大集团,8.95,9.74,8.64,8.85,9.19,-0.24,-2.6115,4.5883,17263031,158771807.0,3367350828.2,3367350828.2
2015-09-01,'600865,百大集团,9.19,10.15,9.19,10.0,10.21,-1.02,-9.9902,4.5958,17291199,164013148.0,3457648504.04,3457648504.04
2015-08-31,'600865,百大集团,10.21,11.22,10.17,11.22,11.3,-1.09,-9.646,4.1138,15477637,165625521.0,3841413626.36,3841413626.36
2015-08-28,'600865,百大集团,11.3,11.44,10.46,10.68,10.4,0.9,8.6538,6.8827,25895653,280350100.0,4251515570.8,4251515570.8
2015-08-27,'600865,百大集团,10.4,10.49,9.31,10.3,9.95,0.45,4.5226,5.4489,20500788,207281839.0,3912899286.4,3912899286.4
2015-08-26,'600865,百大集团,9.95,11.46,9.95,10.99,11.05,-1.1,-9.9548,7.3771,27755662,289442619.0,3743591144.2,3743591144.2
2015-08-25,'600865,百大集团,11.05,11.35,11.05,11.2,12.28,-1.23,-10.0163,3.3668,12667401,140518348.0,4157455491.8,4157455491.8
2015-08-24,'600865,百大集团,12.28,12.99,12.28,12.99,13.64,-1.36,-9.9707,2.1461,8074424,100016735.0,4620231080.48,4620231080.48
2015-08-21,'600865,百大集团,13.64,14.64,13.55,14.22,14.78,-1.14,-7.7131,3.5765,13456229,188721589.0,5131917910.24,5131917910.24
2015-08-20,'600865,百大集团,14.78,16.0,14.59,14.98,15.05,-0.27,-1.794,4.7368,17821894,269184509.0,5560831870.48,5560831870.48
2015-08-19,'600865,百大集团,15.05,15.38,13.4,14.15,14.83,0.22,1.4835,4.543,17092443,245883393.0,5662416755.8,5662416755.8
2015-08-18,'600865,百大集团,14.83,16.7,14.83,16.55,16.48,-1.65,-10.0121,5.5768,20982039,330145125.0,5579643886.28,5579643886.28
2015-08-17,'600865,百大集团,16.48,16.6,15.39,15.82,15.8,0.68,4.3038,5.5543,20897334,336194549.0,6200440407.68,6200440407.68
2015-08-14,'600865,百大集团,15.8,16.46,15.79,16.32,16.1,-0.3,-1.8634,5.587,21020674,337638885.0,5944596992.8,5944596992.8
2015-08-13,'600865,百大集团,16.1,16.14,14.72,14.76,14.96,1.14,7.6203,6.2969,23691419,365559751.0,6057469087.6,6057469087.6
2015-08-12,'600865,百大集团,14.96,15.84,14.86,15.5,15.85,-0.89,-5.6151,5.6488,21253096,326082082.0,5628555127.36,5628555127.36
2015-08-11,'600865,百大集团,15.85,16.3,15.3,15.4,15.32,0.53,3.4595,7.8545,29551957,465437129.0,5963409008.6,5963409008.6
2015-08-10,'600865,百大集团,15.32,15.32,14.18,14.2,13.93,1.39,9.9785,7.0909,26678752,398419221.0,5764001641.12,5764001641.12
2015-08-07,'600865,百大集团,13.93,14.25,13.7,14.0,13.79,0.14,1.0152,5.5072,20720329,289276441.0,5241027601.88,5241027601.88
2015-08-06,'600865,百大集团,13.79,14.3,12.85,13.18,13.67,0.12,0.8778,5.2561,19775716,274120392.0,5188353957.64,5188353957.64
2015-08-05,'600865,百大集团,13.67,13.99,13.01,13.18,12.94,0.73,5.6414,7.3985,27836211,377559247.0,5143205119.72,5143205119.72
2015-08-04,'600865,百大集团,12.94,12.94,11.85,11.85,11.76,1.18,10.034,5.2295,19675567,245881422.0,4868549689.04,4868549689.04
2015-08-03,'600865,百大集团,11.76,12.84,11.7,12.83,13.0,-1.24,-9.5385,5.8676,22076215,266473636.0,4424586116.16,4424586116.16
2015-07-31,'600865,百大集团,13.0,14.05,12.75,13.26,14.0,-1.0,-7.1429,4.7801,17984507,241246959.0,4891124108.0,4891124108.0
2015-07-30,'600865,百大集团,14.0,15.25,13.9,14.94,15.09,-1.09,-7.2233,5.704,21460715,317701788.0,5267364424.0,5267364424.0
2015-07-29,'600865,百大集团,15.09,15.54,13.5,14.72,14.54,0.55,3.7827,8.1537,30677321,440573996.0,5677466368.44,5677466368.44
2015-07-28,'600865,百大集团,14.54,16.05,14.54,14.6,16.16,-1.62,-10.0248,9.8997,37246814,548373067.0,5470534194.64,5470534194.64
2015-07-27,'600865,百大集团,16.16,18.4,16.16,17.2,17.96,-1.8,-10.0223,6.9452,26130742,458588582.0,6080043506.56,6080043506.56
2015-07-24,'600865,百大集团,17.96,18.96,16.69,17.18,17.24,0.72,4.1763,10.8976,41001333,731354353.0,6757276075.36,6757276075.36
2015-07-23,'600865,百大集团,17.24,17.42,16.13,16.19,16.09,1.15,7.1473,7.1552,26920854,453877074.0,6486383047.84,6486383047.84
2015-07-22,'600865,百大集团,16.09,16.28,14.86,15.1,14.94,1.15,7.6975,7.9484,29905159,462691039.0,6053706684.44,6053706684.44
2015-07-21,'600865,百大集团,14.94,15.35,14.12,14.4,14.72,0.22,1.4946,6.3936,24055417,358587517.0,5621030321.04,5621030321.04
2015-07-20,'600865,百大集团,14.72,14.95,13.7,13.85,13.64,1.08,7.9179,7.9159,29782663,427673641.0,5538257451.52,5538257451.52
2015-07-17,'600865,百大集团,13.64,13.64,12.2,12.43,12.4,1.24,10.0,5.8975,22188688,293273107.0,5131917910.24,5131917910.24
2015-07-16,'600865,百大集团,12.4,13.2,11.48,11.48,12.75,-0.35,-2.7451,7.1594,26936584,327792206.0,4665379918.4,4665379918.4
2015-07-15,'600865,百大集团,12.75,15.3,12.75,15.3,14.17,-1.42,-10.0212,7.2022,27097759,373609207.0,4797064029.0,4797064029.0
2015-07-14,'600865,百大集团,14.17,14.17,14.17,14.17,12.88,1.29,10.0155,0.1569,590282,8364296.0,5331325277.72,5331325277.72
2015-07-13,'600865,百大集团,12.88,12.88,12.88,12.88,11.71,1.17,9.9915,0.2159,812316,10462630.0,4845975270.08,4845975270.08
2015-07-10,'600865,百大集团,0.0,0.0,0.0,0.0,11.71,None,None,0.0,0,0.0,4405774100.36,4405774100.36
2015-07-09,'600865,百大集团,0.0,0.0,0.0,0.0,11.71,None,None,0.0,0,0.0,4405774100.36,4405774100.36
2015-07-08,'600865,百大集团,0.0,0.0,0.0,0.0,11.71,None,None,0.0,0,0.0,4405774100.36,4405774100.36
2015-07-07,'600865,百大集团,11.71,11.71,11.71,11.71,13.01,-1.3,-9.9923,0.5009,1884400,22066324.0,4405774100.36,4405774100.36
2015-07-06,'600865,百大集团,13.01,15.91,13.01,15.91,14.46,-1.45,-10.0277,5.1092,19222874,269893362.0,4894886511.16,4894886511.16
2015-07-03,'600865,百大集团,14.46,15.8,14.46,15.5,16.07,-1.61,-10.0187,5.503,20704594,303747594.0,5440434969.36,5440434969.36
2015-07-02,'600865,百大集团,16.07,18.5,16.07,18.1,17.85,-1.78,-9.972,5.083,19124322,318377888.0,6046181878.12,6046181878.12
2015-07-01,'600865,百大集团,17.85,21.0,17.7,18.93,19.56,-1.71,-8.7423,4.5924,17278429,340733730.0,6715889640.6,6715889640.6
2015-06-30,'600865,百大集团,19.56,19.75,16.16,17.01,17.95,1.61,8.9694,6.6979,25200207,454104439.0,7359260580.96,7359260580.96
2015-06-29,'600865,百大集团,17.95,20.85,17.95,20.49,19.94,-1.99,-9.9799,3.9946,15029361,276717266.0,6753513672.2,6753513672.2
2015-06-26,'600865,百大集团,19.94,21.2,19.94,21.2,22.16,-2.22,-10.0181,2.4643,9271597,188354656.0,7502231901.04,7502231901.04
2015-06-25,'600865,百大集团,22.16,24.5,22.09,24.5,24.48,-2.32,-9.4771,3.0839,11602729,269915813.0,8337485402.56,8337485402.56
2015-06-24,'600865,百大集团,24.48,25.66,22.99,24.71,24.56,-0.08,-0.3257,3.5151,13225288,325503478.0,9210362935.68,9210362935.68
2015-06-23,'600865,百大集团,24.56,24.92,21.94,24.38,24.38,0.18,0.7383,4.479,16851618,388826423.0,9240462160.96,9240462160.96
2015-06-19,'600865,百大集团,24.38,26.2,24.38,26.0,27.09,-2.71,-10.0037,3.0106,11327030,284785992.0,9172738904.08,9172738904.08
2015-06-18,'600865,百大集团,27.09,29.26,27.0,28.9,29.37,-2.28,-7.763,2.553,9605489,272328027.0,10192350160.4,10192350160.4
2015-06-17,'600865,百大集团,29.37,30.18,26.94,29.9,29.79,-0.42,-1.4099,3.9516,14867538,425872269.0,11050178080.9,11050178080.9
2015-06-16,'600865,百大集团,29.79,31.15,28.0,28.8,29.03,0.76,2.618,4.3963,16540722,488572993.0,11208199013.6,11208199013.6
2015-06-15,'600865,百大集团,29.03,29.95,27.23,27.23,27.23,1.8,6.6104,5.2239,19654248,569526392.0,10922256373.5,10922256373.5
2015-06-12,'600865,百大集团,27.23,27.5,25.61,25.74,25.72,1.51,5.8709,4.7569,17897325,480633542.0,10245023804.7,10245023804.7
2015-06-11,'600865,百大集团,25.72,26.18,24.49,25.08,24.99,0.73,2.9212,4.1813,15731846,394927304.0,9676900927.52,9676900927.52
2015-06-10,'600865,百大集团,24.99,25.49,24.51,25.19,25.2,-0.21,-0.8333,3.7109,13961998,349285797.0,9402245496.84,9402245496.84
2015-06-09,'600865,百大集团,25.2,26.8,24.12,24.72,24.69,0.51,2.0656,3.9982,15042743,382932959.0,9481255963.2,9481255963.2
2015-06-08,'600865,百大集团,24.69,25.16,24.01,25.1,25.36,-0.67,-2.642,3.2061,12062809,295431295.0,9289373402.04,9289373402.04
2015-06-05,'600865,百大集团,25.36,26.7,24.65,26.0,25.62,-0.26,-1.0148,4.1992,15799113,405729166.0,9541454413.76,9541454413.76
2015-06-04,'600865,百大集团,25.62,26.98,23.04,26.55,25.6,0.02,0.0781,5.9098,22235047,569530405.0,9639276895.92,9639276895.92
2015-06-03,'600865,百大集团,25.6,25.6,23.01,23.3,23.27,2.33,10.0129,5.2266,19664404,495083465.0,9631752089.6,9631752089.6
2015-06-02,'600865,百大集团,23.27,23.5,22.35,23.19,22.75,0.52,2.2857,3.5626,13404080,306796933.0,8755112153.32,8755112153.32
2015-06-01,'600865,百大集团,22.75,23.2,21.3,21.5,21.22,1.53,7.2102,3.0844,11604813,258175352.0,8559467189.0,8559467189.0
2015-05-29,'600865,百大集团,21.22,22.25,19.9,21.25,21.6,-0.38,-1.7593,3.5238,13258092,280885787.0,7983819505.52,7983819505.52
2015-05-28,'600865,百大集团,21.6,24.14,20.92,23.28,23.24,-1.64,-7.0568,4.189,15760829,360127736.0,8126790825.6,8126790825.6
2015-05-27,'600865,百大集团,23.24,24.1,23.0,24.0,24.11,-0.87,-3.6085,4.5309,17047251,400338066.0,8743824943.84,8743824943.84
2015-05-26,'600865,百大集团,24.11,24.68,22.7,23.13,23.1,1.01,4.3723,5.4192,20389160,482893830.0,9071154018.76,9071154018.76
2015-05-25,'600865,百大集团,23.1,23.85,21.5,22.6,22.9,0.2,0.8734,4.9097,18472168,418825574.0,8691151299.6,8691151299.6
2015-05-22,'600865,百大集团,22.9,24.4,22.38,24.4,23.47,-0.57,-2.4286,4.7638,17923268,413166677.0,8615903236.4,8615903236.4
2015-05-21,'600865,百大集团,23.47,24.09,22.33,23.0,22.99,0.48,2.0879,5.1218,19270204,447494432.0,8830360216.52,8830360216.52
2015-05-20,'600865,百大集团,22.99,22.99,21.0,22.0,20.9,2.09,10.0,5.8894,22158245,499810093.0,8649764864.84,8649764864.84
2015-05-19,'600865,百大集团,20.9,20.9,18.63,19.2,19.0,1.9,10.0,4.4388,16700648,325810695.0,7863422604.4,7863422604.4
2015-05-18,'600865,百大集团,19.0,19.58,18.79,19.5,19.81,-0.81,-4.0888,3.805,14315913,273693126.0,7148566004.0,7148566004.0
