2016-05-13,'600837,海通证券,14.52,14.69,14.44,14.54,14.6,-0.08,-0.5479,0.2821,22829228,331547375.0,1.67004684e+11,1.17497744734e+11
2016-05-12,'600837,海通证券,14.6,14.72,14.25,14.35,14.45,0.15,1.0381,0.37,29944882,433810220.0,1.6792482e+11,1.18145115228e+11
2016-05-11,'600837,海通证券,14.45,14.63,14.42,14.54,14.49,-0.04,-0.2761,0.4472,36188821,524655717.0,1.66199565e+11,1.16931295551e+11
2016-05-10,'600837,海通证券,14.49,14.72,14.35,14.43,14.6,-0.11,-0.7534,0.5012,40557670,590932384.0,1.66659633e+11,1.17254980798e+11
2016-05-09,'600837,海通证券,14.6,14.81,14.29,14.64,14.74,-0.14,-0.9498,0.5587,45207291,657984596.0,1.6792482e+11,1.18145115228e+11
2016-05-06,'600837,海通证券,14.74,15.1,14.7,15.03,15.02,-0.28,-1.8642,0.6688,54118641,807250456.0,1.69535058e+11,1.19278013593e+11
2016-05-05,'600837,海通证券,15.02,15.12,14.97,15.01,15.08,-0.06,-0.3979,0.4005,32410921,487232134.0,1.72755534e+11,1.21543810324e+11
2016-05-04,'600837,海通证券,15.08,15.16,15.01,15.06,15.14,-0.06,-0.3963,0.5837,47237288,712934451.0,1.73445636e+11,1.22029338194e+11
2016-05-03,'600837,海通证券,15.14,15.39,14.99,15.03,15.03,0.11,0.7319,0.8268,66902809,1012127931.0,1.74135738e+11,1.22514866065e+11
2016-04-29,'600837,海通证券,15.03,15.12,14.92,15.0,15.01,0.02,0.1332,0.4834,39117730,587751634.0,1.72870551e+11,1.21624731635e+11
2016-04-28,'600837,海通证券,15.01,15.4,14.9,15.32,15.38,-0.37,-2.4057,0.8274,66956019,1014213479.0,1.72640517e+11,1.21462889012e+11
2016-04-27,'600837,海通证券,15.38,15.57,15.33,15.5,15.49,-0.11,-0.7101,0.6811,55113896,851884163.0,1.76896146e+11,1.24456977548e+11
2016-04-26,'600837,海通证券,15.49,15.74,15.32,15.44,15.47,0.02,0.1293,0.8378,67796996,1048553178.0,1.78161333e+11,1.25347111978e+11
2016-04-25,'600837,海通证券,15.47,15.73,15.07,15.31,15.41,0.06,0.3894,0.8163,66053734,1019856326.0,1.77931299e+11,1.25185269355e+11
2016-04-22,'600837,海通证券,15.41,15.52,15.04,15.07,15.36,0.05,0.3255,0.7806,63163260,970778511.0,1.77241197e+11,1.24699741484e+11
2016-04-21,'600837,海通证券,15.36,15.7,14.92,15.0,15.26,0.1,0.6553,1.6578,134151217,2067919305.0,1.76666112e+11,1.24295134925e+11
2016-04-20,'600837,海通证券,15.26,15.29,14.52,15.1,15.09,0.17,1.1266,1.7137,138672030,2066399687.0,1.75515942e+11,1.23485921807e+11
2016-04-19,'600837,海通证券,15.09,15.09,14.9,15.0,14.99,0.1,0.6671,0.5913,47848273,718237660.0,1.73560653e+11,1.22110259506e+11
2016-04-18,'600837,海通证券,14.99,15.06,14.66,14.88,15.03,-0.04,-0.2661,1.1344,91799626,1371073870.0,1.72410483e+11,1.21301046388e+11
2016-04-15,'600837,海通证券,15.03,15.16,14.92,14.99,14.95,0.08,0.5351,0.9118,73786590,1109259279.0,1.72870551e+11,1.21624731635e+11
2016-04-14,'600837,海通证券,14.95,15.07,14.81,15.0,14.91,0.04,0.2683,0.6175,49966550,746477481.0,1.71950415e+11,1.20977361141e+11
2016-04-13,'600837,海通证券,14.91,15.25,14.71,14.71,14.58,0.33,2.2634,1.529,123728653,1860115613.0,1.71490347e+11,1.20653675894e+11
2016-04-12,'600837,海通证券,14.58,14.66,14.39,14.51,14.46,0.12,0.8299,0.6309,51051739,741601456.0,1.67694786e+11,1.17983272604e+11
2016-04-11,'600837,海通证券,14.46,15.0,14.45,14.61,14.18,0.28,1.9746,1.4264,115427963,1701088112.0,1.66314582e+11,1.17012216863e+11
2016-04-08,'600837,海通证券,14.18,14.24,13.96,14.13,14.25,-0.07,-0.4912,0.721,58343367,823852137.0,1.63094106e+11,1.14746420132e+11
2016-04-07,'600837,海通证券,14.25,14.59,14.18,14.53,14.5,-0.25,-1.7241,0.6039,48870637,702176498.0,1.63899225e+11,1.15312869315e+11
2016-04-06,'600837,海通证券,14.5,14.57,14.29,14.45,14.54,-0.04,-0.2751,0.7776,62926771,909893883.0,1.6677465e+11,1.1733590211e+11
2016-04-05,'600837,海通证券,14.54,14.75,14.27,14.27,14.4,0.14,0.9722,1.2922,104566628,1519661394.0,1.67234718e+11,1.17659587357e+11
2016-04-01,'600837,海通证券,14.4,14.53,14.06,14.32,14.29,0.11,0.7698,0.8261,66851110,957543862.0,1.6562448e+11,1.16526688992e+11
2016-03-31,'600837,海通证券,14.29,14.7,14.25,14.35,14.21,0.08,0.563,1.068,86424256,1246199006.0,1.64359293e+11,1.15636554562e+11
2016-03-30,'600837,海通证券,14.21,14.33,14.02,14.1,13.87,0.34,2.4513,0.9722,78670458,1117541994.0,1.63439157e+11,1.14989184068e+11
2016-03-29,'600837,海通证券,13.87,14.19,13.76,14.09,14.0,-0.13,-0.9286,0.7523,60873405,851458491.0,1.59528579e+11,1.12237859467e+11
2016-03-28,'600837,海通证券,14.0,14.56,13.95,14.38,14.37,-0.37,-2.5748,0.7186,58147312,830533998.0,1.610238e+11,1.1328983652e+11
2016-03-25,'600837,海通证券,14.37,14.39,14.17,14.18,14.15,0.22,1.5548,0.8048,65126221,930411591.0,1.65279429e+11,1.16283925057e+11
2016-03-24,'600837,海通证券,14.15,14.5,14.13,14.48,14.74,-0.59,-4.0027,1.4158,114566612,1641475623.0,1.62749055e+11,1.14503656197e+11
2016-03-23,'600837,海通证券,14.74,14.85,14.47,14.6,14.68,0.06,0.4087,1.5325,124012963,1816399401.0,1.69535058e+11,1.19278013593e+11
2016-03-22,'600837,海通证券,14.68,15.1,14.51,14.99,15.38,-0.7,-4.5514,2.7705,224193718,3321716274.0,1.68844956e+11,1.18792485722e+11
2016-03-21,'600837,海通证券,15.38,15.42,14.3,14.3,14.02,1.36,9.7004,4.7351,383167698,5793863548.0,1.76896146e+11,1.24456977548e+11
2016-03-18,'600837,海通证券,14.02,14.38,13.86,14.1,13.92,0.1,0.7184,2.081,168398630,2376305110.0,1.61253834e+11,1.13451679144e+11
2016-03-17,'600837,海通证券,13.92,14.09,13.45,13.63,13.64,0.28,2.0528,0.9946,80484189,1112970129.0,1.60103664e+11,1.12642466026e+11
2016-03-16,'600837,海通证券,13.64,13.67,13.37,13.37,13.36,0.28,2.0958,1.5763,127554662,1734207798.0,1.56883188e+11,1.10376669295e+11
2016-03-15,'600837,海通证券,13.36,13.45,13.12,13.41,13.41,-0.05,-0.3729,0.489,39574400,526685273.0,1.53662712e+11,1.08110872565e+11
2016-03-14,'600837,海通证券,13.41,13.73,13.21,13.34,13.19,0.22,1.6679,0.7798,63101730,852330348.0,1.54237797e+11,1.08515479124e+11
2016-03-11,'600837,海通证券,13.19,13.28,12.78,12.79,12.96,0.23,1.7747,0.5455,44144324,577471285.0,1.51707423e+11,1.06735210264e+11
2016-03-10,'600837,海通证券,12.96,13.44,12.95,13.3,13.5,-0.54,-4.0,0.4632,37485400,494441084.0,1.49062032e+11,1.04874020093e+11
2016-03-09,'600837,海通证券,13.5,13.53,12.94,13.2,13.54,-0.04,-0.2954,1.0568,85517767,1132872298.0,1.5527295e+11,1.0924377093e+11
2016-03-08,'600837,海通证券,13.54,13.56,12.87,13.45,13.46,0.08,0.5944,0.8636,69884827,921499257.0,1.55733018e+11,1.09567456177e+11
2016-03-07,'600837,海通证券,13.46,13.74,13.4,13.63,13.54,-0.08,-0.5908,0.7992,64670025,875927374.0,1.54812882e+11,1.08920085683e+11
2016-03-04,'600837,海通证券,13.54,13.65,13.03,13.23,13.28,0.26,1.9578,2.1383,173034380,2316961999.0,1.55733018e+11,1.09567456177e+11
2016-03-03,'600837,海通证券,13.28,13.42,13.05,13.3,13.45,-0.17,-1.2639,1.1128,90045319,1191769723.0,1.52742576e+11,1.0746350207e+11
2016-03-02,'600837,海通证券,13.45,13.55,12.83,12.95,12.84,0.61,4.7508,1.4365,116240176,1536043846.0,1.54697865e+11,1.08839164371e+11
2016-03-01,'600837,海通证券,12.84,13.34,12.25,12.35,12.4,0.44,3.5484,1.0288,83255050,1056787276.0,1.47681828e+11,1.03902964351e+11
2016-02-29,'600837,海通证券,12.4,12.45,11.65,12.21,12.27,0.13,1.0595,1.4757,119417101,1435628958.0,1.4262108e+11,1.00342426632e+11
2016-02-26,'600837,海通证券,12.27,12.4,11.99,12.17,12.01,0.26,2.1649,0.8898,72000200,880122608.0,1.41125859e+11,99290449578.6
2016-02-25,'600837,海通证券,12.01,12.94,11.92,12.94,12.97,-0.96,-7.4017,1.0114,81845797,1010878258.0,1.38135417e+11,97186495471.8
2016-02-24,'600837,海通证券,12.97,13.03,12.68,12.84,12.9,0.07,0.5426,0.5057,40918702,525921041.0,1.49177049e+11,1.04954941405e+11
2016-02-23,'600837,海通证券,12.9,13.21,12.74,13.19,13.23,-0.33,-2.4943,0.597,48312295,625752845.0,1.4837193e+11,1.04388492222e+11
2016-02-22,'600837,海通证券,13.23,13.39,12.85,13.06,12.87,0.36,2.7972,0.962,77850313,1022954859.0,1.52167491e+11,1.07058895511e+11
2016-02-19,'600837,海通证券,12.87,12.92,12.63,12.68,12.68,0.19,1.4984,0.673,54457490,696999072.0,1.48026879e+11,1.04145728287e+11
2016-02-18,'600837,海通证券,12.68,13.1,12.67,12.83,12.7,-0.02,-0.1575,0.6883,55697167,717002675.0,1.45841556e+11,1.02608223362e+11
2016-02-17,'600837,海通证券,12.7,12.77,12.51,12.57,12.62,0.08,0.6339,0.5854,47369616,599051625.0,1.4607159e+11,1.02770065986e+11
2016-02-16,'600837,海通证券,12.62,12.71,12.25,12.29,12.16,0.46,3.7829,0.7611,61588636,774552364.0,1.45151454e+11,1.02122695492e+11
2016-02-15,'600837,海通证券,12.16,12.3,11.94,12.0,12.36,-0.2,-1.6181,0.568,45959586,557928371.0,1.39860672e+11,98400315148.8
2016-02-05,'600837,海通证券,12.36,12.62,12.34,12.51,12.73,-0.37,-2.9065,0.5333,43158754,537990044.0,1.42161012e+11,1.00018741385e+11
2016-02-04,'600837,海通证券,12.73,12.93,12.53,12.55,12.51,0.22,1.7586,0.6932,56095908,717197878.0,1.46416641e+11,1.03012829921e+11
2016-02-03,'600837,海通证券,12.51,12.54,12.21,12.4,12.61,-0.1,-0.793,0.4942,39987706,494086583.0,1.43886267e+11,1.01232561062e+11
2016-02-02,'600837,海通证券,12.61,12.75,12.11,12.14,12.14,0.47,3.8715,0.7475,60485299,756321200.0,1.45036437e+11,1.0204177418e+11
2016-02-01,'600837,海通证券,12.14,12.25,11.9,12.08,12.11,0.03,0.2477,0.818,66189769,798667002.0,1.39630638e+11,98238472525.2
2016-01-29,'600837,海通证券,12.11,12.23,11.46,11.51,11.42,0.69,6.042,1.17,94677848,1135925878.0,1.39285587e+11,97995708589.8
2016-01-28,'600837,海通证券,11.42,11.93,11.36,11.51,11.65,-0.23,-1.9742,0.7715,62433074,727163330.0,1.31349414e+11,92412138075.6
2016-01-27,'600837,海通证券,11.65,11.86,11.11,11.54,11.49,0.16,1.3925,1.4098,114081092,1306841888.0,1.33994805e+11,94273328247.0
2016-01-26,'600837,海通证券,11.49,12.59,11.44,12.52,12.68,-1.19,-9.3849,1.1168,90373723,1077946919.0,1.32154533e+11,92978587258.2
2016-01-25,'600837,海通证券,12.68,12.81,12.59,12.7,12.6,0.08,0.6349,0.4487,36309895,460919191.0,1.45841556e+11,1.02608223362e+11
2016-01-22,'600837,海通证券,12.6,12.7,12.25,12.6,12.39,0.21,1.6949,0.5782,46785378,585034535.0,1.4492142e+11,1.01960852868e+11
2016-01-21,'600837,海通证券,12.39,13.17,12.33,12.95,12.97,-0.58,-4.4719,0.7278,58891549,755489543.0,1.42506063e+11,1.0026150532e+11
2016-01-20,'600837,海通证券,12.97,13.27,12.83,13.14,13.14,-0.17,-1.2938,0.8361,67658199,885194004.0,1.49177049e+11,1.04954941405e+11
2016-01-19,'600837,海通证券,13.14,13.22,12.57,12.7,12.67,0.47,3.7096,1.0537,85268291,1105360948.0,1.51132338e+11,1.06330603705e+11
2016-01-18,'600837,海通证券,12.67,12.88,12.27,12.33,12.6,0.07,0.5556,0.6497,52572033,664978540.0,1.45726539e+11,1.02527302051e+11
2016-01-15,'600837,海通证券,12.6,12.83,12.35,12.73,12.86,-0.26,-2.0218,1.142,92409046,1167820046.0,1.4492142e+11,1.01960852868e+11
2016-01-14,'600837,海通证券,12.86,12.94,12.03,12.17,12.59,0.27,2.1446,1.2209,98794409,1244358489.0,1.47911862e+11,1.04064806975e+11
2016-01-13,'600837,海通证券,12.59,12.99,12.55,12.86,12.71,-0.12,-0.9441,1.337,108188489,1379415607.0,1.44806403e+11,1.01879931556e+11
2016-01-12,'600837,海通证券,12.71,12.94,12.53,12.72,12.54,0.17,1.3557,1.3552,109661541,1398754876.0,1.46186607e+11,1.02850987298e+11
2016-01-11,'600837,海通证券,12.54,13.29,12.39,13.2,13.51,-0.97,-7.1799,1.6411,132797475,1709036811.0,1.44231318e+11,1.01475324997e+11
2016-01-08,'600837,海通证券,13.51,14.17,12.91,13.62,13.23,0.28,2.1164,1.9094,154514786,2095514492.0,1.55387967e+11,1.09324692242e+11
2016-01-07,'600837,海通证券,13.23,14.3,13.15,14.2,14.58,-1.35,-9.2593,0.27,21847900,301201120.0,1.52167491e+11,1.07058895511e+11
2016-01-06,'600837,海通证券,14.58,14.64,14.16,14.3,14.33,0.25,1.7446,0.9936,80405641,1160162467.0,1.67694786e+11,1.17983272604e+11
2016-01-05,'600837,海通证券,14.33,14.7,13.7,13.88,14.28,0.05,0.3501,1.3593,109998804,1565679662.0,1.64819361e+11,1.15960239809e+11
2016-01-04,'600837,海通证券,14.28,15.74,14.25,15.7,15.82,-1.54,-9.7345,1.0873,87982647,1321709614.0,1.64244276e+11,1.1555563325e+11
2015-12-31,'600837,海通证券,15.82,16.19,15.79,16.05,16.12,-0.3,-1.861,0.8294,67113756,1074936145.0,1.81956894e+11,1.28017515268e+11
2015-12-30,'600837,海通证券,16.12,16.35,15.7,16.21,16.26,-0.14,-0.861,1.0863,87901869,1411569087.0,1.85407404e+11,1.30445154622e+11
2015-12-29,'600837,海通证券,16.26,16.3,15.93,15.98,15.97,0.29,1.8159,0.9387,75961136,1223169533.0,1.87017642e+11,1.31578052987e+11
2015-12-28,'600837,海通证券,15.97,17.09,15.9,17.0,16.75,-0.78,-4.6567,1.6401,132720161,2180280056.0,1.83682149e+11,1.29231334945e+11
2015-12-25,'600837,海通证券,16.75,16.98,16.31,16.5,16.44,0.31,1.8856,1.2524,101345769,1685965359.0,1.92653475e+11,1.35543197265e+11
2015-12-24,'600837,海通证券,16.44,17.05,16.06,16.7,16.82,-0.38,-2.2592,2.0391,165006528,2737216496.0,1.89087948e+11,1.33034636599e+11
2015-12-23,'600837,海通证券,16.82,17.79,16.23,16.26,16.26,0.56,3.444,3.9492,319575244,5441038165.0,1.93458594e+11,1.36109646448e+11
2015-12-22,'600837,海通证券,16.26,16.42,16.11,16.19,16.19,0.07,0.4324,1.1906,96348635,1567780584.0,1.87017642e+11,1.31578052987e+11
2015-12-21,'600837,海通证券,16.19,16.55,15.67,15.7,15.78,0.41,2.5982,1.6408,132778079,2148602701.0,1.86212523e+11,1.31011603804e+11
2015-12-18,'600837,海通证券,15.78,16.06,15.73,15.9,15.9,-0.12,-0.7547,0.8961,72511581,1150470806.0,1.81496826e+11,1.2769383002e+11
2015-12-17,'600837,海通证券,15.9,16.13,15.73,15.87,15.7,0.2,1.2739,1.1977,96920751,1542461574.0,1.8287703e+11,1.28664885762e+11
2015-12-16,'600837,海通证券,15.7,16.08,15.59,15.8,15.7,0.0,0.0,0.921,74525303,1178239785.0,1.8057669e+11,1.27046459526e+11
2015-12-15,'600837,海通证券,15.7,16.16,15.65,16.1,16.28,-0.58,-3.5627,1.2993,105142743,1668175318.0,1.8057669e+11,1.27046459526e+11
2015-12-14,'600837,海通证券,16.28,16.37,14.88,14.9,15.16,1.12,7.3879,1.8334,148362003,2327964162.0,1.87247676e+11,1.3173989561e+11
2015-12-11,'600837,海通证券,15.16,15.5,14.8,15.1,15.21,-0.05,-0.3287,0.9982,80773226,1217622836.0,1.74365772e+11,1.22676708689e+11
2015-12-10,'600837,海通证券,15.21,15.85,15.1,15.25,15.18,0.03,0.1976,1.0154,82171474,1273676905.0,1.74940857e+11,1.23081315248e+11
2015-12-09,'600837,海通证券,15.18,15.33,15.0,15.03,15.08,0.1,0.6631,0.6958,56302088,854164134.0,1.74595806e+11,1.22838551312e+11
2015-12-08,'600837,海通证券,15.08,15.32,15.0,15.11,15.16,-0.08,-0.5277,0.7433,60147300,911301800.0,1.73445636e+11,1.22029338194e+11
2015-12-07,'600837,海通证券,15.16,15.42,15.0,15.33,15.32,-0.16,-1.0444,0.8095,65506553,992876644.0,1.74365772e+11,1.22676708689e+11
2015-12-04,'600837,海通证券,15.32,15.84,15.28,15.75,15.85,-0.53,-3.3438,1.1042,89352614,1384947881.0,1.76206044e+11,1.23971449678e+11
2015-12-03,'600837,海通证券,15.85,16.15,15.71,15.82,15.9,-0.05,-0.3145,1.2255,99167033,1576802387.0,1.82301945e+11,1.28260279203e+11
2015-12-02,'600837,海通证券,15.9,16.1,15.07,15.13,15.13,0.77,5.0892,1.6847,136329118,2131800124.0,1.8287703e+11,1.28664885762e+11
2015-12-01,'600837,海通证券,15.13,15.35,14.91,15.09,15.22,-0.09,-0.5913,1.282,103744898,1570270763.0,1.74020721e+11,1.22433944753e+11
2015-11-30,'600837,海通证券,15.22,15.8,15.04,15.05,16.71,-1.49,-8.9168,2.7471,222299016,3380119674.0,1.75055874e+11,1.2316223656e+11
2015-11-27,'600837,海通证券,0.0,0.0,0.0,0.0,16.71,None,None,0.0,0,0.0,1.92193407e+11,1.35219512018e+11
2015-11-26,'600837,海通证券,16.71,17.26,16.66,17.01,16.82,-0.11,-0.654,1.2904,104423453,1774854400.0,1.92193407e+11,1.35219512018e+11
2015-11-25,'600837,海通证券,16.82,16.87,16.5,16.6,16.7,0.12,0.7186,1.0435,84442044,1408419086.0,1.93458594e+11,1.36109646448e+11
2015-11-24,'600837,海通证券,16.7,16.96,16.38,16.5,16.55,0.15,0.9063,1.1973,96887571,1613106934.0,1.9207839e+11,1.35138590706e+11
2015-11-23,'600837,海通证券,16.55,17.08,16.51,16.77,16.77,-0.22,-1.3119,0.9733,78759758,1322618203.0,1.90353135e+11,1.33924771029e+11
2015-11-20,'600837,海通证券,16.77,17.1,16.65,17.1,17.1,-0.33,-1.9298,1.1124,90018398,1513787168.0,1.92883509e+11,1.35705039889e+11
2015-11-19,'600837,海通证券,17.1,17.2,16.48,16.75,16.83,0.27,1.6043,1.3434,108712896,1816953494.0,1.9667907e+11,1.38375443178e+11
2015-11-18,'600837,海通证券,16.83,17.92,16.7,17.17,17.11,-0.28,-1.6365,2.2374,181054287,3133779254.0,1.93573611e+11,1.36190567759e+11
2015-11-17,'600837,海通证券,17.11,18.2,17.03,17.06,16.83,0.28,1.6637,2.8134,227661676,4005804471.0,1.96794087e+11,1.3845636449e+11
2015-11-16,'600837,海通证券,16.83,16.85,16.42,16.59,17.12,-0.29,-1.6939,1.5383,124478757,2072975689.0,1.93573611e+11,1.36190567759e+11
2015-11-13,'600837,海通证券,17.12,17.5,16.8,16.85,17.13,-0.01,-0.0584,1.8955,153386949,2636500926.0,1.96909104e+11,1.38537285802e+11
2015-11-12,'600837,海通证券,17.13,17.73,16.97,17.58,17.59,-0.46,-2.6151,2.0926,169335125,2925415491.0,1.97024121e+11,1.38618207113e+11
2015-11-11,'600837,海通证券,17.59,17.95,16.97,17.28,17.5,0.09,0.5143,2.5948,209975737,3643495634.0,2.02314903e+11,1.42340587456e+11
2015-11-10,'600837,海通证券,17.5,18.5,17.03,17.1,17.44,0.06,0.344,3.5847,290080420,5144838816.0,2.0127975e+11,1.4161229565e+11
2015-11-09,'600837,海通证券,17.44,18.59,17.36,18.01,18.01,-0.57,-3.1649,5.1402,415952130,7483750141.0,2.00589648e+11,1.41126767779e+11
2015-11-06,'600837,海通证券,18.01,18.28,16.2,16.37,16.63,1.38,8.2983,5.8332,472028749,8153350555.0,2.07145617e+11,1.45739282552e+11
2015-11-05,'600837,海通证券,16.63,17.28,15.87,15.88,15.71,0.92,5.8561,6.8104,551110222,9281604547.0,1.91273271e+11,1.34572141523e+11
2015-11-04,'600837,海通证券,15.71,15.71,14.32,14.35,14.28,1.43,10.014,2.8217,228338108,3476656111.0,1.80691707e+11,1.27127380838e+11
2015-11-03,'600837,海通证券,14.28,14.58,14.2,14.4,14.43,-0.15,-1.0395,0.7734,62582665,900572607.0,1.64244276e+11,1.1555563325e+11
2015-11-02,'600837,海通证券,14.43,14.85,14.38,14.56,14.84,-0.41,-2.7628,0.7065,57171277,835424552.0,1.65969531e+11,1.16769452927e+11
2015-10-30,'600837,海通证券,14.84,15.34,14.31,14.62,14.62,0.22,1.5048,1.3867,112213547,1668869054.0,1.70685228e+11,1.20087226711e+11
2015-10-29,'600837,海通证券,14.62,14.87,14.5,14.87,14.64,-0.02,-0.1366,0.7051,57057270,838267517.0,1.68154854e+11,1.18306957852e+11
2015-10-28,'600837,海通证券,14.64,15.18,14.59,15.15,15.25,-0.61,-4.0,0.8384,67847975,1010783840.0,1.68384888e+11,1.18468800475e+11
2015-10-27,'600837,海通证券,15.25,15.39,14.79,15.39,15.43,-0.18,-1.1666,1.1177,90443806,1363712162.0,1.75400925e+11,1.23405000495e+11
2015-10-26,'600837,海通证券,15.43,15.99,15.24,15.53,15.2,0.23,1.5132,1.9024,153945311,2412245737.0,1.77471231e+11,1.24861584107e+11
2015-10-23,'600837,海通证券,15.2,15.28,14.83,14.97,14.94,0.26,1.7403,1.0719,86740655,1308537780.0,1.7482584e+11,1.23000393936e+11
2015-10-22,'600837,海通证券,14.94,14.97,14.39,14.74,14.97,-0.03,-0.2004,1.0356,83799940,1233063885.0,1.71835398e+11,1.20896439829e+11
2015-10-21,'600837,海通证券,14.97,15.41,14.0,15.2,15.19,-0.22,-1.4483,2.3657,191439176,2845897304.0,1.72180449e+11,1.21139203765e+11
2015-10-20,'600837,海通证券,15.19,15.22,14.77,15.0,15.08,0.11,0.7294,1.0606,85824609,1288613444.0,1.74710823e+11,1.22919472624e+11
2015-10-19,'600837,海通证券,15.08,15.75,14.91,15.0,14.89,0.19,1.276,2.032,164429395,2512074249.0,1.73445636e+11,1.22029338194e+11
2015-10-16,'600837,海通证券,14.89,15.18,14.65,14.88,14.65,0.24,1.6382,1.5574,126024730,1877985679.0,1.71260313e+11,1.2049183327e+11
2015-10-15,'600837,海通证券,14.65,14.75,14.13,14.22,14.21,0.44,3.0964,1.2563,101662476,1472693266.0,1.68499905e+11,1.18549721787e+11
2015-10-14,'600837,海通证券,14.21,14.78,14.19,14.35,14.4,-0.19,-1.3194,1.2203,98746006,1425356669.0,1.63439157e+11,1.14989184068e+11
2015-10-13,'600837,海通证券,14.4,14.56,14.23,14.34,14.51,-0.11,-0.7581,0.9067,73372764,1055445381.0,1.6562448e+11,1.16526688992e+11
2015-10-12,'600837,海通证券,14.51,14.91,13.58,13.73,13.74,0.77,5.6041,2.1487,173878579,2498473958.0,1.66889667e+11,1.17416823422e+11
2015-10-09,'600837,海通证券,13.74,13.8,13.26,13.32,13.26,0.48,3.6199,1.4744,119306772,1624152806.0,1.58033358e+11,1.11185882413e+11
2015-10-08,'600837,海通证券,13.26,13.69,13.23,13.65,12.75,0.51,4.0,1.3246,107188351,1443407427.0,1.52512542e+11,1.07301659447e+11
2015-09-30,'600837,海通证券,12.75,13.14,12.71,12.71,12.74,0.01,0.0785,0.737,59642869,770714280.0,1.46646675e+11,1.03174672545e+11
2015-09-29,'600837,海通证券,12.74,12.97,12.47,12.69,12.93,-0.19,-1.4695,0.681,55104088,699634418.0,1.46531658e+11,1.03093751233e+11
2015-09-28,'600837,海通证券,12.93,13.0,12.68,12.7,12.81,0.12,0.9368,0.4369,35357113,454396376.0,1.48716981e+11,1.04631256157e+11
2015-09-25,'600837,海通证券,12.81,13.07,12.5,12.97,13.13,-0.32,-2.4372,1.0216,82669630,1058494775.0,1.47336777e+11,1.03660200416e+11
2015-09-24,'600837,海通证券,13.13,13.26,13.0,13.21,13.09,0.04,0.3056,0.6688,54119181,710674045.0,1.51017321e+11,1.06249682393e+11
2015-09-23,'600837,海通证券,13.09,13.58,13.05,13.43,13.71,-0.62,-4.5222,1.2445,100706343,1339759325.0,1.50557253e+11,1.05925997146e+11
2015-09-22,'600837,海通证券,13.71,14.19,13.25,13.33,13.32,0.39,2.9279,1.7982,145516693,2007260851.0,1.57688307e+11,1.10943118478e+11
2015-09-21,'600837,海通证券,13.32,13.41,12.74,12.9,13.11,0.21,1.6018,1.2322,99709423,1306660100.0,1.53202644e+11,1.07787187318e+11
2015-09-18,'600837,海通证券,13.11,13.3,12.93,13.11,12.84,0.27,2.1028,1.1534,93336852,1226750232.0,1.50787287e+11,1.0608783977e+11
2015-09-17,'600837,海通证券,12.84,13.39,12.82,13.0,13.06,-0.22,-1.6845,1.5115,122308931,1605098502.0,1.47681828e+11,1.03902964351e+11
2015-09-16,'600837,海通证券,13.06,13.48,12.05,12.27,12.25,0.81,6.6122,1.8422,149070087,1900574785.0,1.50212202e+11,1.05683233211e+11
2015-09-15,'600837,海通证券,12.25,12.5,11.8,12.3,12.83,-0.58,-4.5207,1.5574,126023334,1537486418.0,1.40895825e+11,99128606955.0
2015-09-14,'600837,海通证券,12.83,12.88,11.64,12.82,12.88,-0.05,-0.3882,3.7658,304733670,3762851958.0,1.47566811e+11,1.03822043039e+11
2015-09-11,'600837,海通证券,12.88,13.13,12.75,12.91,12.93,-0.05,-0.3867,1.0918,88349752,1142813492.0,1.48141896e+11,1.04226649598e+11
2015-09-10,'600837,海通证券,12.93,13.09,12.71,12.96,13.2,-0.27,-2.0455,1.481,119843794,1548690305.0,1.48716981e+11,1.04631256157e+11
2015-09-09,'600837,海通证券,13.2,13.36,12.7,12.8,12.74,0.46,3.6107,2.6394,213585601,2792877320.0,1.5182244e+11,1.06816131576e+11
2015-09-08,'600837,海通证券,12.74,12.82,11.94,12.02,12.14,0.6,4.9423,1.8648,150904717,1865097933.0,1.46531658e+11,1.03093751233e+11
2015-09-07,'600837,海通证券,12.14,12.77,12.02,12.28,12.3,-0.16,-1.3008,2.0779,168148240,2100597381.0,1.39630638e+11,98238472525.2
2015-09-02,'600837,海通证券,12.3,12.58,11.82,11.98,12.49,-0.19,-1.5212,4.0962,331466495,4076562397.0,1.4147091e+11,99533213514.0
2015-09-01,'600837,海通证券,12.49,12.59,11.41,11.83,12.15,0.34,2.7984,4.8452,392077803,4774426892.0,1.43656233e+11,1.01070718438e+11
2015-08-31,'600837,海通证券,12.15,12.35,11.47,12.31,12.66,-0.51,-4.0284,5.2189,422322518,5009450071.0,1.39745655e+11,98319393837.0
2015-08-28,'600837,海通证券,12.66,12.75,11.95,12.23,12.14,0.52,4.2834,3.999,323605522,3962930488.0,1.45611522e+11,1.02446380739e+11
2015-08-27,'600837,海通证券,12.14,12.18,11.32,11.75,11.28,0.86,7.6241,3.4596,279957397,3268030729.0,1.39630638e+11,98238472525.2
2015-08-26,'600837,海通证券,11.28,12.18,10.9,11.42,11.37,-0.09,-0.7916,3.8917,314923906,3629322791.0,1.29739176e+11,91279239710.4
2015-08-25,'600837,海通证券,11.37,12.48,11.37,11.74,12.63,-1.26,-9.9762,5.0631,409715627,4831230104.0,1.30774329e+11,92007531516.6
2015-08-24,'600837,海通证券,12.63,13.65,12.63,13.3,14.03,-1.4,-9.9786,3.4282,277417127,3550415693.0,1.45266471e+11,1.02203616803e+11
2015-08-21,'600837,海通证券,14.03,15.28,13.88,15.01,15.21,-1.18,-7.7581,2.221,179729941,2627758300.0,1.61368851e+11,1.13532600455e+11
2015-08-20,'600837,海通证券,15.21,15.95,15.19,15.91,16.05,-0.84,-5.2336,1.5075,121991514,1906693256.0,1.74940857e+11,1.23081315248e+11
2015-08-19,'600837,海通证券,16.05,16.27,15.2,15.73,15.97,0.08,0.5009,1.9677,159225071,2513845778.0,1.84602285e+11,1.29878705439e+11
2015-08-18,'600837,海通证券,15.97,17.79,15.82,17.25,17.11,-1.14,-6.6628,2.8988,234575213,4012796534.0,1.83682149e+11,1.29231334945e+11
2015-08-17,'600837,海通证券,17.11,17.36,16.85,17.3,17.43,-0.32,-1.8359,1.5359,124283921,2124545674.0,1.96794087e+11,1.3845636449e+11
2015-08-14,'600837,海通证券,17.43,17.69,17.21,17.35,17.25,0.18,1.0435,2.1707,175655761,3054766651.0,2.00474631e+11,1.41045846467e+11
2015-08-13,'600837,海通证券,17.25,17.35,16.73,17.12,17.13,0.12,0.7005,1.8294,148035103,2527852633.0,1.98404325e+11,1.39589262855e+11
2015-08-12,'600837,海通证券,17.13,17.75,16.93,17.0,17.3,-0.17,-0.9827,2.1165,171267413,2956104838.0,1.97024121e+11,1.38618207113e+11
2015-08-11,'600837,海通证券,17.3,17.79,17.21,17.54,17.7,-0.4,-2.2599,2.0551,166303602,2910048870.0,1.9897941e+11,1.39993869414e+11
2015-08-10,'600837,海通证券,17.7,18.07,16.4,16.58,16.49,1.21,7.3378,3.328,269304470,4640131498.0,2.0358009e+11,1.43230721886e+11
2015-08-07,'600837,海通证券,16.49,16.78,16.3,16.4,16.38,0.11,0.6716,1.6803,135971023,2249954236.0,1.89663033e+11,1.33439243158e+11
2015-08-06,'600837,海通证券,16.38,16.9,16.3,16.7,16.99,-0.61,-3.5903,1.3732,111124934,1847321852.0,1.88397846e+11,1.32549108728e+11
2015-08-05,'600837,海通证券,16.99,17.49,16.93,17.49,17.55,-0.56,-3.1909,1.3466,108967573,1877938922.0,1.95413883e+11,1.37485308748e+11
2015-08-04,'600837,海通证券,17.55,17.59,17.05,17.14,17.14,0.41,2.3921,1.5978,129298426,2240929437.0,2.01854835e+11,1.42016902209e+11
2015-08-03,'600837,海通证券,17.14,17.25,16.81,17.0,17.2,-0.06,-0.3488,1.5488,125334621,2126173168.0,1.97139138e+11,1.38699128425e+11
2015-07-31,'600837,海通证券,17.2,17.44,17.02,17.03,17.28,-0.08,-0.463,1.4454,116964024,2012249814.0,1.9782924e+11,1.39184656296e+11
2015-07-30,'600837,海通证券,17.28,18.4,17.15,18.17,18.23,-0.95,-5.2112,1.6806,135997078,2441601529.0,1.98749376e+11,1.3983202679e+11
2015-07-29,'600837,海通证券,18.23,18.59,17.75,18.27,18.46,-0.23,-1.2459,2.1646,175160651,3160765830.0,2.09675991e+11,1.47519551411e+11
2015-07-28,'600837,海通证券,18.46,18.85,15.81,16.9,17.25,1.21,7.0145,5.2291,423149035,7424538118.0,2.12321382e+11,1.49380741583e+11
2015-07-27,'600837,海通证券,17.25,19.0,17.25,19.0,19.17,-1.92,-10.0156,3.1037,251159051,4574927946.0,1.98404325e+11,1.39589262855e+11
2015-07-24,'600837,海通证券,19.17,19.89,19.1,19.77,19.79,-0.62,-3.1329,2.3647,191352712,3740037973.0,2.20487589e+11,1.55126154721e+11
2015-07-23,'600837,海通证券,19.79,19.94,19.4,19.45,19.37,0.42,2.1683,2.269,183608579,3628085732.0,2.27618643e+11,1.60143276052e+11
2015-07-22,'600837,海通证券,19.37,19.91,19.27,19.74,19.67,-0.3,-1.5252,1.9802,160239037,3135141413.0,2.22787929e+11,1.56744580957e+11
2015-07-21,'600837,海通证券,19.67,20.3,19.28,19.58,19.8,-0.13,-0.6566,2.5834,209053264,4127943939.0,2.26238439e+11,1.59172220311e+11
2015-07-20,'600837,海通证券,19.8,20.49,19.69,20.22,20.4,-0.6,-2.9412,2.4247,196210072,3925905837.0,2.2773366e+11,1.60224197364e+11
2015-07-17,'600837,海通证券,20.4,20.73,19.57,19.93,19.71,0.69,3.5008,2.7972,226353330,4555129161.0,2.3463468e+11,1.65079476072e+11
2015-07-16,'600837,海通证券,19.71,20.25,19.25,19.73,19.73,-0.02,-0.1014,2.3311,188637939,3725089684.0,2.26698507e+11,1.59495905558e+11
2015-07-15,'600837,海通证券,19.73,20.69,19.0,20.0,20.4,-0.67,-3.2843,3.9872,322647377,6344499724.0,2.26928541e+11,1.59657748181e+11
2015-07-14,'600837,海通证券,20.4,21.67,20.05,21.33,21.96,-1.56,-7.1038,4.4702,361733116,7581260239.0,2.3463468e+11,1.65079476072e+11
2015-07-13,'600837,海通证券,21.96,23.0,21.22,21.8,22.29,-0.33,-1.4805,6.1407,496913512,10959287603.0,2.52577332e+11,1.77703200713e+11
2015-07-10,'600837,海通证券,22.29,22.73,20.0,20.02,20.68,1.61,7.7853,7.4638,603978304,13278419073.0,2.56372893e+11,1.80373604002e+11
2015-07-09,'600837,海通证券,20.68,20.68,16.92,17.0,18.8,1.88,10.0,6.2772,507959256,9734899229.0,2.37855156e+11,1.67345272802e+11
2015-07-08,'600837,海通证券,18.8,20.0,18.8,18.8,20.89,-2.09,-10.0048,2.0601,166705500,3135539105.0,2.1623196e+11,1.52132066184e+11
2015-07-07,'600837,海通证券,20.89,21.8,19.55,21.3,21.72,-0.83,-3.8214,5.3295,431266209,8914710164.0,2.40270513e+11,1.6904462035e+11
2015-07-06,'600837,XD海通证,21.72,22.4,20.82,22.4,20.36,1.36,6.6798,5.551,449193239,9708051631.0,2.49816924e+11,1.7576108923e+11
2015-07-03,'600837,海通证券,20.61,21.98,19.5,21.09,21.06,-0.45,-2.1368,3.7219,301184984,6311974116.0,2.37050037e+11,1.6677882362e+11
2015-07-02,'600837,海通证券,21.06,21.99,20.0,21.6,20.65,0.41,1.9855,4.787,387374116,8242673322.0,2.42225802e+11,1.70420282651e+11
2015-07-01,'600837,海通证券,20.65,22.28,20.3,21.5,21.8,-1.15,-5.2752,3.6779,297623911,6446846329.0,2.37510105e+11,1.67102508867e+11
2015-06-30,'600837,海通证券,21.8,21.8,19.3,19.95,19.82,1.98,9.9899,4.9005,396556674,8257943540.0,2.5073706e+11,1.76408459724e+11
2015-06-29,'600837,海通证券,19.82,22.09,19.15,22.06,21.28,-1.46,-6.8609,5.0009,404679262,8311087179.0,2.27963694e+11,1.60386039988e+11
2015-06-26,'600837,海通证券,21.28,24.2,21.23,22.98,23.59,-2.31,-9.7923,3.81,308306820,6934123594.0,2.44756176e+11,1.7220055151e+11
2015-06-25,'600837,海通证券,23.59,24.77,23.43,24.13,24.02,-0.43,-1.7902,2.611,211286199,5108581001.0,2.71325103e+11,1.90893374536e+11
2015-06-24,'600837,海通证券,24.02,24.15,23.43,24.05,24.04,-0.02,-0.0832,2.3444,189715048,4520907837.0,2.76270834e+11,1.94372990944e+11
2015-06-23,'600837,海通证券,24.04,24.1,22.49,23.33,23.25,0.79,3.3978,2.6184,211882501,4964774680.0,2.76500868e+11,1.94534833567e+11
2015-06-19,'600837,海通证券,23.25,25.16,23.2,24.45,24.67,-1.42,-5.756,2.5264,204436020,5019426201.0,2.67414525e+11,1.88142049935e+11
2015-06-18,'600837,海通证券,24.67,25.93,24.63,25.81,26.08,-1.41,-5.4064,2.2516,182201350,4621277108.0,2.83746939e+11,1.99632876211e+11
2015-06-17,'600837,海通证券,26.08,26.19,25.5,25.89,25.86,0.22,0.8507,2.1267,172092982,4434888790.0,2.99964336e+11,2.11042781174e+11
2015-06-16,'600837,海通证券,25.86,26.65,25.51,25.9,26.17,-0.31,-1.1846,2.6153,211634817,5521309383.0,2.97433962e+11,2.09262512315e+11
2015-06-15,'600837,海通证券,26.17,27.65,26.1,27.5,27.04,-0.87,-3.2175,3.3226,268868768,7210291487.0,3.00999489e+11,2.11771072981e+11
2015-06-12,'600837,海通证券,27.04,27.47,26.84,27.44,27.05,-0.01,-0.037,2.7139,219611521,5963623606.0,3.11005968e+11,2.18811227107e+11
2015-06-11,'600837,海通证券,27.05,27.52,26.81,27.31,27.31,-0.26,-0.952,2.3363,189053526,5119294069.0,3.11120985e+11,2.18892148419e+11
2015-06-10,'600837,海通证券,27.31,27.78,27.02,27.35,27.62,-0.31,-1.1224,2.563,207403994,5701004725.0,3.14111427e+11,2.20996102526e+11
2015-06-09,'600837,海通证券,27.62,28.61,27.42,28.58,28.34,-0.72,-2.5406,3.8725,313366118,8757464570.0,3.17676954e+11,2.23504663192e+11
2015-06-08,'600837,海通证券,28.34,28.51,26.65,27.03,27.03,1.31,4.8465,5.8011,469429936,12973827013.0,3.25958178e+11,2.29330997641e+11
2015-06-05,'600837,海通证券,27.03,27.88,26.5,27.72,27.18,-0.15,-0.5519,3.6691,296908952,8064315515.0,3.10890951e+11,2.18730305795e+11
2015-06-04,'600837,海通证券,27.18,27.38,25.0,26.81,26.79,0.39,1.4558,3.8108,308371083,8207571943.0,3.12616206e+11,2.19944125472e+11
2015-06-03,'600837,海通证券,26.79,27.43,26.53,26.91,26.86,-0.07,-0.2606,2.7705,224193417,6023398603.0,3.08130543e+11,2.16788194312e+11
2015-06-02,'600837,海通证券,26.86,27.18,26.5,27.05,27.14,-0.28,-1.0317,2.7051,218901603,5866980023.0,3.08935662e+11,2.17354643495e+11
2015-06-01,'600837,海通证券,27.14,27.75,25.32,25.7,25.76,1.38,5.3571,3.8817,314111883,8339819634.0,3.12156138e+11,2.19620440225e+11
2015-05-29,'600837,海通证券,25.76,26.79,25.31,26.31,26.01,-0.25,-0.9612,3.6602,296189568,7707715928.0,2.73902535424e+11,2.08453299197e+11
2015-05-28,'600837,海通证券,26.01,28.85,25.9,28.73,28.71,-2.7,-9.4044,4.9125,397524555,10955427076.0,2.76560751024e+11,2.10476331992e+11
2015-05-27,'600837,海通证券,28.71,29.28,28.62,29.1,28.95,-0.24,-0.829,3.3909,274395491,7935588254.0,3.05269479504e+11,2.32325086178e+11
2015-05-26,'600837,海通证券,28.95,29.25,28.23,29.05,28.85,0.1,0.3466,4.1698,337428879,9699072223.0,3.0782136648e+11,2.34267197661e+11
2015-05-25,'600837,海通证券,28.85,29.3,28.16,28.17,28.09,0.76,2.7056,4.5631,369250182,10657602347.0,3.0675808024e+11,2.33457984543e+11
2015-05-22,'600837,海通证券,28.09,28.52,27.25,27.45,27.16,0.93,3.4242,4.3177,349395309,9793537742.0,2.98677104816e+11,2.27307964846e+11
2015-05-21,'600837,海通证券,27.16,27.5,26.8,27.3,27.16,0.0,0.0,2.279,184423448,4984805766.0,2.88788542784e+11,2.19782282849e+11
2015-05-20,'600837,海通证券,27.16,27.77,27.01,27.72,27.62,-0.46,-1.6655,3.3802,273531788,7462807474.0,2.88788542784e+11,2.19782282849e+11
2015-05-19,'600837,海通证券,27.62,28.1,25.52,25.59,25.69,1.93,7.5127,5.3549,433321670,11781199607.0,2.93679659488e+11,2.23504663192e+11
2015-05-18,'600837,海通证券,25.69,26.4,25.66,26.25,26.52,-0.83,-3.1297,2.8574,231223997,6004675753.0,2.46231487114e+11,2.07886850014e+11
