2016-02-04,'600882,华联矿业,8.49,8.68,8.27,8.27,8.25,0.24,2.9091,1.1583,4624230,39281154.0,3389531002.05,3389531002.05
2016-02-03,'600882,华联矿业,8.25,8.35,8.01,8.15,8.19,0.06,0.7326,0.8085,3227993,26386361.0,3293713871.25,3293713871.25
2016-02-02,'600882,华联矿业,8.19,8.45,8.0,8.03,8.02,0.17,2.1197,1.1528,4602556,38133346.0,3269759588.55,3269759588.55
2016-02-01,'600882,华联矿业,8.02,8.24,7.79,8.24,8.27,-0.25,-3.023,0.7528,3005564,24230487.0,3201889120.9,3201889120.9
2016-01-29,'600882,华联矿业,8.27,8.35,7.9,7.9,7.96,0.31,3.8945,0.7972,3182850,26070140.0,3301698632.15,3301698632.15
2016-01-28,'600882,华联矿业,7.96,8.28,7.81,8.15,8.16,-0.2,-2.451,0.9282,3705862,30015775.0,3177934838.2,3177934838.2
2016-01-27,'600882,华联矿业,8.16,8.54,7.8,8.4,8.39,-0.23,-2.7414,1.3125,5240027,42590221.0,3257782447.2,3257782447.2
2016-01-26,'600882,华联矿业,8.39,9.26,8.38,9.23,9.31,-0.92,-9.8818,2.0413,8149553,72435449.0,3349607197.55,3349607197.55
2016-01-25,'600882,华联矿业,9.31,9.4,8.83,8.88,8.85,0.46,5.1977,1.5488,6183581,56283198.0,3716906198.95,3716906198.95
2016-01-22,'600882,华联矿业,8.85,8.96,8.6,8.85,8.69,0.16,1.8412,0.8238,3288923,28911969.0,3533256698.25,3533256698.25
2016-01-21,'600882,华联矿业,8.69,9.06,8.55,8.65,8.82,-0.13,-1.4739,1.7917,7153016,63439283.0,3469378611.05,3469378611.05
2016-01-20,'600882,华联矿业,8.82,8.92,8.49,8.59,8.72,0.1,1.1468,1.5159,6051913,52550828.0,3521279556.9,3521279556.9
2016-01-19,'600882,华联矿业,8.72,8.81,8.34,8.35,8.42,0.3,3.5629,1.2558,5013770,43174280.0,3481355752.4,3481355752.4
2016-01-18,'600882,华联矿业,8.42,8.5,7.81,8.02,8.21,0.21,2.5579,1.5818,6315185,51837875.0,3361584338.9,3361584338.9
2016-01-15,'600882,华联矿业,8.21,8.7,8.05,8.53,8.63,-0.42,-4.8667,1.1067,4418411,37266374.0,3277744349.45,3277744349.45
2016-01-14,'600882,华联矿业,8.63,8.77,7.78,8.0,8.36,0.27,3.2297,1.6195,6465496,53579875.0,3445424328.35,3445424328.35
2016-01-13,'600882,华联矿业,8.36,8.73,8.26,8.26,8.25,0.11,1.3333,2.062,8232366,69821099.0,3337630056.2,3337630056.2
2016-01-12,'600882,华联矿业,8.25,8.5,7.96,8.31,8.34,-0.09,-1.0791,1.3377,5340527,44311777.0,3293713871.25,3293713871.25
2016-01-11,'600882,华联矿业,8.34,9.21,8.34,9.09,9.27,-0.93,-10.0324,1.9626,7835548,68984895.0,3329645295.3,3329645295.3
2016-01-08,'600882,华联矿业,9.27,9.4,8.48,9.24,9.09,0.18,1.9802,2.5788,10295620,94262670.0,3700936677.15,3700936677.15
2016-01-07,'600882,华联矿业,9.09,9.97,9.08,9.96,10.09,-1.0,-9.9108,0.7347,2933400,27494685.0,3629073829.05,3629073829.05
2016-01-06,'600882,华联矿业,10.09,10.2,9.9,10.09,10.02,0.07,0.6986,1.9534,7798692,78484817.0,4028311874.05,4028311874.05
2016-01-05,'600882,华联矿业,10.02,10.37,9.5,9.5,10.2,-0.18,-1.7647,2.5232,10073388,99850445.0,4000365210.9,4000365210.9
2016-01-04,'600882,华联矿业,10.2,11.47,10.2,11.31,11.33,-1.13,-9.9735,1.5808,6311118,68236779.0,4072228059.0,4072228059.0
2015-12-31,'600882,华联矿业,11.33,11.76,11.25,11.61,11.61,-0.28,-2.4117,1.3677,5460545,62980097.0,4523367049.85,4523367049.85
2015-12-30,'600882,华联矿业,11.61,11.73,11.52,11.59,11.64,-0.03,-0.2577,2.1363,8528872,99311958.0,4635153702.45,4635153702.45
2015-12-29,'600882,华联矿业,11.64,11.66,10.91,11.19,11.17,0.47,4.2077,2.28,9102442,102400553.0,4647130843.8,4647130843.8
2015-12-28,'600882,华联矿业,11.17,11.77,11.16,11.29,11.27,-0.1,-0.8873,2.456,9805105,112053831.0,4459488962.65,4459488962.65
2015-12-25,'600882,华联矿业,11.27,11.49,11.09,11.33,11.28,-0.01,-0.0887,2.2588,9017903,101762356.0,4499412767.15,4499412767.15
2015-12-24,'600882,华联矿业,11.28,11.68,11.11,11.37,11.42,-0.14,-1.2259,1.9515,7791240,88095040.0,4503405147.6,4503405147.6
2015-12-23,'600882,华联矿业,11.42,11.9,10.9,10.9,11.16,0.26,2.3297,3.3111,13219160,151965344.0,4559298473.9,4559298473.9
2015-12-22,'600882,华联矿业,11.16,11.35,10.56,10.56,10.62,0.54,5.0847,3.2906,13137509,145298022.0,4455496582.2,4455496582.2
2015-12-21,'600882,华联矿业,10.62,10.77,10.5,10.6,10.61,0.01,0.0943,2.3237,9277020,98638383.0,4239908037.9,4239908037.9
2015-12-18,'600882,华联矿业,10.61,10.72,10.31,10.41,10.41,0.2,1.9212,3.1547,12594929,132673135.0,4235915657.45,4235915657.45
2015-12-17,'600882,华联矿业,10.41,10.58,10.09,10.09,10.11,0.3,2.9674,3.1397,12534954,129453891.0,4156068048.45,4156068048.45
2015-12-16,'600882,华联矿业,10.11,10.32,10.07,10.2,10.2,-0.09,-0.8824,2.14,8543563,86917303.0,4036296634.95,4036296634.95
2015-12-15,'600882,华联矿业,10.2,10.32,10.01,10.09,10.03,0.17,1.6949,2.6018,10387333,105661257.0,4072228059.0,4072228059.0
2015-12-14,'600882,华联矿业,10.03,10.06,9.78,9.91,10.02,0.01,0.0998,1.9961,7969236,79104554.0,4004357591.35,4004357591.35
2015-12-11,'600882,华联矿业,10.02,10.19,9.94,10.14,10.1,-0.08,-0.7921,2.1645,8641502,86718130.0,4000365210.9,4000365210.9
2015-12-10,'600882,华联矿业,10.1,10.38,10.01,10.26,10.42,-0.32,-3.071,2.0839,8319616,84898532.0,4032304254.5,4032304254.5
2015-12-09,'600882,华联矿业,10.42,10.55,9.98,10.0,10.14,0.28,2.7613,3.4835,13907536,142798221.0,4160060428.9,4160060428.9
2015-12-08,'600882,华联矿业,10.14,10.6,10.0,10.54,10.63,-0.49,-4.6096,2.6647,10638411,109439189.0,4048273776.3,4048273776.3
2015-12-07,'600882,华联矿业,10.63,10.77,10.48,10.67,10.7,-0.07,-0.6542,2.3309,9305675,98516951.0,4243900418.35,4243900418.35
2015-12-04,'600882,华联矿业,10.7,10.94,10.51,10.51,10.67,0.03,0.2812,2.9962,11962166,128192556.0,4271847081.5,4271847081.5
2015-12-03,'600882,华联矿业,10.67,10.84,10.5,10.67,11.01,-0.34,-3.0881,4.3801,17487149,185980344.0,4259869940.15,4259869940.15
2015-12-02,'600882,华联矿业,11.01,11.18,9.89,10.61,10.87,0.14,1.2879,7.6555,30563866,320598209.0,4395610875.45,4395610875.45
2015-12-01,'600882,华联矿业,10.87,11.48,10.87,11.1,12.08,-1.21,-10.0166,9.7746,39023920,429907800.0,4339717549.15,4339717549.15
2015-11-30,'600882,华联矿业,12.08,13.5,12.08,12.52,13.42,-1.34,-9.9851,4.6206,18447243,228145155.0,4822795583.6,4822795583.6
2015-11-27,'600882,华联矿业,0.0,0.0,0.0,0.0,13.42,None,None,0.0,0,0.0,5357774563.9,5357774563.9
2015-11-26,'600882,华联矿业,0.0,0.0,0.0,0.0,13.42,None,None,0.0,0,0.0,5357774563.9,5357774563.9
2015-11-25,'600882,华联矿业,0.0,0.0,0.0,0.0,13.42,None,None,0.0,0,0.0,5357774563.9,5357774563.9
2015-11-24,'600882,华联矿业,0.0,0.0,0.0,0.0,13.42,None,None,0.0,0,0.0,5357774563.9,5357774563.9
2015-11-23,'600882,华联矿业,0.0,0.0,0.0,0.0,13.42,None,None,0.0,0,0.0,5357774563.9,5357774563.9
2015-11-20,'600882,华联矿业,0.0,0.0,0.0,0.0,13.42,None,None,0.0,0,0.0,5357774563.9,5357774563.9
2015-11-19,'600882,华联矿业,0.0,0.0,0.0,0.0,13.42,None,None,0.0,0,0.0,5357774563.9,5357774563.9
2015-11-18,'600882,华联矿业,0.0,0.0,0.0,0.0,13.42,None,None,0.0,0,0.0,5357774563.9,5357774563.9
2015-11-17,'600882,华联矿业,0.0,0.0,0.0,0.0,13.42,None,None,0.0,0,0.0,5357774563.9,5357774563.9
2015-11-16,'600882,华联矿业,0.0,0.0,0.0,0.0,13.42,None,None,0.0,0,0.0,5357774563.9,5357774563.9
2015-11-13,'600882,华联矿业,0.0,0.0,0.0,0.0,13.42,None,None,0.0,0,0.0,5357774563.9,5357774563.9
2015-11-12,'600882,华联矿业,0.0,0.0,0.0,0.0,13.42,None,None,0.0,0,0.0,5357774563.9,5357774563.9
2015-11-11,'600882,华联矿业,0.0,0.0,0.0,0.0,13.42,None,None,0.0,0,0.0,5357774563.9,5357774563.9
2015-11-10,'600882,华联矿业,0.0,0.0,0.0,0.0,13.42,None,None,0.0,0,0.0,5357774563.9,5357774563.9
2015-11-09,'600882,华联矿业,0.0,0.0,0.0,0.0,13.42,None,None,0.0,0,0.0,5357774563.9,5357774563.9
2015-11-06,'600882,华联矿业,0.0,0.0,0.0,0.0,13.42,None,None,0.0,0,0.0,5357774563.9,5357774563.9
2015-11-05,'600882,华联矿业,0.0,0.0,0.0,0.0,13.42,None,None,0.0,0,0.0,5357774563.9,5357774563.9
2015-11-04,'600882,华联矿业,0.0,0.0,0.0,0.0,13.42,None,None,0.0,0,0.0,5357774563.9,5357774563.9
2015-11-03,'600882,华联矿业,0.0,0.0,0.0,0.0,13.42,None,None,0.0,0,0.0,5357774563.9,5357774563.9
2015-11-02,'600882,华联矿业,0.0,0.0,0.0,0.0,13.42,None,None,0.0,0,0.0,5357774563.9,5357774563.9
2015-10-30,'600882,华联矿业,0.0,0.0,0.0,0.0,13.42,None,None,0.0,0,0.0,5357774563.9,5357774563.9
2015-10-29,'600882,华联矿业,0.0,0.0,0.0,0.0,13.42,None,None,0.0,0,0.0,5357774563.9,5357774563.9
2015-10-28,'600882,华联矿业,0.0,0.0,0.0,0.0,13.42,None,None,0.0,0,0.0,5357774563.9,5357774563.9
2015-10-27,'600882,华联矿业,0.0,0.0,0.0,0.0,13.42,None,None,0.0,0,0.0,5357774563.9,5357774563.9
2015-10-26,'600882,华联矿业,0.0,0.0,0.0,0.0,13.42,None,None,0.0,0,0.0,5357774563.9,5357774563.9
2015-10-23,'600882,华联矿业,0.0,0.0,0.0,0.0,13.42,None,None,0.0,0,0.0,5357774563.9,5357774563.9
2015-10-22,'600882,华联矿业,0.0,0.0,0.0,0.0,13.42,None,None,0.0,0,0.0,5357774563.9,5357774563.9
2015-10-21,'600882,华联矿业,0.0,0.0,0.0,0.0,13.42,None,None,0.0,0,0.0,5357774563.9,5357774563.9
2015-10-20,'600882,华联矿业,0.0,0.0,0.0,0.0,13.42,None,None,0.0,0,0.0,5357774563.9,5357774563.9
2015-10-19,'600882,华联矿业,0.0,0.0,0.0,0.0,13.42,None,None,0.0,0,0.0,5357774563.9,5357774563.9
2015-10-16,'600882,华联矿业,0.0,0.0,0.0,0.0,13.42,None,None,0.0,0,0.0,5357774563.9,5357774563.9
2015-10-15,'600882,华联矿业,0.0,0.0,0.0,0.0,13.42,None,None,0.0,0,0.0,5357774563.9,5357774563.9
2015-10-14,'600882,华联矿业,0.0,0.0,0.0,0.0,13.42,None,None,0.0,0,0.0,5357774563.9,5357774563.9
2015-10-13,'600882,华联矿业,0.0,0.0,0.0,0.0,13.42,None,None,0.0,0,0.0,5357774563.9,5357774563.9
2015-10-12,'600882,华联矿业,0.0,0.0,0.0,0.0,13.42,None,None,0.0,0,0.0,5357774563.9,5357774563.9
2015-10-09,'600882,华联矿业,0.0,0.0,0.0,0.0,13.42,None,None,0.0,0,0.0,5357774563.9,5357774563.9
2015-10-08,'600882,华联矿业,0.0,0.0,0.0,0.0,13.42,None,None,0.0,0,0.0,5357774563.9,5357774563.9
2015-09-30,'600882,华联矿业,0.0,0.0,0.0,0.0,13.42,None,None,0.0,0,0.0,5357774563.9,5357774563.9
2015-09-29,'600882,华联矿业,0.0,0.0,0.0,0.0,13.42,None,None,0.0,0,0.0,5357774563.9,5357774563.9
2015-09-28,'600882,华联矿业,0.0,0.0,0.0,0.0,13.42,None,None,0.0,0,0.0,5357774563.9,5357774563.9
2015-09-25,'600882,华联矿业,0.0,0.0,0.0,0.0,13.42,None,None,0.0,0,0.0,5357774563.9,5357774563.9
2015-09-24,'600882,华联矿业,0.0,0.0,0.0,0.0,13.42,None,None,0.0,0,0.0,5357774563.9,5357774563.9
2015-09-23,'600882,华联矿业,0.0,0.0,0.0,0.0,13.42,None,None,0.0,0,0.0,5357774563.9,5357774563.9
2015-09-22,'600882,华联矿业,0.0,0.0,0.0,0.0,13.42,None,None,0.0,0,0.0,5357774563.9,5357774563.9
2015-09-21,'600882,华联矿业,0.0,0.0,0.0,0.0,13.42,None,None,0.0,0,0.0,5357774563.9,5357774563.9
2015-09-18,'600882,华联矿业,0.0,0.0,0.0,0.0,13.42,None,None,0.0,0,0.0,5357774563.9,5357774563.9
2015-09-17,'600882,华联矿业,0.0,0.0,0.0,0.0,13.42,None,None,0.0,0,0.0,5357774563.9,5357774563.9
2015-09-16,'600882,华联矿业,0.0,0.0,0.0,0.0,13.42,None,None,0.0,0,0.0,5357774563.9,5357774563.9
2015-09-15,'600882,华联矿业,0.0,0.0,0.0,0.0,13.42,None,None,0.0,0,0.0,5357774563.9,5357774563.9
2015-09-14,'600882,华联矿业,0.0,0.0,0.0,0.0,13.42,None,None,0.0,0,0.0,5357774563.9,5357774563.9
2015-09-11,'600882,华联矿业,0.0,0.0,0.0,0.0,13.42,None,None,0.0,0,0.0,5357774563.9,5357774563.9
2015-09-10,'600882,华联矿业,0.0,0.0,0.0,0.0,13.42,None,None,0.0,0,0.0,5357774563.9,5357774563.9
2015-09-09,'600882,华联矿业,0.0,0.0,0.0,0.0,13.42,None,None,0.0,0,0.0,5357774563.9,5357774563.9
2015-09-08,'600882,华联矿业,0.0,0.0,0.0,0.0,13.42,None,None,0.0,0,0.0,5357774563.9,5357774563.9
2015-09-07,'600882,华联矿业,0.0,0.0,0.0,0.0,13.42,None,None,0.0,0,0.0,5357774563.9,5357774563.9
2015-09-02,'600882,华联矿业,0.0,0.0,0.0,0.0,13.42,None,None,0.0,0,0.0,5357774563.9,5357774563.9
2015-09-01,'600882,华联矿业,0.0,0.0,0.0,0.0,13.42,None,None,0.0,0,0.0,5357774563.9,5357774563.9
2015-08-31,'600882,华联矿业,0.0,0.0,0.0,0.0,13.42,None,None,0.0,0,0.0,5357774563.9,5357774563.9
2015-08-28,'600882,华联矿业,0.0,0.0,0.0,0.0,13.42,None,None,0.0,0,0.0,5357774563.9,5357774563.9
2015-08-27,'600882,华联矿业,0.0,0.0,0.0,0.0,13.42,None,None,0.0,0,0.0,5357774563.9,5357774563.9
2015-08-26,'600882,华联矿业,0.0,0.0,0.0,0.0,13.42,None,None,0.0,0,0.0,5357774563.9,5357774563.9
2015-08-25,'600882,华联矿业,0.0,0.0,0.0,0.0,13.42,None,None,0.0,0,0.0,5357774563.9,5357774563.9
2015-08-24,'600882,华联矿业,0.0,0.0,0.0,0.0,13.42,None,None,0.0,0,0.0,5357774563.9,5357774563.9
2015-08-21,'600882,华联矿业,0.0,0.0,0.0,0.0,13.42,None,None,0.0,0,0.0,5357774563.9,5357774563.9
2015-08-20,'600882,华联矿业,0.0,0.0,0.0,0.0,13.42,None,None,0.0,0,0.0,5357774563.9,5357774563.9
2015-08-19,'600882,华联矿业,0.0,0.0,0.0,0.0,13.42,None,None,0.0,0,0.0,5357774563.9,5357774563.9
2015-08-18,'600882,华联矿业,0.0,0.0,0.0,0.0,13.42,None,None,0.0,0,0.0,5357774563.9,5357774563.9
2015-08-17,'600882,华联矿业,0.0,0.0,0.0,0.0,13.42,None,None,0.0,0,0.0,5357774563.9,5357774563.9
2015-08-14,'600882,华联矿业,0.0,0.0,0.0,0.0,13.42,None,None,0.0,0,0.0,5357774563.9,3785765882.58
2015-08-13,'600882,华联矿业,0.0,0.0,0.0,0.0,13.42,None,None,0.0,0,0.0,5357774563.9,3785765882.58
2015-08-12,'600882,华联矿业,0.0,0.0,0.0,0.0,13.42,None,None,0.0,0,0.0,5357774563.9,3785765882.58
2015-08-11,'600882,华联矿业,0.0,0.0,0.0,0.0,13.42,None,None,0.0,0,0.0,5357774563.9,3785765882.58
2015-08-10,'600882,华联矿业,0.0,0.0,0.0,0.0,13.42,None,None,0.0,0,0.0,5357774563.9,3785765882.58
2015-08-07,'600882,华联矿业,0.0,0.0,0.0,0.0,13.42,None,None,0.0,0,0.0,5357774563.9,3785765882.58
2015-08-06,'600882,华联矿业,0.0,0.0,0.0,0.0,13.42,None,None,0.0,0,0.0,5357774563.9,3785765882.58
2015-08-05,'600882,华联矿业,0.0,0.0,0.0,0.0,13.42,None,None,0.0,0,0.0,5357774563.9,3785765882.58
2015-08-04,'600882,华联矿业,0.0,0.0,0.0,0.0,13.42,None,None,0.0,0,0.0,5357774563.9,3785765882.58
2015-08-03,'600882,华联矿业,0.0,0.0,0.0,0.0,13.42,None,None,0.0,0,0.0,5357774563.9,3785765882.58
2015-07-31,'600882,华联矿业,0.0,0.0,0.0,0.0,13.42,None,None,0.0,0,0.0,5357774563.9,3785765882.58
2015-07-30,'600882,华联矿业,0.0,0.0,0.0,0.0,13.42,None,None,0.0,0,0.0,5357774563.9,3785765882.58
2015-07-29,'600882,华联矿业,0.0,0.0,0.0,0.0,13.42,None,None,0.0,0,0.0,5357774563.9,3785765882.58
2015-07-28,'600882,华联矿业,0.0,0.0,0.0,0.0,13.42,None,None,0.0,0,0.0,5357774563.9,3785765882.58
2015-07-27,'600882,华联矿业,0.0,0.0,0.0,0.0,13.42,None,None,0.0,0,0.0,5357774563.9,3785765882.58
2015-07-24,'600882,华联矿业,0.0,0.0,0.0,0.0,13.42,None,None,0.0,0,0.0,5357774563.9,3785765882.58
2015-07-23,'600882,华联矿业,0.0,0.0,0.0,0.0,13.42,None,None,0.0,0,0.0,5357774563.9,3785765882.58
2015-07-22,'600882,华联矿业,0.0,0.0,0.0,0.0,13.42,None,None,0.0,0,0.0,5357774563.9,3785765882.58
2015-07-21,'600882,华联矿业,0.0,0.0,0.0,0.0,13.42,None,None,0.0,0,0.0,5357774563.9,3785765882.58
2015-07-20,'600882,华联矿业,0.0,0.0,0.0,0.0,13.42,None,None,0.0,0,0.0,5357774563.9,3785765882.58
2015-07-17,'600882,华联矿业,0.0,0.0,0.0,0.0,13.42,None,None,0.0,0,0.0,5357774563.9,3785765882.58
2015-07-16,'600882,华联矿业,0.0,0.0,0.0,0.0,13.42,None,None,0.0,0,0.0,5357774563.9,3785765882.58
2015-07-15,'600882,华联矿业,0.0,0.0,0.0,0.0,13.42,None,None,0.0,0,0.0,5357774563.9,3785765882.58
2015-07-14,'600882,华联矿业,0.0,0.0,0.0,0.0,13.42,None,None,0.0,0,0.0,5357774563.9,3785765882.58
2015-07-13,'600882,华联矿业,0.0,0.0,0.0,0.0,13.42,None,None,0.0,0,0.0,5357774563.9,3785765882.58
2015-07-10,'600882,华联矿业,0.0,0.0,0.0,0.0,13.42,None,None,0.0,0,0.0,5357774563.9,3785765882.58
2015-07-09,'600882,华联矿业,0.0,0.0,0.0,0.0,13.42,None,None,0.0,0,0.0,5357774563.9,3785765882.58
2015-07-08,'600882,华联矿业,0.0,0.0,0.0,0.0,13.42,None,None,0.0,0,0.0,5357774563.9,3785765882.58
2015-07-07,'600882,华联矿业,0.0,0.0,0.0,0.0,13.42,None,None,0.0,0,0.0,5357774563.9,3785765882.58
2015-07-06,'600882,华联矿业,0.0,0.0,0.0,0.0,13.42,None,None,0.0,0,0.0,5357774563.9,3785765882.58
2015-07-03,'600882,华联矿业,0.0,0.0,0.0,0.0,13.42,None,None,0.0,0,0.0,5357774563.9,3785765882.58
2015-07-02,'600882,华联矿业,0.0,0.0,0.0,0.0,13.42,None,None,0.0,0,0.0,5357774563.9,3785765882.58
2015-07-01,'600882,华联矿业,0.0,0.0,0.0,0.0,13.42,None,None,0.0,0,0.0,5357774563.9,3785765882.58
2015-06-30,'600882,华联矿业,0.0,0.0,0.0,0.0,13.42,None,None,0.0,0,0.0,5357774563.9,3785765882.58
2015-06-29,'600882,华联矿业,0.0,0.0,0.0,0.0,13.42,None,None,0.0,0,0.0,5357774563.9,3785765882.58
2015-06-26,'600882,华联矿业,0.0,0.0,0.0,0.0,13.42,None,None,0.0,0,0.0,5357774563.9,3785765882.58
2015-06-25,'600882,华联矿业,0.0,0.0,0.0,0.0,13.42,None,None,0.0,0,0.0,5357774563.9,3785765882.58
2015-06-24,'600882,华联矿业,0.0,0.0,0.0,0.0,13.42,None,None,0.0,0,0.0,5357774563.9,3785765882.58
2015-06-23,'600882,华联矿业,0.0,0.0,0.0,0.0,13.42,None,None,0.0,0,0.0,5357774563.9,3785765882.58
2015-06-19,'600882,华联矿业,0.0,0.0,0.0,0.0,13.42,None,None,0.0,0,0.0,5357774563.9,3785765882.58
2015-06-18,'600882,华联矿业,0.0,0.0,0.0,0.0,13.42,None,None,0.0,0,0.0,5357774563.9,3785765882.58
2015-06-17,'600882,华联矿业,0.0,0.0,0.0,0.0,13.42,None,None,0.0,0,0.0,5357774563.9,3785765882.58
2015-06-16,'600882,华联矿业,0.0,0.0,0.0,0.0,13.42,None,None,0.0,0,0.0,5357774563.9,3785765882.58
2015-06-15,'600882,华联矿业,0.0,0.0,0.0,0.0,13.42,None,None,0.0,0,0.0,5357774563.9,3785765882.58
2015-06-12,'600882,华联矿业,0.0,0.0,0.0,0.0,13.42,None,None,0.0,0,0.0,5357774563.9,3785765882.58
2015-06-11,'600882,华联矿业,0.0,0.0,0.0,0.0,13.42,None,None,0.0,0,0.0,5357774563.9,3785765882.58
2015-06-10,'600882,华联矿业,0.0,0.0,0.0,0.0,13.42,None,None,0.0,0,0.0,5357774563.9,3785765882.58
2015-06-09,'600882,华联矿业,0.0,0.0,0.0,0.0,13.42,None,None,0.0,0,0.0,5357774563.9,3785765882.58
2015-06-08,'600882,华联矿业,0.0,0.0,0.0,0.0,13.42,None,None,0.0,0,0.0,5357774563.9,3785765882.58
2015-06-05,'600882,华联矿业,0.0,0.0,0.0,0.0,13.42,None,None,0.0,0,0.0,5357774563.9,3785765882.58
2015-06-04,'600882,华联矿业,0.0,0.0,0.0,0.0,13.42,None,None,0.0,0,0.0,5357774563.9,3785765882.58
2015-06-03,'600882,华联矿业,0.0,0.0,0.0,0.0,13.42,None,None,0.0,0,0.0,5357774563.9,3785765882.58
2015-06-02,'600882,华联矿业,0.0,0.0,0.0,0.0,13.42,None,None,0.0,0,0.0,5357774563.9,3785765882.58
2015-06-01,'600882,华联矿业,0.0,0.0,0.0,0.0,13.42,None,None,0.0,0,0.0,5357774563.9,3785765882.58
2015-05-29,'600882,华联矿业,0.0,0.0,0.0,0.0,13.42,None,None,0.0,0,0.0,5357774563.9,3785765882.58
2015-05-28,'600882,华联矿业,0.0,0.0,0.0,0.0,13.42,None,None,0.0,0,0.0,5357774563.9,3785765882.58
2015-05-27,'600882,华联矿业,0.0,0.0,0.0,0.0,13.42,None,None,0.0,0,0.0,5357774563.9,3785765882.58
2015-05-26,'600882,华联矿业,0.0,0.0,0.0,0.0,13.42,None,None,0.0,0,0.0,5357774563.9,3785765882.58
2015-05-25,'600882,华联矿业,0.0,0.0,0.0,0.0,13.42,None,None,0.0,0,0.0,5357774563.9,3785765882.58
2015-05-22,'600882,华联矿业,0.0,0.0,0.0,0.0,13.42,None,None,0.0,0,0.0,5357774563.9,3785765882.58
2015-05-21,'600882,华联矿业,0.0,0.0,0.0,0.0,13.42,None,None,0.0,0,0.0,5357774563.9,3785765882.58
2015-05-20,'600882,华联矿业,0.0,0.0,0.0,0.0,13.42,None,None,0.0,0,0.0,5357774563.9,3785765882.58
2015-05-19,'600882,华联矿业,0.0,0.0,0.0,0.0,13.42,None,None,0.0,0,0.0,5357774563.9,3785765882.58
2015-05-18,'600882,华联矿业,13.42,13.62,12.6,13.2,12.38,1.04,8.4006,16.7658,47296075,620456252.0,5357774563.9,3785765882.58
2015-05-15,'600882,华联矿业,12.38,12.38,11.23,11.3,11.25,1.13,10.0444,10.3218,29117549,344513693.0,4942566997.1,3492383131.62
2015-05-14,'600882,华联矿业,11.25,11.45,11.08,11.17,11.17,0.08,0.7162,4.3638,12310182,138535409.0,4491428006.25,3173611488.75
2015-05-13,'600882,华联矿业,11.17,11.28,10.95,11.2,11.33,-0.16,-1.4122,5.3494,15090474,167792952.0,4459488962.65,3151043584.83
2015-05-12,'600882,华联矿业,11.33,11.47,10.71,10.79,10.79,0.54,5.0046,7.2323,20402337,227558704.0,4523367049.85,3196179392.67
2015-05-11,'600882,华联矿业,10.79,10.8,10.51,10.63,10.51,0.28,2.6641,2.9214,8241372,88040134.0,4307778505.55,3043846041.21
2015-05-08,'600882,华联矿业,10.51,10.53,10.31,10.47,10.41,0.1,0.9606,2.4582,6934611,72352549.0,4195991852.95,2964858377.49
2015-05-07,'600882,华联矿业,10.41,10.49,10.02,10.15,10.21,0.2,1.9589,4.2872,12094043,124171641.0,4156068048.45,2936648497.59
2015-05-06,'600882,华联矿业,10.21,10.69,10.09,10.55,10.53,-0.32,-3.0389,3.911,11032887,115821591.0,4076220439.45,2880228737.79
2015-05-05,'600882,华联矿业,10.53,11.15,10.42,10.97,11.05,-0.52,-4.7059,3.9733,11208665,120708413.0,4203976613.85,2970500353.47
2015-05-04,'600882,华联矿业,11.05,11.08,10.77,11.01,11.1,-0.05,-0.4505,3.0574,8625010,94647599.0,4411580397.25,3117191728.95
2015-04-30,'600882,华联矿业,11.1,11.31,11.07,11.31,11.39,-0.29,-2.5461,4.9714,14024193,156541817.0,4431542299.5,3131296668.9
2015-04-29,'600882,华联矿业,11.39,11.57,10.8,10.83,10.96,0.43,3.9234,6.7028,18908619,213944999.0,4547321332.55,3213105320.61
2015-04-28,'600882,华联矿业,10.96,11.32,10.8,11.21,11.21,-0.25,-2.2302,5.6253,15868844,176030098.0,4375648973.2,3091802837.04
2015-04-27,'600882,华联矿业,11.21,11.39,11.07,11.38,11.02,0.19,1.7241,6.5258,18409212,206630208.0,4475458484.45,3162327536.79
2015-04-24,'600882,华联矿业,11.02,11.23,10.81,11.1,11.31,-0.29,-2.5641,6.2431,17611742,194264993.0,4399603255.9,3108728764.98
2015-04-23,'600882,华联矿业,11.31,11.5,11.18,11.23,11.21,0.1,0.8921,7.3024,20599856,233141365.0,4515382288.95,3190537416.69
2015-04-22,'600882,华联矿业,11.21,11.27,10.85,10.87,10.86,0.35,3.2228,6.2323,17581240,195001606.0,4475458484.45,3162327536.79
2015-04-21,'600882,华联矿业,10.86,10.88,10.45,10.5,10.5,0.36,3.4286,4.4002,12412881,132509267.0,4335725168.7,3063592957.14
2015-04-20,'600882,华联矿业,10.5,11.03,10.48,10.92,10.86,-0.36,-3.3149,5.7128,16115638,173972999.0,4191999472.5,2962037389.5
2015-04-17,'600882,华联矿业,10.86,11.03,10.7,10.81,10.71,0.15,1.4006,4.8874,13787354,149615364.0,4335725168.7,3063592957.14
2015-04-16,'600882,华联矿业,10.71,10.93,10.51,10.68,10.81,-0.1,-0.9251,4.1131,11602945,124580806.0,4275839461.95,3021278137.29
2015-04-15,'600882,华联矿业,10.81,11.39,10.77,11.11,11.1,-0.29,-2.6126,5.0693,14300469,158186338.0,4315763266.45,3049488017.19
2015-04-14,'600882,华联矿业,11.1,11.19,10.91,11.17,11.23,-0.13,-1.1576,6.3586,17937552,198247336.0,4431542299.5,3131296668.9
2015-04-13,'600882,华联矿业,11.23,11.34,11.06,11.25,11.25,-0.02,-0.1778,6.0165,16972519,190037937.0,4483443245.35,3167969512.77
2015-04-10,'600882,华联矿业,11.25,11.35,10.8,11.0,11.13,0.12,1.0782,7.4096,20902484,231907278.0,4491428006.25,3173611488.75
2015-04-09,'600882,华联矿业,11.13,11.8,10.9,11.79,11.46,-0.33,-2.8796,12.9808,36618609,416966510.0,4443519440.85,3139759632.87
2015-04-08,'600882,华联矿业,11.46,11.95,11.06,11.75,11.54,-0.08,-0.6932,8.8479,24959903,288172723.0,4575267995.7,3232852236.54
2015-04-07,'600882,华联矿业,11.54,11.97,10.8,10.85,10.91,0.63,5.7745,8.5254,24049957,273446227.0,4607207039.3,3255420140.46
2015-04-03,'600882,华联矿业,10.91,11.0,10.15,10.2,10.34,0.57,5.5126,7.1736,20236615,214509103.0,4355687070.95,3077697897.09
2015-04-02,'600882,华联矿业,10.34,10.44,9.82,9.89,9.95,0.39,3.9196,8.8625,25000983,252472538.0,4128121385.3,2916901581.66
2015-04-01,'600882,华联矿业,9.95,10.01,9.45,9.6,9.59,0.36,3.7539,7.4668,21063702,203985479.0,3972418547.75,2806883050.05
2015-03-31,'600882,华联矿业,9.59,9.74,9.5,9.51,9.55,0.04,0.4188,5.7734,16286687,156607703.0,3828692851.55,2705327482.41
2015-03-30,'600882,华联矿业,9.55,9.8,9.21,9.66,9.74,-0.19,-1.9507,9.427,26593326,252305607.0,3812723329.75,2694043530.45
2015-03-27,'600882,华联矿业,0.0,0.0,0.0,0.0,9.74,None,None,0.0,0,0.0,3888578558.3,2747642302.26
2015-03-26,'600882,华联矿业,0.0,0.0,0.0,0.0,9.74,None,None,0.0,0,0.0,3888578558.3,2747642302.26
2015-03-25,'600882,华联矿业,0.0,0.0,0.0,0.0,9.74,None,None,0.0,0,0.0,3888578558.3,2747642302.26
2015-03-24,'600882,华联矿业,0.0,0.0,0.0,0.0,9.74,None,None,0.0,0,0.0,3888578558.3,2747642302.26
2015-03-23,'600882,华联矿业,0.0,0.0,0.0,0.0,9.74,None,None,0.0,0,0.0,3888578558.3,2747642302.26
2015-03-20,'600882,华联矿业,0.0,0.0,0.0,0.0,9.74,None,None,0.0,0,0.0,3888578558.3,2747642302.26
2015-03-19,'600882,华联矿业,0.0,0.0,0.0,0.0,9.74,None,None,0.0,0,0.0,3888578558.3,2747642302.26
2015-03-18,'600882,华联矿业,9.74,9.84,9.57,9.65,9.65,0.09,0.9326,4.233,11941348,115949408.0,3888578558.3,2747642302.26
2015-03-17,'600882,华联矿业,9.65,9.89,9.49,9.67,9.67,-0.02,-0.2068,4.8258,13613472,131978085.0,3852647134.25,2722253410.35
2015-03-16,'600882,华联矿业,9.67,9.72,9.5,9.7,9.67,0.0,0.0,5.588,15763616,151748962.0,3860631895.15,2727895386.33
2015-03-13,'600882,华联矿业,9.67,9.8,9.26,9.29,9.28,0.39,4.2026,5.5526,15663756,150526050.0,3860631895.15,2727895386.33
2015-03-12,'600882,华联矿业,9.28,9.5,9.15,9.16,9.19,0.09,0.9793,4.2769,12064990,112894796.0,3704929057.6,2617876854.72
2015-03-11,'600882,华联矿业,9.19,9.29,9.0,9.24,9.24,-0.05,-0.5411,2.6857,7576313,69468915.0,3668997633.55,2592487962.81
2015-03-10,'600882,华联矿业,9.24,9.34,9.03,9.06,9.06,0.18,1.9868,3.7347,10535581,96957360.0,3688959535.8,2606592902.76
2015-03-09,'600882,华联矿业,9.06,9.25,8.88,9.0,9.1,-0.04,-0.4396,3.5301,9958343,90555181.0,3617096687.7,2555815118.94
2015-03-06,'600882,华联矿业,9.1,9.42,8.99,9.26,9.26,-0.16,-1.7279,3.8237,10786653,98692218.0,3633066209.5,2567099070.9
2015-03-05,'600882,华联矿业,9.26,9.5,8.92,8.92,9.0,0.26,2.8889,6.3059,17788931,164802905.0,3696944296.7,2612234878.74
2015-03-04,'600882,华联矿业,9.0,9.0,8.82,8.88,8.91,0.09,1.0101,3.5903,10128230,90358575.0,3593142405.0,2538889191.0
2015-03-03,'600882,华联矿业,8.91,9.12,8.75,8.95,8.95,-0.04,-0.4469,5.557,15676164,139546228.0,3557210980.95,2513500299.09
2015-03-02,'600882,华联矿业,8.95,9.01,8.62,8.71,8.68,0.27,3.1106,6.9048,19478422,172174033.0,3573180502.75,2524784251.05
2015-02-27,'600882,华联矿业,8.68,8.81,8.46,8.46,8.41,0.27,3.2105,7.7195,21776477,188442164.0,3465386230.6,2448617575.32
2015-02-26,'600882,华联矿业,8.41,8.42,8.26,8.27,8.27,0.14,1.6929,2.0782,5862636,49044579.0,3357591958.45,2372450899.59
2015-02-25,'600882,华联矿业,8.27,8.38,8.25,8.36,8.31,-0.04,-0.4813,1.4586,4114636,34245343.0,3301698632.15,2332957067.73
2015-02-17,'600882,华联矿业,8.31,8.38,8.24,8.34,8.33,-0.02,-0.2401,1.4487,4086819,33978207.0,3317668153.95,2344241019.69
2015-02-16,'600882,华联矿业,8.33,8.37,8.22,8.22,8.22,0.11,1.3382,1.534,4327390,35962422.0,3325652914.85,2349882995.67
2015-02-13,'600882,华联矿业,8.22,8.32,8.09,8.09,8.07,0.15,1.8587,2.2248,6276141,51650127.0,3281736729.9,2318852127.78
2015-02-12,'600882,华联矿业,8.07,8.15,7.97,7.98,7.97,0.1,1.2547,1.1904,3358240,27020797.0,3221851023.15,2276537307.93
2015-02-11,'600882,华联矿业,7.97,8.04,7.96,8.04,8.0,-0.03,-0.375,0.7763,2189972,17487764.0,3181927218.65,2248327428.03
2015-02-10,'600882,华联矿业,8.0,8.02,7.87,7.91,7.97,0.03,0.3764,0.7711,2175241,17363241.0,3193904360.0,2256790392.0
2015-02-09,'600882,华联矿业,7.97,7.98,7.87,7.88,7.88,0.09,1.1421,0.8776,2475820,19610837.0,3181927218.65,2248327428.03
2015-02-06,'600882,华联矿业,7.88,8.04,7.84,8.0,8.02,-0.14,-1.7456,1.5535,4382433,34733686.0,3145995794.6,2222938536.12
2015-02-05,'600882,华联矿业,8.02,8.26,7.97,8.26,8.18,-0.16,-1.956,2.1817,6154525,50062395.0,3201889120.9,2262432367.98
2015-02-04,'600882,华联矿业,8.18,8.39,8.14,8.32,8.33,-0.15,-1.8007,2.7495,7756441,63974814.0,3265767208.1,2307568175.82
