2016-02-04,'600958,东方证券,18.54,18.88,18.36,18.86,18.51,0.03,0.1621,3.8528,38527792,717580535.0,97923513755.3,18540000000.0
2016-02-03,'600958,东方证券,18.51,18.69,18.03,18.55,19.09,-0.58,-3.0382,3.6093,36093260,664615129.0,97765061467.7,18510000000.0
2016-02-02,'600958,东方证券,19.09,19.28,18.39,18.44,18.72,0.37,1.9765,5.5327,55326933,1041424466.0,1.00828472362e+11,19090000000.0
2016-02-01,'600958,东方证券,18.72,18.99,18.2,18.5,18.18,0.54,2.9703,6.3118,63117551,1177561732.0,98874227481.1,18720000000.0
2016-01-29,'600958,东方证券,18.18,18.18,16.71,16.8,16.53,1.65,9.9819,3.8183,38183481,681855599.0,96022086303.8,18180000000.0
2016-01-28,'600958,东方证券,16.53,17.68,16.08,16.08,16.07,0.46,2.8625,3.5466,35465954,597872577.0,87307210484.1,16530000000.0
2016-01-27,'600958,东方证券,16.07,16.69,15.62,16.49,16.43,-0.36,-2.1911,2.2464,22464257,364044389.0,84877608740.5,16070000000.0
2016-01-26,'600958,东方证券,16.43,18.13,16.43,18.0,18.26,-1.83,-10.0219,2.016,20159952,351007881.0,86779036192.0,16430000000.0
2016-01-25,'600958,东方证券,18.26,18.49,18.1,18.37,18.17,0.09,0.4953,1.0852,10851822,198727309.0,96444625737.5,18260000000.0
2016-01-22,'600958,东方证券,18.17,18.33,17.75,18.11,17.9,0.27,1.5084,1.4689,14688999,265265748.0,95969268874.6,18170000000.0
2016-01-21,'600958,东方证券,17.9,18.93,17.86,18.41,18.71,-0.81,-4.3292,1.8862,18861587,347237552.0,94543198285.9,17900000000.0
2016-01-20,'600958,东方证券,18.71,19.18,18.62,18.8,18.93,-0.22,-1.1622,2.1047,21047071,396825260.0,98821410051.9,18710000000.0
2016-01-19,'600958,东方证券,18.93,18.99,18.16,18.16,18.19,0.74,4.0682,2.8976,28976051,541861962.0,99983393494.5,18930000000.0
2016-01-18,'600958,东方证券,18.19,18.53,17.8,17.9,18.26,-0.07,-0.3834,1.954,19540369,356763194.0,96074903733.0,18190000000.0
2016-01-15,'600958,东方证券,18.26,19.05,18.18,18.94,19.07,-0.81,-4.2475,2.2526,22526390,418614144.0,96444625737.5,18260000000.0
2016-01-14,'600958,东方证券,19.07,19.1,17.81,17.96,18.5,0.57,3.0811,2.222,22219677,416041368.0,1.00722837503e+11,19070000000.0
2016-01-13,'600958,东方证券,18.5,19.2,18.43,18.99,18.68,-0.18,-0.9636,2.8132,28131777,530843388.0,97712244038.5,18500000000.0
2016-01-12,'600958,东方证券,18.68,19.1,18.35,18.48,18.23,0.45,2.4685,2.7199,27198714,510913997.0,98662957764.3,18680000000.0
2016-01-11,'600958,东方证券,18.23,19.38,18.12,18.96,19.54,-1.31,-6.7042,3.262,32619922,614108119.0,96286173449.8,18230000000.0
2016-01-08,'600958,东方证券,19.54,20.5,18.03,19.5,18.86,0.68,3.6055,4.0776,40775544,797497489.0,1.03205256676e+11,19540000000.0
2016-01-07,'600958,东方证券,18.86,20.58,18.81,20.51,20.9,-2.04,-9.7608,0.5948,5948019,117318113.0,99613671490.1,18860000000.0
2016-01-06,'600958,东方证券,20.9,21.0,20.2,20.6,20.59,0.31,1.5056,2.7562,27561873,569643137.0,1.10388427049e+11,20900000000.0
2016-01-05,'600958,东方证券,20.59,21.38,19.51,20.03,20.98,-0.39,-1.8589,3.3797,33797169,691588408.0,1.08751086743e+11,20590000000.0
2016-01-04,'600958,东方证券,20.98,23.19,20.97,23.17,23.29,-2.31,-9.9184,2.4292,24291712,535127201.0,1.10810966483e+11,20980000000.0
2015-12-31,'600958,东方证券,23.29,23.77,23.25,23.55,23.51,-0.22,-0.9358,1.8605,18604583,436853159.0,1.2301179263e+11,23290000000.0
2015-12-30,'600958,东方证券,23.51,23.95,23.21,23.8,23.76,-0.25,-1.0522,2.6422,26421606,622088011.0,1.24173776073e+11,23510000000.0
2015-12-29,'600958,东方证券,23.76,23.92,23.5,23.61,23.59,0.17,0.7206,2.1091,21090526,499807441.0,1.25494211803e+11,23760000000.0
2015-12-28,'600958,东方证券,23.59,24.86,23.5,24.77,24.42,-0.83,-3.3989,3.31,33100319,798193462.0,1.24596315506e+11,23590000000.0
2015-12-25,'600958,东方证券,24.42,24.56,24.03,24.1,24.19,0.23,0.9508,2.0494,20493576,498049662.0,1.28980162131e+11,24420000000.0
2015-12-24,'600958,东方证券,24.19,25.45,23.9,25.45,25.72,-1.53,-5.9487,5.3492,53491777,1311618965.0,1.27765361259e+11,24190000000.0
2015-12-23,'600958,东方证券,25.72,26.81,25.41,25.7,25.48,0.24,0.9419,7.7192,77191685,2012994604.0,1.35846427928e+11,25720000000.0
2015-12-22,'600958,东方证券,25.48,25.7,24.93,25.41,25.35,0.13,0.5128,3.1086,31085877,787605746.0,1.34578809627e+11,25480000000.0
2015-12-21,'600958,东方证券,25.35,26.01,25.06,25.3,25.04,0.31,1.238,4.3515,43515411,1109860393.0,1.33892183047e+11,25350000000.0
2015-12-18,'600958,东方证券,25.04,25.7,24.84,25.1,25.52,-0.48,-1.8809,4.1712,41711601,1047396824.0,1.32254842742e+11,25040000000.0
2015-12-17,'600958,东方证券,25.52,26.83,24.7,25.05,24.59,0.93,3.782,7.2619,72619275,1866183575.0,1.34790079344e+11,25520000000.0
2015-12-16,'600958,东方证券,24.59,25.35,24.41,24.72,24.67,-0.08,-0.3243,3.7501,37500615,931369833.0,1.29878058427e+11,24590000000.0
2015-12-15,'600958,东方证券,24.67,25.4,24.51,25.0,25.07,-0.4,-1.5955,6.6481,66480854,1653701912.0,1.30300597861e+11,24670000000.0
2015-12-14,'600958,东方证券,25.07,25.07,22.4,22.48,22.79,2.28,10.0044,7.8308,78308384,1883895873.0,1.32413295029e+11,25070000000.0
2015-12-11,'600958,东方证券,22.79,23.45,21.91,22.0,22.56,0.23,1.0195,3.5122,35121664,795119984.0,1.2037092117e+11,22790000000.0
2015-12-10,'600958,东方证券,22.56,23.89,22.38,22.56,22.32,0.24,1.0753,4.6116,46116157,1069355773.0,1.19156120298e+11,22560000000.0
2015-12-09,'600958,东方证券,22.32,22.79,21.91,22.06,22.08,0.24,1.087,2.3782,23782400,533720601.0,1.17888501997e+11,22320000000.0
2015-12-08,'600958,东方证券,22.08,22.8,22.0,22.29,22.56,-0.48,-2.1277,2.3018,23018202,515208737.0,1.16620883696e+11,22080000000.0
2015-12-07,'600958,东方证券,22.56,22.96,22.28,22.95,22.93,-0.37,-1.6136,2.0318,20317667,458092373.0,1.19156120298e+11,22560000000.0
2015-12-04,'600958,东方证券,22.93,23.48,22.82,23.13,23.62,-0.69,-2.9213,3.0161,30161339,695831826.0,1.21110365179e+11,22930000000.0
2015-12-03,'600958,东方证券,23.62,24.1,23.02,23.27,23.55,0.07,0.2972,4.6343,46343450,1094255766.0,1.24754767794e+11,23620000000.0
2015-12-02,'600958,东方证券,23.55,24.0,22.07,22.35,22.29,1.26,5.6528,6.2403,62403485,1436216544.0,1.2438504579e+11,23550000000.0
2015-12-01,'600958,东方证券,22.29,22.46,21.78,22.32,22.61,-0.32,-1.4153,3.049,30490291,674701077.0,1.17730049709e+11,22290000000.0
2015-11-30,'600958,东方证券,22.61,23.42,21.3,22.2,22.67,-0.06,-0.2647,5.1673,51673340,1151367995.0,1.19420207444e+11,22610000000.0
2015-11-27,'600958,东方证券,22.67,24.78,22.67,24.6,25.19,-2.52,-10.004,6.8075,68075359,1606230246.0,1.19737112019e+11,22670000000.0
2015-11-26,'600958,东方证券,25.19,26.49,25.1,25.91,25.49,-0.3,-1.1769,4.968,49680364,1285622653.0,1.3304710418e+11,25190000000.0
2015-11-25,'600958,东方证券,25.49,25.59,24.79,25.15,25.5,-0.01,-0.0392,4.3839,43838699,1102334381.0,1.34631627056e+11,25490000000.0
2015-11-24,'600958,东方证券,25.5,25.87,24.6,24.85,24.98,0.52,2.0817,3.9027,39026586,985806420.0,1.34684444486e+11,25500000000.0
2015-11-23,'600958,东方证券,24.98,26.0,24.81,25.19,25.19,-0.21,-0.8337,3.7274,37274225,945554691.0,1.31937938167e+11,24980000000.0
2015-11-20,'600958,东方证券,25.19,25.59,25.03,25.59,25.71,-0.52,-2.0226,3.4991,34991041,882477026.0,1.3304710418e+11,25190000000.0
2015-11-19,'600958,东方证券,25.71,25.76,24.81,25.23,25.23,0.48,1.9025,5.0804,50804029,1278518818.0,1.35793610499e+11,25710000000.0
2015-11-18,'600958,东方证券,25.23,27.25,24.61,26.7,27.19,-1.96,-7.2085,8.9939,89938926,2340952159.0,1.33258373897e+11,25230000000.0
2015-11-17,'600958,东方证券,27.19,28.92,26.53,26.72,26.29,0.9,3.4234,15.6006,156005683,4395289839.0,1.43610590022e+11,27190000000.0
2015-11-16,'600958,东方证券,26.29,26.43,25.5,25.9,26.7,-0.41,-1.5356,5.423,54229559,1409667035.0,1.38857021393e+11,26290000000.0
2015-11-13,'600958,东方证券,26.7,27.59,25.7,25.78,26.21,0.49,1.8695,8.254,82539685,2202731706.0,1.41022535991e+11,26700000000.0
2015-11-12,'600958,东方证券,26.21,27.3,25.81,26.9,27.0,-0.79,-2.9259,6.8407,68406794,1814253102.0,1.38434481959e+11,26210000000.0
2015-11-11,'600958,东方证券,27.0,27.96,25.31,25.85,26.51,0.49,1.8484,8.6425,86424939,2276816405.0,1.42607058867e+11,27000000000.0
2015-11-10,'600958,东方证券,26.51,28.05,25.21,25.45,25.99,0.52,2.0008,10.9044,109043816,2902685876.0,1.40019004836e+11,26510000000.0
2015-11-09,'600958,东方证券,25.99,28.05,25.7,26.4,26.0,-0.01,-0.0385,13.5801,135800947,3642716061.0,1.37272498517e+11,25990000000.0
2015-11-06,'600958,东方证券,26.0,26.0,22.92,23.4,23.64,2.36,9.9831,14.3692,143692174,3533124911.0,1.37325315946e+11,26000000000.0
2015-11-05,'600958,东方证券,23.64,23.64,22.55,22.6,21.49,2.15,10.0047,15.2055,152055195,3566537698.0,1.24860402652e+11,23640000000.0
2015-11-04,'600958,XD东方证,21.49,21.49,19.62,19.72,19.54,1.95,9.9795,6.3856,63855686,1346848040.0,1.13504655372e+11,21490000000.0
2015-11-03,'600958,东方证券,19.64,20.06,19.48,19.78,19.75,-0.11,-0.557,2.0585,20584853,406347175.0,1.03733430968e+11,19640000000.0
2015-11-02,'600958,东方证券,19.75,20.61,19.68,20.01,20.75,-1.0,-4.8193,3.0317,30316736,610401463.0,1.0431442269e+11,19750000000.0
2015-10-30,'600958,东方证券,20.75,21.5,19.91,20.35,20.29,0.46,2.2671,4.1396,41395669,860130092.0,1.09596165611e+11,20750000000.0
2015-10-29,'600958,东方证券,20.29,21.0,20.21,20.8,20.67,-0.38,-1.8384,2.1785,21785064,446373523.0,1.07166563867e+11,20290000000.0
2015-10-28,'600958,东方证券,20.67,21.78,20.6,20.96,21.18,-0.51,-2.4079,2.3922,23922117,505498941.0,1.09173626177e+11,20670000000.0
2015-10-27,'600958,东方证券,21.18,21.37,20.06,21.28,21.06,0.12,0.5698,2.9547,29546759,615024972.0,1.11867315067e+11,21180000000.0
2015-10-26,'600958,东方证券,21.06,22.16,21.0,21.26,20.57,0.49,2.3821,4.4262,44262140,951371336.0,1.11233505916e+11,21060000000.0
2015-10-23,'600958,东方证券,20.57,20.85,19.59,20.64,20.58,-0.01,-0.0486,4.0804,40804197,824348672.0,1.08645451885e+11,20570000000.0
2015-10-22,'600958,东方证券,20.58,20.74,19.7,20.2,20.53,0.05,0.2435,2.6918,26918464,545250339.0,1.08698269314e+11,20580000000.0
2015-10-21,'600958,东方证券,20.53,21.69,19.48,21.65,21.29,-0.76,-3.5698,5.328,53279991,1098353258.0,1.08434182168e+11,20530000000.0
2015-10-20,'600958,东方证券,21.29,21.34,19.97,20.18,20.32,0.97,4.7736,3.9307,39306771,814733248.0,1.12448306788e+11,21290000000.0
2015-10-19,'600958,东方证券,20.32,21.1,19.65,19.65,19.66,0.66,3.3571,4.813,48129607,985769957.0,1.07325016155e+11,20320000000.0
2015-10-16,'600958,东方证券,19.66,20.1,19.38,19.5,19.23,0.43,2.2361,4.1136,41136223,810023509.0,1.03839065827e+11,19660000000.0
2015-10-15,'600958,东方证券,19.23,19.25,18.6,18.6,18.63,0.6,3.2206,2.8628,28628260,544927687.0,1.01567916371e+11,19230000000.0
2015-10-14,'600958,东方证券,18.63,19.35,18.51,18.8,18.99,-0.36,-1.8957,2.7504,27504462,519881494.0,98398870618.2,18630000000.0
2015-10-13,'600958,东方证券,18.99,19.18,18.52,18.95,19.21,-0.22,-1.1452,2.5964,25964038,490248664.0,1.0030029807e+11,18990000000.0
2015-10-12,'600958,东方证券,19.21,19.65,17.87,18.0,18.14,1.07,5.8986,5.7209,57209381,1077692242.0,1.01462281512e+11,19210000000.0
2015-10-09,'600958,东方证券,18.14,18.48,16.82,16.92,16.85,1.29,7.6558,5.7314,57314036,1023041764.0,95810816586.9,18140000000.0
2015-10-08,'600958,东方证券,16.85,17.6,16.83,17.38,16.37,0.48,2.9322,3.1995,31995304,547238932.0,88997368218.9,16850000000.0
2015-09-30,'600958,东方证券,16.37,16.76,16.23,16.31,16.28,0.09,0.5528,1.6649,16649077,274903553.0,86462131616.8,16370000000.0
2015-09-29,'600958,东方证券,16.28,16.8,15.85,16.1,16.45,-0.17,-1.0334,1.5559,15558837,253280885.0,85986774753.9,16280000000.0
2015-09-28,'600958,东方证券,16.45,16.46,15.75,16.08,16.12,0.33,2.0471,1.1435,11435452,184501850.0,86884671050.4,16450000000.0
2015-09-25,'600958,东方证券,16.12,16.68,15.83,16.51,16.57,-0.45,-2.7158,1.5752,15751601,255065994.0,85141695886.5,16120000000.0
2015-09-24,'600958,东方证券,16.57,16.74,16.32,16.42,16.34,0.23,1.4076,1.5319,15319344,253133597.0,87518480201.0,16570000000.0
2015-09-23,'600958,东方证券,16.34,16.84,16.26,16.38,17.05,-0.71,-4.1642,2.1901,21901489,362182670.0,86303679329.1,16340000000.0
2015-09-22,'600958,东方证券,17.05,17.8,16.46,16.55,16.42,0.63,3.8368,4.1402,41402444,712811087.0,90053716803.1,17050000000.0
2015-09-21,'600958,东方证券,16.42,16.48,15.81,16.05,16.09,0.33,2.051,1.5765,15765203,255091209.0,86726218762.8,16420000000.0
2015-09-18,'600958,东方证券,16.09,16.39,15.96,16.25,16.08,0.01,0.0622,1.4219,14219382,229535955.0,84983243598.9,16090000000.0
2015-09-17,'600958,东方证券,16.08,16.96,16.02,16.54,16.87,-0.79,-4.6829,2.4079,24078852,399473825.0,84930426169.7,16080000000.0
2015-09-16,'600958,东方证券,16.87,17.04,15.5,15.5,15.57,1.3,8.3494,2.6882,26882355,435996946.0,89103003077.3,16870000000.0
2015-09-15,'600958,东方证券,15.57,16.16,14.92,15.71,16.4,-0.83,-5.061,2.2201,22200688,345620986.0,82236737280.0,15570000000.0
2015-09-14,'600958,东方证券,16.4,16.77,15.12,16.68,16.79,-0.39,-2.3228,5.3216,53216069,850893443.0,86620583904.4,16400000000.0
2015-09-11,'600958,东方证券,16.79,17.05,16.55,16.78,16.8,-0.01,-0.0595,1.9152,19152430,321814165.0,88680463643.6,16790000000.0
2015-09-10,'600958,东方证券,16.8,17.12,16.6,16.9,17.38,-0.58,-3.3372,2.9779,29779351,502704831.0,88733281072.8,16800000000.0
2015-09-09,'600958,东方证券,17.38,17.98,16.51,16.7,16.54,0.84,5.0786,5.1832,51832142,889288179.0,91796691967.0,17380000000.0
2015-09-08,'600958,东方证券,16.54,16.57,15.36,15.59,15.8,0.74,4.6835,2.6168,26168488,419312187.0,87360027913.3,16540000000.0
2015-09-07,'600958,东方证券,15.8,16.29,15.51,15.78,15.39,0.41,2.6641,2.5761,25761471,412280792.0,83451538151.8,15800000000.0
2015-09-02,'600958,东方证券,15.39,16.51,15.17,15.4,16.22,-0.83,-5.1171,3.3062,33062475,522101242.0,81286023554.2,15390000000.0
2015-09-01,'600958,东方证券,16.22,17.26,15.39,16.43,16.61,-0.39,-2.348,3.6993,36993024,606142687.0,85669870178.6,16220000000.0
2015-08-31,'600958,东方证券,16.61,17.5,16.4,17.5,17.76,-1.15,-6.4752,3.6989,36988693,623587118.0,87729749917.8,16610000000.0
2015-08-28,'600958,东方证券,17.76,17.8,16.52,17.01,16.75,1.01,6.0299,4.8182,48181842,821151989.0,93803754277.0,17760000000.0
2015-08-27,'600958,东方证券,16.75,16.84,15.55,16.1,15.59,1.16,7.4407,3.6437,36437383,587719151.0,88469193926.8,16750000000.0
2015-08-26,'600958,东方证券,15.59,17.0,14.88,16.41,16.12,-0.53,-3.2878,4.6324,46323831,751509888.0,82342372138.4,15590000000.0
2015-08-25,'600958,东方证券,16.12,17.1,16.12,16.38,17.91,-1.79,-9.9944,3.2735,32735334,537909277.0,85141695886.5,16120000000.0
2015-08-24,'600958,东方证券,17.91,19.13,17.91,19.11,19.9,-1.99,-10.0,3.5756,35756191,649164814.0,94596015715.1,17910000000.0
2015-08-21,'600958,东方证券,19.9,21.5,19.8,21.0,21.3,-1.4,-6.5728,2.8913,28912683,594587583.0,1.05106684128e+11,19900000000.0
2015-08-20,'600958,东方证券,21.3,22.18,21.25,22.17,22.29,-0.99,-4.4415,2.432,24319988,528521029.0,1.12501124217e+11,21300000000.0
2015-08-19,'600958,东方证券,22.29,22.49,21.0,21.5,22.09,0.2,0.9054,3.7445,37445234,817147793.0,1.17730049709e+11,22290000000.0
2015-08-18,'600958,东方证券,22.09,25.29,22.0,24.3,24.19,-2.1,-8.6813,5.8734,58733620,1416611416.0,1.16673701125e+11,22090000000.0
2015-08-17,'600958,东方证券,24.19,24.7,23.8,24.7,24.74,-0.55,-2.2231,2.9938,29937800,722711044.0,1.27765361259e+11,24190000000.0
2015-08-14,'600958,东方证券,24.74,24.99,24.39,24.5,24.39,0.35,1.435,4.298,42980338,1061136880.0,1.30670319866e+11,24740000000.0
2015-08-13,'600958,东方证券,24.39,24.56,23.68,24.18,24.24,0.15,0.6188,2.9595,29595187,714700308.0,1.28821709843e+11,24390000000.0
2015-08-12,'600958,东方证券,24.24,24.98,23.87,23.97,24.36,-0.12,-0.4926,3.4266,34265713,836792227.0,1.28029448405e+11,24240000000.0
2015-08-11,'600958,东方证券,24.36,24.96,24.26,24.48,24.8,-0.44,-1.7742,4.1306,41306345,1015353604.0,1.28663257556e+11,24360000000.0
2015-08-10,'600958,东方证券,24.8,25.33,23.18,23.48,23.37,1.43,6.119,6.2625,62625050,1526161443.0,1.30987224441e+11,24800000000.0
2015-08-07,'600958,东方证券,23.37,23.7,23.1,23.2,23.0,0.37,1.6087,2.3123,23122531,541498208.0,1.23434332064e+11,23370000000.0
2015-08-06,'600958,东方证券,23.0,23.62,22.97,23.12,23.8,-0.8,-3.3613,2.0413,20413374,474232502.0,1.21480087183e+11,23000000000.0
2015-08-05,'600958,东方证券,23.8,24.58,23.7,24.41,24.6,-0.8,-3.252,2.5342,25342208,611547649.0,1.2570548152e+11,23800000000.0
2015-08-04,'600958,东方证券,24.6,24.8,23.72,24.18,24.17,0.43,1.7791,3.4112,34112018,831361436.0,1.29930875857e+11,24600000000.0
2015-08-03,'600958,东方证券,24.17,24.19,23.18,23.18,23.98,0.19,0.7923,3.1139,31139023,740554746.0,1.27659726401e+11,24170000000.0
2015-07-31,'600958,东方证券,23.98,24.14,23.21,23.25,23.69,0.29,1.2241,3.4468,34468463,818424902.0,1.26656195246e+11,23980000000.0
2015-07-30,'600958,东方证券,23.69,25.48,23.5,24.8,25.09,-1.4,-5.5799,4.0779,40778567,1002755341.0,1.25124489798e+11,23690000000.0
2015-07-29,'600958,东方证券,25.09,25.27,24.26,25.11,25.38,-0.29,-1.1426,6.7591,67591165,1669050968.0,1.32518929888e+11,25090000000.0
2015-07-28,'600958,东方证券,25.38,25.56,20.98,22.41,23.24,2.14,9.2083,12.8227,128226703,3064151144.0,1.34050635335e+11,25380000000.0
2015-07-27,'600958,东方证券,23.24,25.34,23.24,25.0,25.82,-2.58,-9.9923,5.684,56839874,1390375326.0,1.22747705484e+11,23240000000.0
2015-07-24,'600958,东方证券,25.82,27.2,25.71,26.76,26.61,-0.79,-2.9688,6.7302,67301836,1792346236.0,1.3637460222e+11,25820000000.0
2015-07-23,'600958,东方证券,26.61,26.7,25.51,25.51,25.49,1.12,4.3939,6.2219,62219192,1635624884.0,1.40547179128e+11,26610000000.0
2015-07-22,'600958,东方证券,25.49,26.16,25.14,25.69,25.98,-0.49,-1.8861,4.126,41259915,1057518896.0,1.34631627056e+11,25490000000.0
2015-07-21,'600958,东方证券,25.98,26.79,25.06,25.4,25.94,0.04,0.1542,5.8369,58369105,1516173830.0,1.37219681088e+11,25980000000.0
2015-07-20,'600958,东方证券,25.94,26.87,25.63,26.4,26.65,-0.71,-2.6642,5.5067,55067449,1440051891.0,1.37008411371e+11,25940000000.0
2015-07-17,'600958,东方证券,26.65,27.15,25.33,25.6,25.33,1.32,5.2112,5.0626,50626094,1324528500.0,1.40758448845e+11,26650000000.0
2015-07-16,'600958,东方证券,25.33,25.88,24.01,24.86,24.86,0.47,1.8906,5.0794,50793846,1276897150.0,1.33786548189e+11,25330000000.0
2015-07-15,'600958,东方证券,24.86,27.28,24.2,26.12,26.82,-1.96,-7.308,7.4652,74652122,1907168258.0,1.31304129016e+11,24860000000.0
2015-07-14,'600958,东方证券,26.82,28.29,26.5,27.98,28.32,-1.5,-5.2966,8.782,87819645,2404373601.0,1.41656345141e+11,26820000000.0
2015-07-13,'600958,东方证券,28.32,29.71,26.95,27.4,28.05,0.27,0.9626,12.4532,124531611,3514284272.0,1.49578959523e+11,28320000000.0
2015-07-10,'600958,东方证券,28.05,28.05,24.98,25.4,25.5,2.55,10.0,11.7667,117667357,3236904391.0,1.48152888934e+11,28050000000.0
2015-07-09,'600958,东方证券,25.5,25.5,21.15,23.18,23.18,2.32,10.0086,10.0681,100680992,2445928812.0,1.34684444486e+11,25500000000.0
2015-07-08,'600958,东方证券,23.18,24.45,23.1,23.1,25.67,-2.49,-9.7,13.2672,132672102,3096405623.0,1.22430800909e+11,23180000000.0
2015-07-07,'600958,东方证券,25.67,26.58,23.6,25.3,26.22,-0.55,-2.0976,11.9069,119068851,2998560629.0,1.35582340782e+11,25670000000.0
2015-07-06,'600958,东方证券,26.22,26.73,24.8,26.73,24.3,1.92,7.9012,14.5107,145106995,3763350392.0,1.38487299389e+11,26220000000.0
2015-07-03,'600958,东方证券,24.3,26.75,23.51,25.41,25.92,-1.62,-6.25,6.7408,67408013,1694862334.0,1.2834635298e+11,24300000000.0
2015-07-02,'600958,东方证券,25.92,27.95,24.25,27.2,26.21,-0.29,-1.1064,8.3205,83205349,2200872329.0,1.36902776512e+11,25920000000.0
2015-07-01,'600958,东方证券,26.21,29.22,26.0,28.05,28.62,-2.41,-8.4207,8.0261,80261375,2260632396.0,1.38434481959e+11,26210000000.0
2015-06-30,'600958,东方证券,28.62,28.65,24.23,26.2,26.21,2.41,9.195,9.8935,98935481,2654663958.0,1.51163482399e+11,28620000000.0
2015-06-29,'600958,东方证券,26.21,29.94,25.89,29.87,28.77,-2.56,-8.8982,10.1972,101971732,2824547426.0,1.38434481959e+11,26210000000.0
2015-06-26,'600958,XD东方证,28.77,32.41,28.77,31.0,31.97,-3.2,-10.0094,8.0296,80296464,2429757623.0,1.51955743837e+11,28770000000.0
2015-06-25,'600958,东方证券,32.12,34.0,31.63,33.43,33.4,-1.28,-3.8323,7.1045,71045333,2361610395.0,1.69649582623e+11,32120000000.0
2015-06-24,'600958,东方证券,33.4,33.59,32.28,33.45,33.61,-0.21,-0.6248,7.3687,73686524,2436676871.0,1.76410213561e+11,33400000000.0
2015-06-23,'600958,东方证券,33.61,33.99,30.01,32.51,32.79,0.82,2.5008,7.4753,74752976,2436780640.0,1.77519379575e+11,33610000000.0
2015-06-19,'600958,东方证券,32.79,35.29,32.75,33.5,34.35,-1.56,-4.5415,6.64,66399678,2267800689.0,1.7318835038e+11,32790000000.0
2015-06-18,'600958,东方证券,34.35,37.15,34.0,36.88,37.31,-2.96,-7.9335,6.1734,61733632,2220241377.0,1.81427869336e+11,34350000000.0
2015-06-17,'600958,东方证券,37.31,37.65,35.79,37.19,37.5,-0.19,-0.5067,6.6663,66663001,2444375773.0,1.97061828383e+11,37310000000.0
2015-06-16,'600958,东方证券,37.5,39.7,36.9,38.57,39.13,-1.63,-4.1656,7.7169,77168853,2969017653.0,1.98065359538e+11,37500000000.0
2015-06-15,'600958,东方证券,39.13,40.58,38.45,40.1,39.22,-0.09,-0.2295,9.4135,94134811,3699290216.0,2.06674600499e+11,39130000000.0
2015-06-12,'600958,东方证券,39.22,39.85,37.95,37.95,37.83,1.39,3.6743,11.3964,113964136,4453708786.0,2.07149957362e+11,39220000000.0
2015-06-11,'600958,东方证券,37.83,38.4,37.3,38.0,38.3,-0.47,-1.2272,6.6433,66432540,2506926617.0,1.99808334701e+11,37830000000.0
2015-06-10,'600958,东方证券,38.3,39.05,37.85,38.4,39.09,-0.79,-2.021,7.3296,73295794,2822493919.0,2.02290753874e+11,38300000000.0
2015-06-09,'600958,东方证券,39.09,41.03,38.53,40.95,40.97,-1.88,-4.5887,10.8871,108870709,4315725804.0,2.06463330782e+11,39090000000.0
2015-06-08,'600958,东方证券,40.97,41.2,38.23,39.5,38.98,1.99,5.1052,14.7481,147481137,5881497347.0,2.16393007473e+11,40970000000.0
2015-06-05,'600958,东方证券,38.98,40.96,38.2,40.0,38.42,0.56,1.4576,12.7896,127895592,5049216622.0,2.05882339061e+11,38980000000.0
2015-06-04,'600958,东方证券,38.42,38.97,35.1,37.18,37.53,0.89,2.3714,10.4181,104181067,3899437132.0,2.02924563025e+11,38420000000.0
2015-06-03,'600958,东方证券,37.53,38.98,37.36,38.65,38.59,-1.06,-2.7468,8.2329,82329359,3134694014.0,1.98223811825e+11,37530000000.0
2015-06-02,'600958,东方证券,38.59,39.19,37.58,38.95,38.95,-0.36,-0.9243,9.9196,99195848,3812100427.0,2.03822459321e+11,38590000000.0
2015-06-01,'600958,东方证券,38.95,39.7,35.59,35.76,36.17,2.78,7.6859,13.3416,133416444,5005418441.0,2.05723886773e+11,38950000000.0
2015-05-29,'600958,东方证券,36.17,37.69,34.68,36.45,36.19,-0.02,-0.0553,14.1978,141978397,5173902443.0,1.91040641453e+11,36170000000.0
2015-05-28,'600958,东方证券,36.19,41.38,35.99,39.7,39.93,-3.74,-9.3664,17.4144,174144483,6803646831.0,1.91146276311e+11,36190000000.0
2015-05-27,'600958,东方证券,39.93,41.18,39.6,40.75,40.96,-1.03,-2.5146,12.101,121010251,4883979656.0,2.10899994836e+11,39930000000.0
2015-05-26,'600958,东方证券,40.96,41.85,38.39,39.8,40.36,0.6,1.4866,17.983,179829537,7158518003.0,2.16340190044e+11,40960000000.0
2015-05-25,'600958,东方证券,40.36,43.3,39.36,40.0,39.36,1.0,2.5407,25.5427,255426627,10646008801.0,2.13171144292e+11,40360000000.0
2015-05-22,'600958,东方证券,39.36,39.36,35.51,36.28,35.78,3.58,10.0056,21.5942,215942192,8226238424.0,2.07889401371e+11,39360000000.0
2015-05-21,'600958,东方证券,35.78,36.88,33.66,34.0,34.1,1.68,4.9267,16.6971,166970656,5925664449.0,1.88980761713e+11,35780000000.0
2015-05-20,'600958,东方证券,34.1,35.41,32.81,34.3,33.31,0.79,2.3717,21.541,215409725,7280045238.0,1.80107433606e+11,34100000000.0
2015-05-19,'600958,东方证券,33.31,33.31,30.33,30.5,30.28,3.03,10.0066,22.4982,224982061,7305580190.0,1.75934856699e+11,33310000000.0
2015-05-18,'600958,东方证券,30.28,31.4,29.07,29.3,29.73,0.55,1.85,8.1386,81385822,2456440413.0,1.59931175648e+11,30280000000.0
2015-05-15,'600958,东方证券,29.73,30.43,29.57,30.25,30.68,-0.95,-3.0965,6.5726,65725705,1966924698.0,1.57026217041e+11,29730000000.0
2015-05-14,'600958,东方证券,30.68,31.52,30.22,31.18,30.93,-0.25,-0.8083,6.3251,63250700,1950644170.0,1.62043872816e+11,30680000000.0
2015-05-13,'600958,东方证券,30.93,31.98,30.8,31.31,31.79,-0.86,-2.7053,7.5387,75386620,2353707588.0,1.63364308547e+11,30930000000.0
2015-05-12,'600958,东方证券,31.79,32.89,30.75,31.45,31.46,0.33,1.049,12.8877,128876785,4111222073.0,1.67906607459e+11,31790000000.0
2015-05-11,'600958,东方证券,31.46,31.49,29.8,30.14,30.16,1.3,4.3103,10.2745,102745385,3144549817.0,1.66163632295e+11,31460000000.0
2015-05-08,'600958,东方证券,30.16,31.04,29.41,30.85,30.26,-0.1,-0.3305,8.7579,87578832,2624213989.0,1.59297366497e+11,30160000000.0
2015-05-07,'600958,东方证券,30.26,30.61,29.58,29.8,30.21,0.05,0.1655,6.428,64280479,1945233367.0,1.59825540789e+11,30260000000.0
2015-05-06,'600958,东方证券,30.21,31.63,29.8,30.72,30.72,-0.51,-1.6602,8.5871,85871142,2640956637.0,1.59561453643e+11,30210000000.0
2015-05-05,'600958,东方证券,30.72,32.9,30.44,32.0,32.02,-1.3,-4.06,9.4352,94351688,2997582473.0,1.62255142533e+11,30720000000.0
2015-05-04,'600958,东方证券,32.02,32.31,31.5,32.3,32.47,-0.45,-1.3859,7.1648,71648302,2282226603.0,1.6912140833e+11,32020000000.0
2015-04-30,'600958,东方证券,32.47,33.8,32.35,32.62,32.58,-0.11,-0.3376,10.4308,104307549,3436266209.0,1.71498192645e+11,32470000000.0
2015-04-29,'600958,东方证券,32.58,32.96,31.73,32.45,32.96,-0.38,-1.1529,9.8677,98677338,3194639844.0,1.72079184366e+11,32580000000.0
2015-04-28,'600958,东方证券,32.96,33.47,32.14,32.54,32.24,0.72,2.2333,15.9169,159168710,5244000092.0,1.74086246676e+11,32960000000.0
2015-04-27,'600958,东方证券,32.24,33.33,31.85,32.52,31.52,0.72,2.2843,11.4078,114078418,3698015886.0,1.70283391773e+11,32240000000.0
2015-04-24,'600958,东方证券,31.52,32.48,31.0,31.8,32.84,-1.32,-4.0195,10.2368,102368213,3249565222.0,1.6648053687e+11,31520000000.0
2015-04-23,'600958,东方证券,32.84,34.38,32.55,33.47,33.86,-1.02,-3.0124,16.269,162690357,5416233115.0,1.73452437526e+11,32840000000.0
2015-04-22,'600958,东方证券,33.86,34.56,31.8,32.6,32.71,1.15,3.5157,21.4457,214457261,7043258374.0,1.78839815305e+11,33860000000.0
2015-04-21,'600958,东方证券,32.71,32.81,29.4,29.76,29.83,2.88,9.6547,22.5239,225239168,7193533825.0,1.72765810946e+11,32710000000.0
2015-04-20,'600958,东方证券,29.83,31.6,29.68,31.6,31.55,-1.72,-5.4517,13.3884,133884197,4103339635.0,1.57554391333e+11,29830000000.0
2015-04-17,'600958,东方证券,31.55,33.15,30.97,30.98,30.26,1.29,4.2631,18.8749,188748591,6009433816.0,1.66638989158e+11,31550000000.0
2015-04-16,'600958,东方证券,30.26,30.6,28.95,29.35,30.01,0.25,0.8331,10.7909,107908959,3206386757.0,1.59825540789e+11,30260000000.0
2015-04-15,'600958,东方证券,30.01,31.7,29.97,30.97,31.32,-1.31,-4.1826,12.6748,126747599,3922020799.0,1.58505105059e+11,30010000000.0
2015-04-14,'600958,东方证券,31.32,31.63,30.31,31.21,31.77,-0.45,-1.4164,16.4497,164496631,5104906625.0,1.65424188286e+11,31320000000.0
2015-04-13,'600958,东方证券,31.77,32.45,30.88,32.3,32.55,-0.78,-2.3963,16.4625,164624912,5189817184.0,1.678009726e+11,31770000000.0
2015-04-10,'600958,东方证券,32.55,32.86,31.11,32.7,32.84,-0.29,-0.8831,24.1832,241831676,7735108449.0,1.71920732079e+11,32550000000.0
2015-04-09,'600958,东方证券,32.84,36.55,31.9,34.5,33.23,-0.39,-1.1736,28.2435,282434828,9816446423.0,1.73452437526e+11,32840000000.0
2015-04-08,'600958,东方证券,33.23,33.23,30.21,30.3,30.21,3.02,9.9967,22.048,220480363,7055832634.0,1.75512317265e+11,33230000000.0
2015-04-07,'600958,东方证券,30.21,30.21,27.6,28.79,27.46,2.75,10.0146,21.7607,217606519,6298695199.0,1.59561453643e+11,30210000000.0
2015-04-03,'600958,东方证券,27.46,27.46,24.53,25.03,24.96,2.5,10.016,23.6521,236521050,6263204810.0,1.45036660611e+11,27460000000.0
2015-04-02,'600958,东方证券,24.96,25.01,23.01,23.45,23.35,1.61,6.8951,21.7007,217007344,5175281332.0,1.31832303308e+11,24960000000.0
2015-04-01,'600958,东方证券,23.35,23.47,22.4,22.7,22.65,0.7,3.0905,19.822,198219954,4553019008.0,1.23328697205e+11,23350000000.0
2015-03-31,'600958,东方证券,22.65,23.63,22.17,22.17,22.17,0.48,2.1651,33.6978,336978282,7689205019.0,1.19631477161e+11,22650000000.0
2015-03-30,'600958,东方证券,22.17,22.98,20.33,21.09,21.14,1.03,4.8723,46.1367,461367092,9839961989.0,1.17096240559e+11,22170000000.0
2015-03-27,'600958,东方证券,21.14,21.14,21.14,21.14,19.22,1.92,9.9896,3.3633,33632586,710992868.0,1.1165604535e+11,21140000000.0
2015-03-26,'600958,东方证券,19.22,19.22,19.22,19.22,17.47,1.75,10.0172,0.0586,585800,11259076.0,1.01515098942e+11,19220000000.0
2015-03-25,'600958,东方证券,17.47,17.47,17.47,17.47,15.88,1.59,10.0126,0.0117,117167,2046907.0,92272048829.9,17470000000.0
2015-03-24,'600958,东方证券,15.88,15.88,15.88,15.88,14.44,1.44,9.9723,0.0159,158906,2523427.0,83874077585.5,15880000000.0
2015-03-23,'600958,N东方,14.44,14.44,12.04,12.04,10.03,4.41,43.9681,0.024,239605,3456296.0,76268367779.2,14440000000.0
