2016-05-13,'600988,赤峰黄金,16.56,16.8,16.1,16.24,16.4,0.16,0.9756,4.9523,30225750,498353294.0,11810438786.9,10107263934.0
2016-05-12,'600988,赤峰黄金,16.4,16.88,16.25,16.6,16.88,-0.48,-2.8436,4.2778,26109420,431225941.0,11696328267.2,10009609210.0
2016-05-11,'600988,赤峰黄金,16.88,17.18,15.98,16.55,16.38,0.5,3.0525,5.9184,36122590,599306609.0,12038659826.2,10302573382.0
2016-05-10,'600988,赤峰黄金,16.38,16.58,16.1,16.19,16.88,-0.5,-2.9621,4.1792,25507316,415489288.0,11682064452.2,9997402369.5
2016-05-09,'600988,赤峰黄金,16.88,18.26,16.5,18.14,18.32,-1.44,-7.8603,5.7669,35198076,609882811.0,12038659826.2,10302573382.0
2016-05-06,'600988,赤峰黄金,18.32,19.42,18.12,19.0,19.2,-0.88,-4.5833,6.5198,39793051,748805429.0,13065654503.4,11181465898.0
2016-05-05,'600988,赤峰黄金,19.2,19.73,18.91,19.02,19.2,0.0,0.0,5.5403,33814723,651876733.0,13693262361.6,11718566880.0
2016-05-04,'600988,赤峰黄金,19.2,19.4,19.0,19.07,19.51,-0.31,-1.5889,5.7016,34799351,667090415.0,13693262361.6,11718566880.0
2016-05-03,'600988,赤峰黄金,19.51,19.67,19.0,19.25,18.56,0.95,5.1185,8.0539,49156148,953005365.0,13914351493.5,11907772907.8
2016-04-29,'600988,赤峰黄金,18.56,19.19,18.51,18.84,18.32,0.24,1.31,7.6296,46566389,880833260.0,13236820282.9,11327947984.0
2016-04-28,'600988,赤峰黄金,18.32,18.85,17.76,18.11,18.71,-0.39,-2.0844,7.1952,43915146,803215128.0,13065654503.4,11181465898.0
2016-04-27,'600988,赤峰黄金,18.71,18.75,17.9,18.03,17.91,0.8,4.4668,7.7067,47037327,860151857.0,13343798895.1,11419499287.8
2016-04-26,'600988,赤峰黄金,17.91,18.46,17.6,18.38,18.12,-0.21,-1.1589,5.3656,32748681,587210191.0,12773246296.7,10931225667.8
2016-04-25,'600988,赤峰黄金,18.12,18.51,17.9,18.5,18.93,-0.81,-4.2789,5.761,35161509,639829083.0,12923016353.8,11059397493.0
2016-04-22,'600988,赤峰黄金,18.93,19.8,18.76,19.49,20.27,-1.34,-6.6108,8.9053,54352495,1043171925.0,13500700859.6,11553774533.2
2016-04-21,'600988,赤峰黄金,20.27,20.76,18.7,19.11,19.4,0.87,4.4845,14.0068,85489343,1693009309.0,14456376462.0,12371632846.8
2016-04-20,'600988,赤峰黄金,19.4,20.41,18.39,20.0,19.59,-0.19,-0.9699,13.2036,80587015,1593423128.0,13835900511.2,11840635285.0
2016-04-19,'600988,赤峰黄金,19.59,19.74,18.6,18.63,19.02,0.57,2.9968,7.7153,47089422,894687348.0,13971406753.3,11956600269.8
2016-04-18,'600988,赤峰黄金,19.02,19.59,19.0,19.27,19.13,-0.11,-0.575,7.6203,46509686,896205390.0,13564888027.0,11608705315.5
2016-04-15,'600988,赤峰黄金,19.13,19.49,18.91,19.05,19.45,-0.32,-1.6452,8.3556,50997645,979366919.0,13643339009.2,11675842938.2
2016-04-14,'600988,赤峰黄金,19.45,19.76,19.3,19.54,20.08,-0.63,-3.1375,7.6506,46694759,909739954.0,13871560048.6,11871152386.2
2016-04-13,'600988,赤峰黄金,20.08,20.48,19.65,19.65,19.9,0.18,0.9045,11.5983,70789342,1414598141.0,14320870219.8,12255667862.0
2016-04-12,'600988,赤峰黄金,19.9,21.38,19.5,20.08,19.99,-0.09,-0.4502,14.2733,87116147,1785808199.0,14192495885.2,12145806297.5
2016-04-11,'600988,赤峰黄金,19.99,20.67,18.0,19.2,18.9,1.09,5.7672,14.857,90678242,1772301264.0,14256683052.5,12200737079.8
2016-04-08,'600988,赤峰黄金,18.9,18.9,17.44,17.44,17.18,1.72,10.0116,17.1108,104434368,1905918703.0,13479305137.2,11535464272.5
2016-04-07,'600988,赤峰黄金,17.18,17.39,16.6,16.77,17.01,0.17,0.9994,7.2253,44099240,751159244.0,12252617050.6,10485675989.5
2016-04-06,'600988,赤峰黄金,17.01,17.5,16.92,17.03,16.99,0.02,0.1177,6.7347,41104974,706701488.0,12131374623.5,10381917845.2
2016-04-05,'600988,赤峰黄金,16.99,17.04,16.13,16.72,16.99,0.0,0.0,6.8037,41525974,690356184.0,12117110808.5,10369711004.8
2016-04-01,'600988,赤峰黄金,16.99,17.55,16.75,17.12,17.26,-0.27,-1.5643,6.4015,39071049,671504602.0,12117110808.5,10369711004.8
2016-03-31,'600988,赤峰黄金,17.26,17.49,16.83,17.05,17.22,0.04,0.2323,7.0791,43206606,744718391.0,12309672310.5,10534503351.5
2016-03-30,'600988,赤峰黄金,17.22,17.67,17.01,17.51,16.82,0.4,2.3781,7.1596,43698114,756641713.0,12281144680.6,10510089670.5
2016-03-29,'600988,赤峰黄金,16.82,17.39,16.66,17.1,17.19,-0.37,-2.1524,5.8544,35732030,607199653.0,11995868381.4,10265952860.5
2016-03-28,'600988,赤峰黄金,17.19,17.23,16.57,16.76,16.77,0.42,2.5045,7.1542,43664835,739554838.0,12259748958.1,10491779409.8
2016-03-25,'600988,赤峰黄金,16.77,17.28,16.24,17.15,17.3,-0.53,-3.0636,7.3861,45080630,753277654.0,11960208844.0,10235435759.2
2016-03-24,'600988,赤峰黄金,17.3,17.8,17.26,17.6,18.35,-1.05,-5.7221,10.0869,61564844,1080170628.0,12338199940.4,10558917032.5
2016-03-23,'600988,赤峰黄金,18.35,19.19,17.85,18.76,18.99,-0.64,-3.3702,13.1286,80129117,1482763807.0,13087050225.8,11199776158.8
2016-03-22,'600988,赤峰黄金,18.99,19.24,17.55,17.55,18.21,0.78,4.2834,16.425,100248516,1856810143.0,13543492304.5,11590395054.8
2016-03-21,'600988,赤峰黄金,18.21,18.66,17.5,18.0,18.56,-0.35,-1.8858,11.8227,72159022,1299953688.0,12987203521.1,11114328275.2
2016-03-18,'600988,赤峰黄金,18.56,19.25,18.31,18.69,18.7,-0.14,-0.7487,14.1299,86240780,1610855237.0,13236820282.9,11327947984.0
2016-03-17,'600988,赤峰黄金,18.7,19.18,18.0,18.51,18.03,0.67,3.716,11.9934,73200954,1359196830.0,13336666987.6,11413395867.5
2016-03-16,'600988,赤峰黄金,18.03,18.3,16.7,16.88,17.23,0.8,4.6431,11.1078,67795658,1178902355.0,12858829186.4,11004466710.8
2016-03-15,'600988,赤峰黄金,17.23,18.46,17.16,18.15,19.07,-1.84,-9.6487,11.4512,69891576,1234486061.0,12288276588.0,10516193090.8
2016-03-14,'600988,赤峰黄金,19.07,19.35,17.63,17.63,18.51,0.56,3.0254,10.1602,62011699,1147077590.0,13600547564.4,11639222416.8
2016-03-11,'600988,赤峰黄金,18.51,19.21,18.1,18.53,17.71,0.8,4.5172,10.8003,65918714,1227187898.0,13201160745.5,11297430882.8
2016-03-10,'600988,赤峰黄金,17.71,19.07,17.35,18.02,18.48,-0.77,-4.1667,11.0842,67651770,1227242446.0,12630608147.1,10809157262.8
2016-03-09,'600988,赤峰黄金,18.48,19.38,17.7,17.9,18.73,-0.25,-1.3348,10.4788,63956669,1177467067.0,13179765023.0,11279120622.0
2016-03-08,'600988,赤峰黄金,18.73,19.8,18.18,18.67,18.63,0.1,0.5368,13.8095,84285429,1600256345.0,13358062710.0,11431706128.2
2016-03-07,'600988,赤峰黄金,18.63,18.63,16.61,17.1,16.94,1.69,9.9764,11.4134,69660940,1217290549.0,13286743635.2,11370671925.8
2016-03-04,'600988,赤峰黄金,16.94,17.44,16.01,16.16,15.85,1.09,6.877,12.9721,79173956,1337394321.0,12081451271.1,10339193903.5
2016-03-03,'600988,赤峰黄金,15.85,15.85,14.17,14.23,14.41,1.44,9.9931,9.2481,56445308,850410227.0,11304073355.8,9673921096.25
2016-03-02,'600988,赤峰黄金,14.41,14.55,13.16,13.29,13.71,0.7,5.1058,8.4472,51556607,712810137.0,10277078678.7,8795028580.25
2016-03-01,'600988,赤峰黄金,13.71,13.71,12.63,12.71,12.46,1.25,10.0321,7.0145,42812485,577536448.0,9777845155.08,8367789162.75
2016-02-29,'600988,赤峰黄金,12.46,13.13,12.12,12.97,13.27,-0.81,-6.104,3.5587,21720159,274967655.0,8886356720.08,7604861631.5
2016-02-26,'600988,赤峰黄金,13.27,13.54,12.61,13.36,13.31,-0.04,-0.3005,3.8886,23733656,311196659.0,9464041225.96,8099238671.75
2016-02-25,'600988,赤峰黄金,13.31,14.66,13.0,14.17,14.17,-0.86,-6.0692,6.9158,42209757,589950687.0,9492568855.88,8123652352.75
2016-02-24,'600988,赤峰黄金,14.17,15.13,13.42,13.7,13.92,0.25,1.796,8.1382,49670964,704122578.0,10105912899.2,8648546494.25
2016-02-23,'600988,赤峰黄金,13.92,13.99,13.11,13.2,13.43,0.49,3.6485,6.1532,37555526,509595061.0,9927615212.16,8495960988.0
2016-02-22,'600988,赤峰黄金,13.43,13.45,13.09,13.11,13.33,0.1,0.7502,3.5899,21910434,291119719.0,9578151745.64,8196893395.75
2016-02-19,'600988,赤峰黄金,13.33,14.03,13.2,13.93,13.56,-0.23,-1.6962,4.7285,26791761,364167511.0,9506832670.84,7552839344.66
2016-02-18,'600988,赤峰黄金,13.56,14.15,13.41,13.7,14.13,-0.57,-4.034,5.9917,33949412,466015182.0,9670866542.88,7683158403.12
2016-02-17,'600988,赤峰黄金,14.13,14.3,13.1,13.2,13.78,0.35,2.5399,7.63,43231773,587876204.0,10077385269.2,8006123026.26
2016-02-16,'600988,赤峰黄金,13.78,13.78,12.29,12.8,12.53,1.25,9.9761,8.4666,47972092,627376592.0,9827768507.44,7807811415.56
2016-02-15,'600988,赤峰黄金,12.53,12.53,12.52,12.52,11.39,1.14,10.0088,2.0012,11339017,142056331.0,8936280072.44,7099555663.06
2016-02-05,'600988,赤峰黄金,11.39,11.86,11.12,11.12,10.79,0.6,5.5607,4.7879,27128208,312391291.0,8123242619.72,6453626416.78
2016-02-04,'600988,赤峰黄金,10.79,10.97,10.61,10.61,10.3,0.49,4.7573,2.9294,16597893,178990319.0,7695328170.92,6113663655.58
2016-02-03,'600988,赤峰黄金,10.3,10.47,9.93,10.11,10.3,0.0,0.0,1.9798,11217884,115145747.0,7345864704.4,5836027400.6
2016-02-02,'600988,赤峰黄金,10.3,10.42,10.08,10.15,10.04,0.26,2.5896,2.1953,12438468,127285458.0,7345864704.4,5836027400.6
2016-02-01,'600988,赤峰黄金,10.04,10.38,9.8,10.0,10.07,-0.03,-0.2979,2.0986,11890892,120002108.0,7160435109.92,5688710204.08
2016-01-29,'600988,赤峰黄金,10.07,10.24,9.35,9.78,9.95,0.12,1.206,2.9296,16599370,163096217.0,7181830832.36,5705708342.14
2016-01-28,'600988,赤峰黄金,9.95,10.87,9.95,10.65,11.05,-1.1,-9.9548,2.889,16368986,169763299.0,7096247942.6,5637715789.9
2016-01-27,'600988,赤峰黄金,11.05,11.76,10.5,11.6,11.58,-0.53,-4.5769,3.0444,17249698,190745007.0,7880757765.4,6260980852.1
2016-01-26,'600988,赤峰黄金,11.58,12.45,11.05,12.19,11.99,-0.41,-3.4195,4.0536,22967892,274461412.0,8258748861.84,6561281291.16
2016-01-25,'600988,赤峰黄金,11.99,12.12,11.79,11.99,12.14,-0.15,-1.2356,2.6898,15240335,182069891.0,8551157068.52,6793589177.98
2016-01-22,'600988,赤峰黄金,12.14,12.3,11.28,11.85,12.22,-0.08,-0.6547,4.105,23259339,273544929.0,8658135680.72,6878579868.28
2016-01-21,'600988,赤峰黄金,12.22,12.75,11.91,12.0,12.0,0.22,1.8333,5.6428,31972554,397331783.0,8715190940.56,6923908236.44
2016-01-20,'600988,赤峰黄金,12.0,12.39,11.15,11.32,11.54,0.46,3.9861,4.0447,22917524,267994618.0,8558288976.0,6799255224.0
2016-01-19,'600988,赤峰黄金,11.54,11.57,10.74,10.98,11.21,0.33,2.9438,3.2482,18404268,207132812.0,8230221231.92,6538617107.08
2016-01-18,'600988,赤峰黄金,11.21,11.54,10.8,10.81,11.22,-0.01,-0.0891,2.8863,16353747,182907933.0,7994868285.08,6351637588.42
2016-01-15,'600988,赤峰黄金,11.22,12.1,11.22,11.93,12.47,-1.25,-10.0241,3.533,20018210,232742672.0,8002000192.56,6357303634.44
2016-01-14,'600988,赤峰黄金,12.47,12.58,11.45,12.3,12.66,-0.19,-1.5008,3.8401,21758293,261988013.0,8893488627.56,7065559386.94
2016-01-13,'600988,赤峰黄金,12.66,13.62,12.54,12.65,13.13,-0.47,-3.5796,4.0184,22768572,297789654.0,9028994869.68,7173214261.32
2016-01-12,'600988,赤峰黄金,13.13,14.03,13.13,14.03,14.59,-1.46,-10.0069,5.0191,28438598,381707958.0,9364194521.24,7439518424.26
2016-01-11,'600988,赤峰黄金,14.59,15.16,13.5,14.0,13.86,0.73,5.267,8.1204,46010818,668397011.0,10405453013.3,8266761143.18
2016-01-08,'600988,赤峰黄金,13.86,13.86,12.9,13.3,12.6,1.26,10.0,6.3573,36020709,488685695.0,9884823767.28,7853139783.72
2016-01-07,'600988,赤峰黄金,12.6,13.88,12.6,13.7,14.0,-1.4,-10.0,1.7335,9821915,129971176.0,8986203424.8,7139217985.2
2016-01-06,'600988,赤峰黄金,14.0,14.0,12.92,13.63,12.73,1.27,9.9764,7.8096,44249496,595112390.0,9984670472.0,7932464428.0
2016-01-05,'600988,赤峰黄金,12.73,12.73,12.73,12.73,11.57,1.16,10.0259,0.8544,4841143,61627750.0,9078918222.04,7212876583.46
2016-01-04,'600988,赤峰黄金,0.0,0.0,0.0,0.0,11.57,None,None,0.0,0,0.0,8251616954.36,6555615245.14
2015-12-31,'600988,赤峰黄金,0.0,0.0,0.0,0.0,11.57,None,None,0.0,0,0.0,8251616954.36,6555615245.14
2015-12-30,'600988,赤峰黄金,0.0,0.0,0.0,0.0,11.57,None,None,0.0,0,0.0,8251616954.36,6555615245.14
2015-12-29,'600988,赤峰黄金,0.0,0.0,0.0,0.0,11.57,None,None,0.0,0,0.0,8251616954.36,6555615245.14
2015-12-28,'600988,赤峰黄金,0.0,0.0,0.0,0.0,11.57,None,None,0.0,0,0.0,8251616954.36,6555615245.14
2015-12-25,'600988,赤峰黄金,0.0,0.0,0.0,0.0,11.57,None,None,0.0,0,0.0,8251616954.36,6555615245.14
2015-12-24,'600988,赤峰黄金,0.0,0.0,0.0,0.0,11.57,None,None,0.0,0,0.0,8251616954.36,6555615245.14
2015-12-23,'600988,赤峰黄金,0.0,0.0,0.0,0.0,11.57,None,None,0.0,0,0.0,8251616954.36,6555615245.14
2015-12-22,'600988,赤峰黄金,0.0,0.0,0.0,0.0,11.57,None,None,0.0,0,0.0,8251616954.36,6555615245.14
2015-12-21,'600988,赤峰黄金,0.0,0.0,0.0,0.0,11.57,None,None,0.0,0,0.0,8251616954.36,6555615245.14
2015-12-18,'600988,赤峰黄金,0.0,0.0,0.0,0.0,11.57,None,None,0.0,0,0.0,8251616954.36,6555615245.14
2015-12-17,'600988,赤峰黄金,0.0,0.0,0.0,0.0,11.57,None,None,0.0,0,0.0,8251616954.36,6555615245.14
2015-12-16,'600988,赤峰黄金,0.0,0.0,0.0,0.0,11.57,None,None,0.0,0,0.0,8251616954.36,6555615245.14
2015-12-15,'600988,赤峰黄金,0.0,0.0,0.0,0.0,11.57,None,None,0.0,0,0.0,8251616954.36,6555615245.14
2015-12-14,'600988,赤峰黄金,0.0,0.0,0.0,0.0,11.57,None,None,0.0,0,0.0,8251616954.36,6555615245.14
2015-12-11,'600988,赤峰黄金,0.0,0.0,0.0,0.0,11.57,None,None,0.0,0,0.0,8251616954.36,6555615245.14
2015-12-10,'600988,赤峰黄金,0.0,0.0,0.0,0.0,11.57,None,None,0.0,0,0.0,8251616954.36,6555615245.14
2015-12-09,'600988,赤峰黄金,0.0,0.0,0.0,0.0,11.57,None,None,0.0,0,0.0,8251616954.36,6555615245.14
2015-12-08,'600988,赤峰黄金,0.0,0.0,0.0,0.0,11.57,None,None,0.0,0,0.0,8251616954.36,6555615245.14
2015-12-07,'600988,赤峰黄金,0.0,0.0,0.0,0.0,11.57,None,None,0.0,0,0.0,8251616954.36,6555615245.14
2015-12-04,'600988,赤峰黄金,0.0,0.0,0.0,0.0,11.57,None,None,0.0,0,0.0,8251616954.36,6555615245.14
2015-12-03,'600988,赤峰黄金,0.0,0.0,0.0,0.0,11.57,None,None,0.0,0,0.0,8251616954.36,3251242914.14
2015-12-02,'600988,赤峰黄金,0.0,0.0,0.0,0.0,11.57,None,None,0.0,0,0.0,8251616954.36,3251242914.14
2015-12-01,'600988,赤峰黄金,0.0,0.0,0.0,0.0,11.57,None,None,0.0,0,0.0,8251616954.36,3251242914.14
2015-11-30,'600988,赤峰黄金,0.0,0.0,0.0,0.0,11.57,None,None,0.0,0,0.0,8251616954.36,3251242914.14
2015-11-27,'600988,赤峰黄金,0.0,0.0,0.0,0.0,11.57,None,None,0.0,0,0.0,8251616954.36,3251242914.14
2015-11-26,'600988,赤峰黄金,0.0,0.0,0.0,0.0,11.57,None,None,0.0,0,0.0,8251616954.36,3251242914.14
2015-11-25,'600988,赤峰黄金,0.0,0.0,0.0,0.0,11.57,None,None,0.0,0,0.0,8251616954.36,3251242914.14
2015-11-24,'600988,赤峰黄金,0.0,0.0,0.0,0.0,11.57,None,None,0.0,0,0.0,8251616954.36,3251242914.14
2015-11-23,'600988,赤峰黄金,0.0,0.0,0.0,0.0,11.57,None,None,0.0,0,0.0,8251616954.36,3251242914.14
2015-11-20,'600988,赤峰黄金,0.0,0.0,0.0,0.0,11.57,None,None,0.0,0,0.0,8251616954.36,3251242914.14
2015-11-19,'600988,赤峰黄金,0.0,0.0,0.0,0.0,11.57,None,None,0.0,0,0.0,8251616954.36,3251242914.14
2015-11-18,'600988,赤峰黄金,0.0,0.0,0.0,0.0,11.57,None,None,0.0,0,0.0,8251616954.36,3251242914.14
2015-11-17,'600988,赤峰黄金,0.0,0.0,0.0,0.0,11.57,None,None,0.0,0,0.0,8251616954.36,3251242914.14
2015-11-16,'600988,赤峰黄金,0.0,0.0,0.0,0.0,11.57,None,None,0.0,0,0.0,8251616954.36,3251242914.14
2015-11-13,'600988,赤峰黄金,0.0,0.0,0.0,0.0,11.57,None,None,0.0,0,0.0,8251616954.36,3251242914.14
2015-11-12,'600988,赤峰黄金,0.0,0.0,0.0,0.0,11.57,None,None,0.0,0,0.0,8251616954.36,3251242914.14
2015-11-11,'600988,赤峰黄金,0.0,0.0,0.0,0.0,11.57,None,None,0.0,0,0.0,8251616954.36,3251242914.14
2015-11-10,'600988,赤峰黄金,0.0,0.0,0.0,0.0,11.57,None,None,0.0,0,0.0,8251616954.36,3251242914.14
2015-11-09,'600988,赤峰黄金,0.0,0.0,0.0,0.0,11.57,None,None,0.0,0,0.0,8251616954.36,3251242914.14
2015-11-06,'600988,赤峰黄金,0.0,0.0,0.0,0.0,11.57,None,None,0.0,0,0.0,8251616954.36,3251242914.14
2015-11-05,'600988,赤峰黄金,0.0,0.0,0.0,0.0,11.57,None,None,0.0,0,0.0,8251616954.36,3251242914.14
2015-11-04,'600988,赤峰黄金,0.0,0.0,0.0,0.0,11.57,None,None,0.0,0,0.0,8251616954.36,3251242914.14
2015-11-03,'600988,赤峰黄金,0.0,0.0,0.0,0.0,11.57,None,None,0.0,0,0.0,8251616954.36,3251242914.14
2015-11-02,'600988,赤峰黄金,0.0,0.0,0.0,0.0,11.57,None,None,0.0,0,0.0,8251616954.36,3251242914.14
2015-10-30,'600988,赤峰黄金,0.0,0.0,0.0,0.0,11.57,None,None,0.0,0,0.0,8251616954.36,3251242914.14
2015-10-29,'600988,赤峰黄金,0.0,0.0,0.0,0.0,11.57,None,None,0.0,0,0.0,8251616954.36,3251242914.14
2015-10-28,'600988,赤峰黄金,0.0,0.0,0.0,0.0,11.57,None,None,0.0,0,0.0,8251616954.36,3251242914.14
2015-10-27,'600988,赤峰黄金,0.0,0.0,0.0,0.0,11.57,None,None,0.0,0,0.0,8251616954.36,3251242914.14
2015-10-26,'600988,赤峰黄金,0.0,0.0,0.0,0.0,11.57,None,None,0.0,0,0.0,8251616954.36,3251242914.14
2015-10-23,'600988,赤峰黄金,0.0,0.0,0.0,0.0,11.57,None,None,0.0,0,0.0,8251616954.36,3251242914.14
2015-10-22,'600988,赤峰黄金,0.0,0.0,0.0,0.0,11.57,None,None,0.0,0,0.0,8251616954.36,3251242914.14
2015-10-21,'600988,赤峰黄金,0.0,0.0,0.0,0.0,11.57,None,None,0.0,0,0.0,8251616954.36,3251242914.14
2015-10-20,'600988,赤峰黄金,0.0,0.0,0.0,0.0,11.57,None,None,0.0,0,0.0,8251616954.36,3251242914.14
2015-10-19,'600988,赤峰黄金,0.0,0.0,0.0,0.0,11.57,None,None,0.0,0,0.0,8251616954.36,3251242914.14
2015-10-16,'600988,赤峰黄金,0.0,0.0,0.0,0.0,11.57,None,None,0.0,0,0.0,8251616954.36,3251242914.14
2015-10-15,'600988,赤峰黄金,0.0,0.0,0.0,0.0,11.57,None,None,0.0,0,0.0,8251616954.36,3251242914.14
2015-10-14,'600988,赤峰黄金,0.0,0.0,0.0,0.0,11.57,None,None,0.0,0,0.0,8251616954.36,3251242914.14
2015-10-13,'600988,赤峰黄金,0.0,0.0,0.0,0.0,11.57,None,None,0.0,0,0.0,8251616954.36,3251242914.14
2015-10-12,'600988,赤峰黄金,0.0,0.0,0.0,0.0,11.57,None,None,0.0,0,0.0,8251616954.36,3251242914.14
2015-10-09,'600988,赤峰黄金,0.0,0.0,0.0,0.0,11.57,None,None,0.0,0,0.0,8251616954.36,3251242914.14
2015-10-08,'600988,赤峰黄金,0.0,0.0,0.0,0.0,11.57,None,None,0.0,0,0.0,8251616954.36,3251242914.14
2015-09-30,'600988,赤峰黄金,0.0,0.0,0.0,0.0,11.57,None,None,0.0,0,0.0,8251616954.36,3251242914.14
2015-09-29,'600988,赤峰黄金,0.0,0.0,0.0,0.0,11.57,None,None,0.0,0,0.0,8251616954.36,3251242914.14
2015-09-28,'600988,赤峰黄金,0.0,0.0,0.0,0.0,11.57,None,None,0.0,0,0.0,8251616954.36,3251242914.14
2015-09-25,'600988,赤峰黄金,0.0,0.0,0.0,0.0,11.57,None,None,0.0,0,0.0,8251616954.36,3251242914.14
2015-09-24,'600988,赤峰黄金,0.0,0.0,0.0,0.0,11.57,None,None,0.0,0,0.0,8251616954.36,3251242914.14
2015-09-23,'600988,赤峰黄金,0.0,0.0,0.0,0.0,11.57,None,None,0.0,0,0.0,8251616954.36,3251242914.14
2015-09-22,'600988,赤峰黄金,0.0,0.0,0.0,0.0,11.57,None,None,0.0,0,0.0,8251616954.36,3251242914.14
2015-09-21,'600988,赤峰黄金,0.0,0.0,0.0,0.0,11.57,None,None,0.0,0,0.0,8251616954.36,3251242914.14
2015-09-18,'600988,赤峰黄金,0.0,0.0,0.0,0.0,11.57,None,None,0.0,0,0.0,8251616954.36,3251242914.14
2015-09-17,'600988,赤峰黄金,0.0,0.0,0.0,0.0,11.57,None,None,0.0,0,0.0,8251616954.36,3251242914.14
2015-09-16,'600988,赤峰黄金,0.0,0.0,0.0,0.0,11.57,None,None,0.0,0,0.0,8251616954.36,3251242914.14
2015-09-15,'600988,赤峰黄金,0.0,0.0,0.0,0.0,11.57,None,None,0.0,0,0.0,8251616954.36,3251242914.14
2015-09-14,'600988,赤峰黄金,0.0,0.0,0.0,0.0,11.57,None,None,0.0,0,0.0,8251616954.36,3251242914.14
2015-09-11,'600988,赤峰黄金,0.0,0.0,0.0,0.0,11.57,None,None,0.0,0,0.0,8251616954.36,3251242914.14
2015-09-10,'600988,赤峰黄金,0.0,0.0,0.0,0.0,11.57,None,None,0.0,0,0.0,8251616954.36,3251242914.14
2015-09-09,'600988,赤峰黄金,0.0,0.0,0.0,0.0,11.57,None,None,0.0,0,0.0,8251616954.36,3251242914.14
2015-09-08,'600988,赤峰黄金,0.0,0.0,0.0,0.0,11.57,None,None,0.0,0,0.0,8251616954.36,3251242914.14
2015-09-07,'600988,赤峰黄金,0.0,0.0,0.0,0.0,11.57,None,None,0.0,0,0.0,8251616954.36,3251242914.14
2015-09-02,'600988,赤峰黄金,0.0,0.0,0.0,0.0,11.57,None,None,0.0,0,0.0,8251616954.36,3251242914.14
2015-09-01,'600988,赤峰黄金,0.0,0.0,0.0,0.0,11.57,None,None,0.0,0,0.0,8251616954.36,3251242914.14
2015-08-31,'600988,赤峰黄金,0.0,0.0,0.0,0.0,11.57,None,None,0.0,0,0.0,8251616954.36,3251242914.14
2015-08-28,'600988,赤峰黄金,11.57,11.81,11.02,11.02,10.98,0.59,5.3734,4.3419,12200995,138685171.0,8251616954.36,3251242914.14
2015-08-27,'600988,赤峰黄金,10.98,11.16,10.18,10.67,10.8,0.18,1.6667,5.8815,16527333,177598048.0,7830834413.04,3085449195.96
2015-08-26,'600988,赤峰黄金,10.8,11.84,10.47,11.58,11.58,-0.78,-6.7358,9.2657,26037205,287970497.0,7702460078.4,3034868061.6
2015-08-25,'600988,赤峰黄金,11.58,13.74,11.58,11.89,12.87,-1.29,-10.0233,8.4211,23663951,288789389.0,8258748861.84,3254052977.16
2015-08-24,'600988,赤峰黄金,12.87,15.15,12.86,13.25,14.29,-1.42,-9.937,14.8472,41721505,571245984.0,9178764926.76,3616551106.74
2015-08-21,'600988,赤峰黄金,14.29,15.87,14.2,15.5,14.79,-0.5,-3.3807,10.1173,28430111,434604544.0,10191495788.9,4015580055.58
2015-08-20,'600988,赤峰黄金,14.79,15.88,14.72,14.85,14.51,0.28,1.9297,8.2092,23068281,351436270.0,10548091162.9,4156083206.58
2015-08-19,'600988,赤峰黄金,14.51,14.53,13.09,13.81,14.39,0.12,0.8339,5.9587,16744429,231255664.0,10348397753.5,4077401442.02
2015-08-18,'600988,赤峰黄金,14.39,15.97,14.39,15.97,15.99,-1.6,-10.0063,6.607,18566031,281438985.0,10262814863.7,4043680685.78
2015-08-17,'600988,赤峰黄金,15.99,16.0,15.41,15.51,15.71,0.28,1.7823,6.4101,18012706,284100950.0,11403920060.5,4493290768.98
2015-08-14,'600988,赤峰黄金,15.71,16.2,15.68,16.1,16.44,-0.73,-4.4404,9.6967,27248274,432118712.0,11204226651.1,4414609004.42
2015-08-13,'600988,赤峰黄金,16.44,17.2,16.01,16.34,16.66,-0.22,-1.3205,14.9365,41972367,694568571.0,11724855897.1,4619743604.88
2015-08-12,'600988,赤峰黄金,16.66,17.5,15.45,16.0,15.95,0.71,4.4514,20.519,57659658,939356865.0,11881757861.7,4681564991.32
2015-08-11,'600988,赤峰黄金,15.95,15.95,14.3,14.58,14.5,1.45,10.0,14.2386,40011418,623594144.0,11375392430.6,4482050516.9
2015-08-10,'600988,赤峰黄金,14.5,14.67,13.69,13.8,13.72,0.78,5.6851,6.038,16967121,241417444.0,10341265846.0,4074591379.0
2015-08-07,'600988,赤峰黄金,13.72,13.84,13.41,13.41,13.39,0.33,2.4645,3.3254,9344668,127833494.0,9784977062.56,3855406463.44
2015-08-06,'600988,赤峰黄金,13.39,13.55,13.26,13.4,13.56,-0.17,-1.2537,2.5766,7240353,96991590.0,9549624115.72,3762674383.78
2015-08-05,'600988,赤峰黄金,13.56,14.12,13.51,13.69,13.83,-0.27,-1.9523,4.5267,12720392,175925523.0,9670866542.88,3810445455.12
2015-08-04,'600988,赤峰黄金,13.83,13.91,12.78,12.78,12.97,0.86,6.6307,5.0072,14070473,188001876.0,9863428044.84,3886317156.66
2015-08-03,'600988,赤峰黄金,12.97,13.0,12.2,12.83,12.86,0.11,0.8554,3.8497,10817801,136563206.0,9250084001.56,3644651736.94
2015-07-31,'600988,赤峰黄金,12.86,13.1,12.61,12.89,13.06,-0.2,-1.5314,3.4219,9615816,123859917.0,9171633019.28,3613741043.72
2015-07-30,'600988,赤峰黄金,13.06,13.6,12.71,13.01,13.24,-0.18,-1.3595,5.5233,15520794,206290627.0,9314271168.88,3669942304.12
2015-07-29,'600988,赤峰黄金,13.24,13.27,12.12,12.7,12.49,0.75,6.0048,5.239,14721846,186131139.0,9442645503.52,3720523438.48
2015-07-28,'600988,赤峰黄金,12.49,13.28,12.01,12.1,13.3,-0.81,-6.0902,7.0554,19826252,248005035.0,8907752442.52,3509768711.98
2015-07-27,'600988,赤峰黄金,13.3,14.69,13.3,14.3,14.78,-1.48,-10.0135,7.0873,19915779,279916367.0,9485436948.4,3737383816.6
2015-07-24,'600988,赤峰黄金,14.78,15.67,14.51,15.15,15.19,-0.41,-2.6991,10.7764,30282299,456744634.0,10540959255.4,4153273143.56
2015-07-23,'600988,赤峰黄金,15.19,15.38,14.31,14.71,14.73,0.46,3.1229,9.6391,27086461,402100382.0,10833367462.1,4268485727.38
2015-07-22,'600988,赤峰黄金,14.73,15.02,14.24,14.89,15.03,-0.3,-1.996,8.1049,22775418,333900509.0,10505299718.0,4139222828.46
2015-07-21,'600988,赤峰黄金,15.03,15.05,13.76,14.25,14.21,0.82,5.7706,11.1687,31384835,457301810.0,10719256942.4,4223524719.06
2015-07-20,'600988,赤峰黄金,14.21,14.85,13.98,14.1,14.36,-0.15,-1.0446,9.8852,27777991,398419921.0,10134440529.1,3993099551.42
2015-07-17,'600988,赤峰黄金,14.36,14.67,13.19,13.2,13.34,1.02,7.6462,9.5327,26787523,374978729.0,10241419141.3,4035250496.72
2015-07-16,'600988,赤峰黄金,13.34,13.88,12.0,12.07,13.07,0.27,2.0658,8.1433,22883274,297361457.0,9513964578.32,3748624068.68
2015-07-15,'600988,赤峰黄金,13.07,15.0,13.07,15.0,14.52,-1.45,-9.9862,11.9951,33707039,465368346.0,9321403076.36,3672752367.14
2015-07-14,'600988,赤峰黄金,14.52,14.52,14.52,14.52,13.2,1.32,10.0,0.7388,2076213,30146613.0,10355529661.0,4080211505.04
2015-07-13,'600988,赤峰黄金,13.2,13.2,13.2,13.2,12.0,1.2,10.0,0.4113,1155713,15255412.0,9414117873.6,3709283186.4
2015-07-10,'600988,赤峰黄金,0.0,0.0,0.0,0.0,12.0,None,None,0.0,0,0.0,8558288976.0,3372075624.0
2015-07-09,'600988,赤峰黄金,0.0,0.0,0.0,0.0,12.0,None,None,0.0,0,0.0,8558288976.0,3372075624.0
2015-07-08,'600988,赤峰黄金,0.0,0.0,0.0,0.0,12.0,None,None,0.0,0,0.0,8558288976.0,3372075624.0
2015-07-07,'600988,赤峰黄金,0.0,0.0,0.0,0.0,12.0,None,None,0.0,0,0.0,8558288976.0,3372075624.0
2015-07-06,'600988,赤峰黄金,12.0,13.6,11.12,13.6,12.36,-0.36,-2.9126,10.5339,29601043,358525376.0,8558288976.0,3372075624.0
2015-07-03,'600988,赤峰黄金,12.36,13.96,11.87,13.0,13.19,-0.83,-6.2926,7.8411,22033989,277800546.0,8815037645.28,3473237892.72
2015-07-02,'600988,赤峰黄金,13.19,14.68,12.84,14.58,14.21,-1.02,-7.178,6.683,18779517,260979129.0,9406985966.12,3706473123.38
2015-07-01,'600988,赤峰黄金,14.21,15.93,14.21,15.3,15.79,-1.58,-10.0063,7.6443,21480933,329482862.0,10134440529.1,3993099551.42
2015-06-30,'600988,赤峰黄金,15.79,15.9,13.17,14.64,14.63,1.16,7.9289,9.9128,27855723,404680505.0,11261281910.9,4437089508.58
2015-06-29,'600988,赤峰黄金,14.63,16.78,14.63,16.78,16.25,-1.62,-9.9692,9.2104,25881741,393488982.0,10433980643.2,4111122198.26
2015-06-26,'600988,赤峰黄金,16.25,17.51,16.25,17.5,18.05,-1.8,-9.9723,5.5976,15729531,262317462.0,11589349655.0,4566352407.5
2015-06-25,'600988,赤峰黄金,18.05,19.43,17.63,19.41,19.43,-1.38,-7.1024,5.9026,16586542,310497178.0,12873093001.4,5072163751.1
2015-06-24,'600988,赤峰黄金,19.43,19.5,18.8,19.09,18.88,0.55,2.9131,5.8612,16470242,316472159.0,13857296233.6,5459952447.86
2015-06-23,'600988,赤峰黄金,18.88,19.4,17.45,18.8,19.01,-0.13,-0.6839,7.2505,20374412,374838851.0,13465041322.2,5305398981.76
2015-06-19,'600988,赤峰黄金,19.01,20.98,19.0,20.7,20.81,-1.8,-8.6497,6.3056,17719217,355132243.0,13557756119.5,5341929801.02
2015-06-18,'600988,赤峰黄金,20.81,22.25,20.6,21.91,21.81,-1.0,-4.5851,4.7597,13374933,289053876.0,14841499465.9,5847741144.62
2015-06-17,'600988,赤峰黄金,21.81,22.45,20.38,22.0,22.28,-0.47,-2.1095,7.8022,21924766,468905733.0,15554690213.9,6128747446.62
2015-06-16,'600988,赤峰黄金,22.28,24.16,21.96,23.63,24.4,-2.12,-8.6885,6.9707,19588121,449730802.0,15889889865.4,6260820408.56
2015-06-15,'600988,赤峰黄金,24.4,24.98,23.65,24.06,24.09,0.31,1.2868,8.8755,24940591,608064750.0,17401854251.2,6856553768.8
2015-06-12,'600988,赤峰黄金,24.09,24.5,23.6,24.0,24.0,0.09,0.375,5.9877,16825694,404198468.0,17180765119.3,6769441815.18
2015-06-11,'600988,赤峰黄金,24.0,24.18,23.5,23.84,23.68,0.32,1.3514,5.5249,15525348,370181275.0,17116577952.0,6744151248.0
2015-06-10,'600988,赤峰黄金,23.68,23.96,22.71,23.0,23.26,0.42,1.8057,5.2071,14632224,346212509.0,16888356912.6,6654229231.36
2015-06-09,'600988,赤峰黄金,23.26,23.45,22.7,22.89,22.98,0.28,1.2185,4.9628,13945651,322721877.0,16588816798.5,6536206584.52
2015-06-08,'600988,赤峰黄金,22.98,23.69,22.4,23.57,23.55,-0.57,-2.4204,5.086,14291942,327680478.0,16389123389.0,6457524819.96
2015-06-05,'600988,赤峰黄金,23.55,24.42,23.22,23.23,23.22,0.33,1.4212,6.1684,17333493,411701555.0,16795642115.4,6617698412.1
2015-06-04,'600988,赤峰黄金,23.22,23.88,21.77,23.88,24.12,-0.9,-3.7313,6.5713,18465677,422900933.0,16560289168.6,6524966332.44
2015-06-03,'600988,赤峰黄金,24.12,25.35,23.08,25.22,24.99,-0.87,-3.4814,7.2631,20409737,492092226.0,17202160841.8,6777872004.24
2015-06-02,'600988,赤峰黄金,24.99,26.0,23.0,24.68,23.87,1.12,4.6921,8.0925,22740407,569141978.0,17822636792.5,7022347486.98
2015-06-01,'600988,赤峰黄金,23.87,23.9,22.0,22.63,22.32,1.55,6.9444,8.1511,22904983,532797546.0,17023863154.8,6707620428.74
2015-05-29,'600988,赤峰黄金,22.32,23.26,19.99,21.6,21.73,0.59,2.7151,8.5594,24052401,528686946.0,15918417495.4,6272060660.64
2015-05-28,'600988,赤峰黄金,21.73,23.9,21.7,23.9,24.11,-2.38,-9.8714,10.9024,30636463,703808727.0,15497634954.0,6106266942.46
2015-05-27,'600988,赤峰黄金,24.11,25.19,23.98,24.7,25.24,-1.13,-4.477,11.4918,32292606,791660361.0,17195028934.3,6775061941.22
2015-05-26,'600988,赤峰黄金,25.24,25.59,23.67,24.5,24.76,0.48,1.9386,14.0076,39362146,961436915.0,18000934479.5,7092599062.48
2015-05-25,'600988,赤峰黄金,24.76,25.0,23.0,23.3,22.73,2.03,8.9309,12.6071,35426880,848075702.0,17658602920.5,6957716037.52
2015-05-22,'600988,赤峰黄金,22.73,23.2,21.09,21.97,21.96,0.77,3.5064,12.6143,35447086,784923544.0,16210825702.0,6387273244.46
2015-05-21,'600988,赤峰黄金,21.96,21.96,19.95,19.95,19.96,2.0,10.02,13.4157,37699084,794911952.0,15661668826.1,6170898391.92
2015-05-20,'600988,赤峰黄金,19.96,20.7,19.1,19.28,19.65,0.31,1.5776,12.672,35609071,707729186.0,14235287330.1,5608885787.92
2015-05-19,'600988,赤峰黄金,19.65,20.81,19.0,19.0,18.98,0.67,3.53,14.8256,41660872,827088167.0,14014198198.2,5521773834.3
2015-05-18,'600988,赤峰黄金,18.98,19.2,17.22,17.5,17.45,1.53,8.7679,15.4396,43386160,801140346.0,13536360397.0,5333499611.96
