2016-05-13,'600961,株冶集团,9.61,9.72,9.35,9.35,9.48,0.13,1.3713,0.5895,3109113,29711891.0,5068870553.54,5068870553.54
2016-05-12,'600961,株冶集团,9.48,9.56,9.2,9.47,9.49,-0.01,-0.1054,0.4705,2481539,23258973.0,5000301024.72,5000301024.72
2016-05-11,'600961,株冶集团,9.49,9.7,9.43,9.66,9.52,-0.03,-0.3151,0.509,2684524,25681221.0,5005575603.86,5005575603.86
2016-05-10,'600961,株冶集团,9.52,9.8,9.48,9.6,9.58,-0.06,-0.6263,0.6799,3585987,34449522.0,5021399341.28,5021399341.28
2016-05-09,'600961,株冶集团,9.58,9.99,9.53,9.91,9.97,-0.39,-3.9117,1.0527,5552444,53928857.0,5053046816.12,5053046816.12
2016-05-06,'600961,株冶集团,9.97,10.47,9.95,10.47,10.42,-0.45,-4.3186,1.435,7569155,76919921.0,5258755402.58,5258755402.58
2016-05-05,'600961,株冶集团,10.42,10.49,10.35,10.45,10.45,-0.03,-0.2871,0.7986,4212037,43899650.0,5496111463.88,5496111463.88
2016-05-04,'600961,株冶集团,10.45,10.6,10.24,10.38,10.42,0.03,0.2879,1.4322,7554195,78905493.0,5511935201.3,5511935201.3
2016-05-03,'600961,株冶集团,10.42,10.47,10.22,10.23,10.2,0.22,2.1569,1.1374,5999513,62176337.0,5496111463.88,5496111463.88
2016-04-29,'600961,株冶集团,10.2,10.3,9.99,10.01,10.09,0.11,1.0902,0.8094,4269499,43538938.0,5380070722.8,5380070722.8
2016-04-28,'600961,株冶集团,10.09,10.31,9.9,10.26,10.2,-0.11,-1.0784,1.0869,5732886,57798587.0,5322050352.26,5322050352.26
2016-04-27,'600961,株冶集团,10.2,10.43,10.18,10.3,10.3,-0.1,-0.9709,0.9565,5045042,52001355.0,5380070722.8,5380070722.8
2016-04-26,'600961,株冶集团,10.3,10.35,10.14,10.3,10.31,-0.01,-0.097,0.924,4873837,49854058.0,5432816514.2,5432816514.2
2016-04-25,'600961,株冶集团,10.31,10.59,10.23,10.43,10.43,-0.12,-1.1505,1.3887,7324552,75829339.0,5438091093.34,5438091093.34
2016-04-22,'600961,株冶集团,10.43,10.5,9.87,10.2,10.26,0.17,1.6569,1.3275,7002224,70825499.0,5501386043.02,5501386043.02
2016-04-21,'600961,株冶集团,10.26,10.76,10.22,10.25,10.26,0.0,0.0,1.6984,8958448,93915564.0,5411718197.64,5411718197.64
2016-04-20,'600961,株冶集团,10.26,10.88,10.0,10.86,10.73,-0.47,-4.3802,1.8441,9726817,101157842.0,5411718197.64,5411718197.64
2016-04-19,'600961,株冶集团,10.73,10.87,10.58,10.81,10.66,0.07,0.6567,0.9273,4891278,52354452.0,5659623417.22,5659623417.22
2016-04-18,'600961,株冶集团,10.66,10.78,10.51,10.69,10.79,-0.13,-1.2048,0.9325,4918513,52372968.0,5622701363.24,5622701363.24
2016-04-15,'600961,株冶集团,10.79,10.89,10.65,10.86,10.8,-0.01,-0.0926,1.38,7279104,78409022.0,5691270892.06,5691270892.06
2016-04-14,'600961,株冶集团,10.8,10.99,10.7,10.93,10.88,-0.08,-0.7353,2.1757,11476123,124067336.0,5696545471.2,5696545471.2
2016-04-13,'600961,株冶集团,10.88,11.23,10.8,10.88,10.53,0.35,3.3238,4.4057,23237956,255968600.0,5738742104.32,5738742104.32
2016-04-12,'600961,株冶集团,10.53,10.73,10.37,10.61,10.69,-0.16,-1.4967,1.2739,6719260,70685964.0,5554131834.42,5554131834.42
2016-04-11,'600961,株冶集团,10.69,10.76,10.42,10.5,10.38,0.31,2.9865,1.963,10353937,109488298.0,5638525100.66,5638525100.66
2016-04-08,'600961,株冶集团,10.38,10.7,10.28,10.4,10.6,-0.22,-2.0755,2.6486,13970185,146313238.0,5475013147.32,5475013147.32
2016-04-07,'600961,株冶集团,10.6,11.15,10.56,11.11,11.21,-0.61,-5.4416,3.1533,16632222,180784673.0,5591053888.4,5591053888.4
2016-04-06,'600961,株冶集团,11.21,11.51,10.92,11.51,10.46,0.75,7.1702,5.667,29890782,337919871.0,5912803215.94,5912803215.94
2016-04-05,'600961,株冶集团,10.46,10.48,10.02,10.08,10.12,0.34,3.3597,1.5603,8229867,84625494.0,5517209780.44,5517209780.44
2016-04-01,'600961,株冶集团,10.12,10.21,9.95,10.18,10.2,-0.08,-0.7843,1.0363,5466244,55062151.0,5337874089.68,5337874089.68
2016-03-31,'600961,株冶集团,10.2,10.44,10.17,10.33,10.35,-0.15,-1.4493,1.1963,6309962,64796486.0,5380070722.8,5380070722.8
2016-03-30,'600961,株冶集团,10.35,10.4,10.08,10.36,10.28,0.07,0.6809,1.6909,8918712,91505719.0,5459189409.9,5459189409.9
2016-03-29,'600961,株冶集团,10.28,10.32,9.9,10.05,9.99,0.29,2.9029,1.4365,7577154,77030472.0,5422267355.92,5422267355.92
2016-03-28,'600961,株冶集团,9.99,10.21,9.9,10.0,10.01,-0.02,-0.1998,1.2072,6367354,64483393.0,5269304560.86,5269304560.86
2016-03-25,'600961,株冶集团,10.01,10.09,9.87,9.9,9.99,0.02,0.2002,0.6605,3483631,34748670.0,5279853719.14,5279853719.14
2016-03-24,'600961,株冶集团,9.99,10.3,9.91,10.2,10.37,-0.38,-3.6644,1.4153,7465103,75422268.0,5269304560.86,5269304560.86
2016-03-23,'600961,株冶集团,10.37,10.56,10.25,10.42,10.48,-0.11,-1.0496,0.9394,4954797,51373934.0,5469738568.18,5469738568.18
2016-03-22,'600961,株冶集团,10.48,10.59,10.21,10.25,10.35,0.13,1.256,1.9075,10061523,105116225.0,5527758938.72,5527758938.72
2016-03-21,'600961,株冶集团,10.35,10.38,10.03,10.22,10.1,0.25,2.4752,1.5962,8419042,85966180.0,5459189409.9,5459189409.9
2016-03-18,'600961,株冶集团,10.1,10.21,9.84,9.91,9.72,0.38,3.9095,1.3525,7134080,71884458.0,5327324931.4,5327324931.4
2016-03-17,'600961,株冶集团,9.72,9.78,9.51,9.62,9.51,0.21,2.2082,0.8141,4294271,41556239.0,5126890924.08,5126890924.08
2016-03-16,'600961,株冶集团,9.51,9.84,9.4,9.68,9.68,-0.17,-1.7562,0.5687,2999760,28825586.0,5016124762.14,5016124762.14
2016-03-15,'600961,株冶集团,9.68,9.95,9.57,9.91,9.9,-0.22,-2.2222,0.8188,4318685,41883101.0,5105792607.52,5105792607.52
2016-03-14,'600961,株冶集团,9.9,10.09,9.71,9.71,9.66,0.24,2.4845,0.8381,4420674,43960443.0,5221833348.6,5221833348.6
2016-03-11,'600961,株冶集团,9.66,9.91,9.54,9.7,9.81,-0.15,-1.5291,0.7104,3747250,36322247.0,5095243449.24,5095243449.24
2016-03-10,'600961,株冶集团,9.81,10.11,9.7,10.0,9.95,-0.14,-1.407,0.8043,4242492,42026058.0,5174362136.34,5174362136.34
2016-03-09,'600961,株冶集团,9.95,10.27,9.79,10.27,10.61,-0.66,-6.2205,1.3085,6901946,69280596.0,5248206244.3,5248206244.3
2016-03-08,'600961,株冶集团,10.61,10.77,10.33,10.7,10.68,-0.07,-0.6554,1.6262,8577477,90307090.0,5596328467.54,5596328467.54
2016-03-07,'600961,株冶集团,10.68,10.69,10.31,10.51,10.3,0.38,3.6893,1.8486,9750359,102582481.0,5633250521.52,5633250521.52
2016-03-04,'600961,株冶集团,10.3,10.91,10.02,10.41,10.33,-0.03,-0.2904,2.394,12627416,132698276.0,5432816514.2,5432816514.2
2016-03-03,'600961,株冶集团,10.33,10.76,10.13,10.29,10.21,0.12,1.1753,1.8755,9892348,103421650.0,5448640251.62,5448640251.62
2016-03-02,'600961,株冶集团,10.21,10.41,9.28,9.46,9.46,0.75,7.9281,1.7695,9333241,92926937.0,5385345301.94,5385345301.94
2016-03-01,'600961,株冶集团,9.46,9.63,9.12,9.37,9.26,0.2,2.1598,0.803,4235283,40045524.0,4989751866.44,4989751866.44
2016-02-29,'600961,株冶集团,9.26,10.08,9.1,9.9,10.0,-0.74,-7.4,0.9936,5240927,49103300.0,4884260283.64,4884260283.64
2016-02-26,'600961,株冶集团,10.0,10.23,9.6,10.23,10.12,-0.12,-1.1858,1.4212,7496284,74084662.0,5274579140.0,5274579140.0
2016-02-25,'600961,株冶集团,10.12,11.26,9.95,11.1,11.05,-0.93,-8.4163,1.7208,9076408,95712936.0,5337874089.68,5337874089.68
2016-02-24,'600961,株冶集团,11.05,11.19,10.7,11.02,11.08,-0.03,-0.2708,0.8894,4691389,51437294.0,5828409949.7,5828409949.7
2016-02-23,'600961,株冶集团,11.08,11.4,10.98,11.21,11.29,-0.21,-1.8601,1.2084,6373858,71258539.0,5844233687.12,5844233687.12
2016-02-22,'600961,株冶集团,11.29,11.4,11.08,11.19,11.05,0.24,2.1719,1.5063,7945276,89376019.0,5954999849.06,5954999849.06
2016-02-19,'600961,株冶集团,11.05,11.09,10.89,11.0,11.02,0.03,0.2722,0.7461,3935528,43310846.0,5828409949.7,5828409949.7
2016-02-18,'600961,株冶集团,11.02,11.29,10.95,11.07,11.06,-0.04,-0.3617,1.0324,5445331,60291534.0,5812586212.28,5812586212.28
2016-02-17,'600961,株冶集团,11.06,11.18,10.82,10.82,11.04,0.02,0.1812,1.1121,5865789,64396598.0,5833684528.84,5833684528.84
2016-02-16,'600961,株冶集团,11.04,11.3,10.66,10.68,10.88,0.16,1.4706,1.6364,8631272,94454123.0,5823135370.56,5823135370.56
2016-02-15,'600961,株冶集团,10.88,11.13,10.0,10.01,10.61,0.27,2.5448,1.2339,6508077,68885300.0,5738742104.32,5738742104.32
2016-02-05,'600961,株冶集团,10.61,10.9,10.31,10.84,10.77,-0.16,-1.4856,1.4692,7749484,81804987.0,5596328467.54,5596328467.54
2016-02-04,'600961,株冶集团,10.77,11.03,10.04,10.04,10.04,0.73,7.2709,1.5781,8324004,88966559.0,5680721733.78,5680721733.78
2016-02-03,'600961,株冶集团,10.04,10.1,9.72,9.72,9.93,0.11,1.1078,0.5974,3150828,31352857.0,5295677456.56,5295677456.56
2016-02-02,'600961,株冶集团,9.93,9.98,9.66,9.86,9.68,0.25,2.5826,0.6636,3500360,34477560.0,5237657086.02,5237657086.02
2016-02-01,'600961,株冶集团,9.68,9.93,9.3,9.72,9.91,-0.23,-2.3209,0.7959,4198138,40337284.0,5105792607.52,5105792607.52
2016-01-29,'600961,株冶集团,9.91,10.0,9.46,9.7,9.85,0.06,0.6091,1.1715,6179385,60754561.0,5227107927.74,5227107927.74
2016-01-28,'600961,株冶集团,9.85,10.2,9.45,10.01,10.14,-0.29,-2.86,0.7633,4025895,39653993.0,5195460452.9,5195460452.9
2016-01-27,'600961,株冶集团,10.14,10.4,9.66,10.4,10.35,-0.21,-2.029,1.1921,6287860,62658181.0,5348423247.96,5348423247.96
2016-01-26,'600961,株冶集团,10.35,11.28,9.83,11.0,10.84,-0.49,-4.5203,1.6397,8648978,93320969.0,5459189409.9,5459189409.9
2016-01-25,'600961,株冶集团,10.84,10.92,10.58,10.66,10.66,0.18,1.6886,0.8635,4554600,49067745.0,5717643787.76,5717643787.76
2016-01-22,'600961,株冶集团,10.66,10.8,10.3,10.55,10.34,0.32,3.0948,0.9661,5095679,53514215.0,5622701363.24,5622701363.24
2016-01-21,'600961,株冶集团,10.34,10.73,9.8,9.93,10.11,0.23,2.275,2.3157,12214344,127366762.0,5453914830.76,5453914830.76
2016-01-20,'600961,株冶集团,10.11,10.45,9.82,9.99,10.03,0.08,0.7976,1.1513,6072363,61551101.0,5332599510.54,5332599510.54
2016-01-19,'600961,株冶集团,10.03,10.08,9.61,9.61,9.65,0.38,3.9378,0.9413,4964764,49092278.0,5290402877.42,5290402877.42
2016-01-18,'600961,株冶集团,9.65,9.84,9.25,9.25,9.59,0.06,0.6257,0.806,4251552,40800783.0,5089968870.1,5089968870.1
2016-01-15,'600961,株冶集团,9.59,9.9,9.36,9.9,9.88,-0.29,-2.9352,1.0422,5496909,52931586.0,5058321395.26,5058321395.26
2016-01-14,'600961,株冶集团,9.88,9.96,9.14,9.21,9.62,0.26,2.7027,0.9971,5259542,50832337.0,5211284190.32,5211284190.32
2016-01-13,'600961,株冶集团,9.62,10.07,9.5,10.07,9.91,-0.29,-2.9263,1.042,5496022,54161167.0,5074145132.68,5074145132.68
2016-01-12,'600961,株冶集团,9.91,10.22,9.69,9.76,9.92,-0.01,-0.1008,1.0457,5515469,54615546.0,5227107927.74,5227107927.74
2016-01-11,'600961,株冶集团,9.92,10.73,9.9,10.5,10.75,-0.83,-7.7209,1.5207,8021234,82393335.0,5232382506.88,5232382506.88
2016-01-08,'600961,株冶集团,10.75,11.11,9.61,10.96,10.58,0.17,1.6068,1.6018,8449006,89658306.0,5670172575.5,5670172575.5
2016-01-07,'600961,株冶集团,10.58,11.57,10.57,11.57,11.74,-1.16,-9.8807,0.3842,2026700,22043925.0,5580504730.12,5580504730.12
2016-01-06,'600961,株冶集团,11.74,11.9,11.48,11.66,11.43,0.31,2.7122,1.3255,6991263,81592252.0,6192355910.36,6192355910.36
2016-01-05,'600961,株冶集团,11.43,12.04,10.89,10.89,12.07,-0.64,-5.3024,2.557,13487146,155834050.0,6028843957.02,6028843957.02
2016-01-04,'600961,株冶集团,12.07,13.34,12.05,13.34,13.37,-1.3,-9.7233,1.706,8998339,113036168.0,6366417021.98,6366417021.98
2015-12-31,'600961,株冶集团,13.37,14.0,13.3,13.67,13.74,-0.37,-2.6929,1.9982,10539716,143879209.0,7052112310.18,7052112310.18
2015-12-30,'600961,株冶集团,13.74,14.0,13.06,13.2,13.25,0.49,3.6981,3.7611,19838451,269907071.0,7247271738.36,7247271738.36
2015-12-29,'600961,株冶集团,13.25,13.26,12.89,12.89,12.88,0.37,2.8727,1.9348,10204995,134098308.0,6988817360.5,6988817360.5
2015-12-28,'600961,株冶集团,12.88,13.35,12.72,12.88,12.88,0.0,0.0,2.4445,12893772,168575265.0,6793657932.32,6793657932.32
2015-12-25,'600961,株冶集团,12.88,12.98,12.71,12.77,12.77,0.11,0.8614,1.2148,6407746,82254827.0,6793657932.32,6793657932.32
2015-12-24,'600961,株冶集团,12.77,12.82,12.57,12.58,12.69,0.08,0.6304,1.4025,7397806,93865728.0,6735637561.78,6735637561.78
2015-12-23,'600961,株冶集团,12.69,12.97,12.69,12.86,12.97,-0.28,-2.1588,1.8955,9997764,127762390.0,6693440928.66,6693440928.66
2015-12-22,'600961,株冶集团,12.97,13.16,12.78,12.85,12.82,0.15,1.17,1.9823,10455859,135060516.0,6841129144.58,6841129144.58
2015-12-21,'600961,株冶集团,12.82,13.0,12.62,12.92,12.92,-0.1,-0.774,1.8489,9752201,124693672.0,6762010457.48,6762010457.48
2015-12-18,'600961,株冶集团,12.92,13.2,12.75,13.2,13.18,-0.26,-1.9727,2.2682,11964021,154486056.0,6814756248.88,6814756248.88
2015-12-17,'600961,株冶集团,13.18,13.24,13.0,13.13,13.02,0.16,1.2289,2.786,14695189,192648543.0,6951895306.52,6951895306.52
2015-12-16,'600961,株冶集团,13.02,13.25,12.9,12.95,12.93,0.09,0.6961,1.5107,7968362,104124731.0,6867502040.28,6867502040.28
2015-12-15,'600961,株冶集团,12.93,13.21,12.92,13.21,13.21,-0.28,-2.1196,1.7302,9125915,118706934.0,6820030828.02,6820030828.02
2015-12-14,'600961,株冶集团,13.21,13.3,12.6,12.7,12.93,0.28,2.1655,2.5905,13663676,179019831.0,6967719043.94,6967719043.94
2015-12-11,'600961,株冶集团,12.93,13.15,12.53,12.78,12.96,-0.03,-0.2315,2.2748,11998802,153639471.0,6820030828.02,6820030828.02
2015-12-10,'600961,株冶集团,12.96,13.56,12.6,13.51,14.0,-1.04,-7.4286,5.7522,30340319,396081065.0,6835854565.44,6835854565.44
2015-12-09,'600961,株冶集团,14.0,15.4,13.69,14.99,14.38,-0.38,-2.6426,8.6765,45764762,669562215.0,7384410796.0,7384410796.0
2015-12-08,'600961,株冶集团,14.38,14.97,13.11,13.4,13.61,0.77,5.6576,4.7522,25065632,361638187.0,7584844803.32,7584844803.32
2015-12-07,'600961,株冶集团,13.61,13.75,13.09,13.1,12.99,0.62,4.7729,2.4274,12803706,172871483.0,7178702209.54,7178702209.54
2015-12-04,'600961,株冶集团,12.99,13.39,12.96,13.39,13.39,-0.4,-2.9873,1.7539,9251084,121419765.0,6851678302.86,6851678302.86
2015-12-03,'600961,株冶集团,13.39,13.5,12.69,12.85,12.97,0.42,3.2382,2.6803,14137417,184814763.0,7062661468.46,7062661468.46
2015-12-02,'600961,株冶集团,12.97,13.59,12.82,13.4,13.31,-0.34,-2.5545,1.9481,10275565,135453449.0,6841129144.58,6841129144.58
2015-12-01,'600961,株冶集团,13.31,13.71,13.11,13.57,13.57,-0.26,-1.916,1.5508,8180044,109351954.0,7020464835.34,7020464835.34
2015-11-30,'600961,株冶集团,13.57,13.95,12.91,13.42,13.59,-0.02,-0.1472,3.8409,20259260,271877706.0,7157603892.98,7157603892.98
2015-11-27,'600961,株冶集团,13.59,14.86,13.4,14.6,14.78,-1.19,-8.0514,4.8184,25414971,361020585.0,7168153051.26,7168153051.26
2015-11-26,'600961,株冶集团,14.78,14.91,13.35,13.45,13.55,1.23,9.0775,6.5676,34641154,502814270.0,7795827968.92,7795827968.92
2015-11-25,'600961,株冶集团,13.55,13.76,12.66,12.85,12.95,0.6,4.6332,3.2197,16982791,225317967.0,7147054734.7,7147054734.7
2015-11-24,'600961,株冶集团,12.95,13.0,12.48,12.79,13.07,-0.12,-0.9181,2.7327,14413839,182661099.0,6830579986.3,6830579986.3
2015-11-23,'600961,株冶集团,13.07,13.7,13.0,13.6,13.45,-0.38,-2.8253,2.8618,15095015,201830193.0,6893874935.98,6893874935.98
2015-11-20,'600961,株冶集团,13.45,13.87,13.34,13.66,13.69,-0.24,-1.7531,2.4906,13136894,177307416.0,7094308943.3,7094308943.3
2015-11-19,'600961,株冶集团,13.69,13.93,13.36,13.5,13.35,0.34,2.5468,2.1514,11347669,154208257.0,7220898842.66,7220898842.66
2015-11-18,'600961,株冶集团,13.35,13.93,13.2,13.48,13.37,-0.02,-0.1496,3.3287,17557720,239470836.0,7041563151.9,7041563151.9
2015-11-17,'600961,株冶集团,13.37,13.7,13.15,13.32,13.39,-0.02,-0.1494,3.8362,20234261,272270199.0,7052112310.18,7052112310.18
2015-11-16,'600961,株冶集团,13.39,13.85,12.54,12.65,12.81,0.58,4.5277,3.8238,20168698,271102906.0,7062661468.46,7062661468.46
2015-11-13,'600961,株冶集团,12.81,12.96,11.9,12.3,12.63,0.18,1.4252,4.9106,25901335,324001435.0,6756735878.34,6756735878.34
2015-11-12,'600961,株冶集团,12.63,12.88,12.3,12.39,12.34,0.29,2.3501,4.4089,23254960,293983353.0,6661793453.82,6661793453.82
2015-11-11,'600961,株冶集团,12.34,12.59,12.17,12.45,12.67,-0.33,-2.6046,3.3003,17407791,214488620.0,6508830658.76,6508830658.76
2015-11-10,'600961,株冶集团,12.67,12.68,11.7,11.9,11.97,0.7,5.848,5.3912,28436384,347403012.0,6682891770.38,6682891770.38
2015-11-09,'600961,株冶集团,11.97,12.2,11.62,12.01,12.17,-0.2,-1.6434,4.6657,24609836,291734511.0,6313671230.58,6313671230.58
2015-11-06,'600961,株冶集团,12.17,12.35,11.97,12.03,12.03,0.14,1.1638,1.6723,8820861,107409394.0,6419162813.38,6419162813.38
2015-11-05,'600961,株冶集团,12.03,12.6,11.81,11.92,11.96,0.07,0.5853,2.5631,13519446,164071263.0,6345318705.42,6345318705.42
2015-11-04,'600961,株冶集团,11.96,12.0,11.31,11.31,11.36,0.6,5.2817,1.7668,9319044,109660204.0,6308396651.44,6308396651.44
2015-11-03,'600961,株冶集团,11.36,11.58,11.13,11.4,11.24,0.12,1.0676,1.1964,6310567,71655711.0,5991921903.04,5991921903.04
2015-11-02,'600961,株冶集团,11.24,11.77,11.1,11.38,11.72,-0.48,-4.0956,1.2656,6675497,76497225.0,5928626953.36,5928626953.36
2015-10-30,'600961,株冶集团,11.72,12.01,11.64,12.0,12.15,-0.43,-3.5391,1.7155,9048724,106811017.0,6181806752.08,6181806752.08
2015-10-29,'600961,株冶集团,12.15,12.43,11.99,12.1,11.99,0.16,1.3344,1.3957,7361542,89741317.0,6408613655.1,6408613655.1
2015-10-28,'600961,株冶集团,11.99,12.5,11.95,12.33,12.59,-0.6,-4.7657,1.8465,9739506,119250192.0,6324220388.86,6324220388.86
2015-10-27,'600961,株冶集团,12.59,12.8,11.91,12.62,12.84,-0.25,-1.947,2.4599,12974970,160215657.0,6640695137.26,6640695137.26
2015-10-26,'600961,株冶集团,12.84,13.34,12.6,13.34,13.08,-0.24,-1.8349,2.6217,13828488,178875078.0,6772559615.76,6772559615.76
2015-10-23,'600961,株冶集团,13.08,13.3,12.5,12.81,12.74,0.34,2.6688,3.733,19689813,252024795.0,6899149515.12,6899149515.12
2015-10-22,'600961,株冶集团,12.74,12.85,11.81,11.98,11.96,0.78,6.5217,4.7085,24835424,306970637.0,6719813824.36,6719813824.36
2015-10-21,'600961,株冶集团,11.96,12.47,11.21,12.3,12.44,-0.48,-3.8585,3.7512,19785961,236381366.0,6308396651.44,6308396651.44
2015-10-20,'600961,株冶集团,12.44,12.51,11.42,11.97,11.93,0.51,4.2749,3.8591,20355348,242380712.0,6561576450.16,6561576450.16
2015-10-19,'600961,株冶集团,11.93,12.15,11.66,12.15,12.15,-0.22,-1.8107,2.9404,15509373,184198319.0,6292572914.02,6292572914.02
2015-10-16,'600961,株冶集团,12.15,12.57,11.9,12.1,12.13,0.02,0.1649,3.9601,20887819,254752667.0,6408613655.1,6408613655.1
2015-10-15,'600961,株冶集团,12.13,12.21,11.4,11.5,11.68,0.45,3.8527,4.0384,21300614,252272840.0,6398064496.82,6398064496.82
2015-10-14,'600961,株冶集团,11.68,12.28,11.4,11.55,11.59,0.09,0.7765,4.4723,23589426,280133300.0,6160708435.52,6160708435.52
2015-10-13,'600961,株冶集团,11.59,11.69,11.32,11.5,11.73,-0.14,-1.1935,3.4182,18029460,206847717.0,6113237223.26,6113237223.26
2015-10-12,'600961,株冶集团,11.73,12.22,11.21,11.5,11.21,0.52,4.6387,6.1226,32294168,379389951.0,6187081331.22,6187081331.22
2015-10-09,'600961,株冶集团,11.21,11.21,10.1,10.25,10.19,1.02,10.0098,6.0835,32087684,350813332.0,5912803215.94,5912803215.94
2015-10-08,'600961,株冶集团,10.19,10.32,10.0,10.3,9.79,0.4,4.0858,1.5393,8119194,82788460.0,5374796143.66,5374796143.66
2015-09-30,'600961,株冶集团,9.79,9.97,9.74,9.74,9.74,0.05,0.5133,0.9695,5113647,50362794.0,5163812978.06,5163812978.06
2015-09-29,'600961,株冶集团,9.74,10.11,9.61,9.98,10.17,-0.43,-4.2281,1.7179,9061279,89274609.0,5137440082.36,5137440082.36
2015-09-28,'600961,株冶集团,10.17,10.28,9.8,10.2,10.16,0.01,0.0984,2.0274,10693427,107184715.0,5364246985.38,5364246985.38
2015-09-25,'600961,株冶集团,10.16,10.78,10.01,10.16,10.08,0.08,0.7937,3.6162,19074095,196514683.0,5358972406.24,5358972406.24
2015-09-24,'600961,株冶集团,10.08,10.2,9.91,10.0,9.84,0.24,2.439,2.0161,10634162,106945100.0,5316775773.12,5316775773.12
2015-09-23,'600961,株冶集团,9.84,10.15,9.64,9.98,10.22,-0.38,-3.7182,2.2184,11701347,115885035.0,5190185873.76,5190185873.76
2015-09-22,'600961,株冶集团,10.22,10.54,9.9,10.0,10.0,0.22,2.2,3.1241,16478123,169743703.0,5390619881.08,5390619881.08
2015-09-21,'600961,株冶集团,10.0,10.07,9.3,9.4,9.51,0.49,5.1525,2.1594,11389784,111238650.0,5274579140.0,5274579140.0
2015-09-18,'600961,株冶集团,9.51,9.7,9.22,9.35,9.42,0.09,0.9554,1.9828,10458313,98931336.0,5016124762.14,5016124762.14
2015-09-17,'600961,株冶集团,9.42,10.2,9.4,9.63,9.65,-0.23,-2.3834,3.3275,17551308,173735121.0,4968653549.88,4968653549.88
2015-09-16,'600961,株冶集团,9.65,9.66,8.75,8.75,8.78,0.87,9.9089,3.6024,19001018,175789506.0,5089968870.1,5089968870.1
2015-09-15,'600961,株冶集团,8.78,9.49,8.78,9.1,9.76,-0.98,-10.041,2.9555,15588795,141279744.0,4631080484.92,4631080484.92
2015-09-14,'600961,株冶集团,9.76,11.38,9.76,10.95,10.84,-1.08,-9.9631,4.0066,21133005,219530563.0,5147989240.64,5147989240.64
2015-09-11,'600961,株冶集团,10.84,11.48,10.23,10.5,10.9,-0.06,-0.5505,3.7883,19981577,212845459.0,5717643787.76,5717643787.76
2015-09-10,'600961,株冶集团,10.9,10.91,9.56,9.68,9.92,0.98,9.879,3.3351,17591170,177185834.0,5749291262.6,5749291262.6
2015-09-09,'600961,株冶集团,9.92,9.98,9.24,9.39,9.24,0.68,7.3593,3.0875,16285322,157013048.0,5232382506.88,5232382506.88
2015-09-08,'600961,株冶集团,9.24,9.28,8.5,8.7,8.7,0.54,6.2069,1.7676,9323578,83322068.0,4873711125.36,4873711125.36
2015-09-07,'600961,株冶集团,8.7,9.22,8.47,8.9,8.61,0.09,1.0453,2.5362,13377326,119069223.0,4588883851.8,4588883851.8
2015-09-02,'600961,株冶集团,8.61,9.69,8.46,8.5,9.39,-0.78,-8.3067,3.0898,16297432,144971874.0,4541412639.54,4541412639.54
2015-09-01,'600961,株冶集团,9.39,10.35,9.39,10.35,10.43,-1.04,-9.9712,3.2285,17028758,164496398.0,4952829812.46,4952829812.46
2015-08-31,'600961,株冶集团,10.43,11.55,10.43,11.55,11.59,-1.16,-10.0086,3.88,20465211,224744685.0,5501386043.02,5501386043.02
2015-08-28,'600961,株冶集团,11.59,11.59,10.6,10.78,10.54,1.05,9.962,4.6059,24293973,270742314.0,6113237223.26,6113237223.26
2015-08-27,'600961,株冶集团,10.54,10.56,9.56,10.12,9.83,0.71,7.2228,4.164,21963372,224760199.0,5559406413.56,5559406413.56
2015-08-26,'600961,株冶集团,9.83,10.77,9.22,10.09,10.03,-0.2,-1.994,5.4045,28506424,286585039.0,5184911294.62,5184911294.62
2015-08-25,'600961,株冶集团,10.03,10.6,10.03,10.03,11.14,-1.11,-9.9641,3.6901,19463559,197721952.0,5290402877.42,5290402877.42
2015-08-24,'600961,株冶集团,11.14,11.8,11.14,11.64,12.38,-1.24,-10.0162,2.5147,13263860,148993605.0,5875881161.96,5875881161.96
2015-08-21,'600961,株冶集团,12.38,13.56,12.2,12.75,13.03,-0.65,-4.9885,5.4238,28608075,369892671.0,6529928975.32,6529928975.32
2015-08-20,'600961,株冶集团,13.03,14.28,13.03,14.02,14.48,-1.45,-10.0138,6.6458,35053669,475813234.0,6872776619.42,6872776619.42
2015-08-19,'600961,株冶集团,14.48,15.2,13.41,13.42,14.9,-0.42,-2.8188,10.1584,53581439,739446917.0,7637590594.72,7637590594.72
2015-08-18,'600961,株冶集团,14.9,16.19,14.9,15.9,16.56,-1.66,-10.0242,7.7172,40704902,617349670.0,7859122918.6,7859122918.6
2015-08-17,'600961,株冶集团,16.56,17.51,15.86,16.0,15.92,0.64,4.0201,11.3779,60013684,991896059.0,8734703055.84,8734703055.84
2015-08-14,'600961,株冶集团,15.92,15.92,15.43,15.92,14.47,1.45,10.0207,6.037,31842624,506119507.0,8397129990.88,8397129990.88
2015-08-13,'600961,株冶集团,14.47,14.47,12.85,12.85,13.15,1.32,10.038,6.5466,34530533,475369106.0,7632316015.58,7632316015.58
2015-08-12,'600961,株冶集团,13.15,13.8,12.56,12.75,13.08,0.07,0.5352,5.7448,30301160,395314176.0,6936071569.1,6936071569.1
2015-08-11,'600961,株冶集团,13.08,13.38,12.55,12.89,12.16,0.92,7.5658,9.1206,48107139,625943090.0,6899149515.12,6899149515.12
2015-08-10,'600961,株冶集团,12.16,12.16,11.21,11.3,11.05,1.11,10.0452,3.5794,18880075,223177114.0,6413888234.24,6413888234.24
2015-08-07,'600961,株冶集团,11.05,11.45,10.58,11.45,10.44,0.61,5.8429,7.6269,40228812,443064410.0,5828409949.7,5828409949.7
2015-08-06,'600961,株冶集团,10.44,10.44,9.9,10.0,9.49,0.95,10.0105,1.7072,9004538,93354880.0,5506660622.16,5506660622.16
2015-08-05,'600961,株冶集团,9.49,9.98,9.36,9.76,9.84,-0.35,-3.5569,2.6401,13925404,135106411.0,5005575603.86,5005575603.86
2015-08-04,'600961,株冶集团,9.84,9.85,9.12,9.21,9.17,0.67,7.3064,2.2806,12029061,114298326.0,5190185873.76,5190185873.76
2015-08-03,'600961,株冶集团,9.17,10.0,9.03,9.92,10.03,-0.86,-8.5743,2.6768,14118940,132015068.0,4836789071.38,4836789071.38
2015-07-31,'600961,株冶集团,10.03,10.35,9.72,9.77,9.91,0.12,1.2109,2.9333,15471821,155628891.0,5290402877.42,5290402877.42
2015-07-30,'600961,株冶集团,9.91,10.55,9.45,9.61,9.68,0.23,2.376,4.0198,21202496,211225090.0,5227107927.74,5227107927.74
2015-07-29,'600961,株冶集团,9.68,9.72,8.7,9.45,9.05,0.63,6.9613,2.9764,15699340,144261230.0,5105792607.52,5105792607.52
2015-07-28,'600961,株冶集团,9.05,9.91,8.92,9.02,9.91,-0.86,-8.6781,4.3388,22885118,211390199.0,4773494121.7,4773494121.7
2015-07-27,'600961,株冶集团,9.91,11.22,9.91,10.6,11.01,-1.1,-9.9909,3.947,20818733,220436731.0,5227107927.74,5227107927.74
2015-07-24,'600961,株冶集团,11.01,11.79,10.74,11.07,11.02,-0.01,-0.0907,5.7801,30487761,346657594.0,5807311633.14,5807311633.14
2015-07-23,'600961,株冶集团,11.02,11.28,10.3,10.59,10.54,0.48,4.5541,4.4181,23303691,250073853.0,5812586212.28,5812586212.28
2015-07-22,'600961,株冶集团,10.54,10.95,10.2,10.6,10.63,-0.09,-0.8467,3.9551,20861521,220170595.0,5559406413.56,5559406413.56
2015-07-21,'600961,株冶集团,10.63,11.11,9.9,10.32,10.32,0.31,3.0039,5.6464,29782156,315069631.0,5606877625.82,5606877625.82
2015-07-20,'600961,株冶集团,10.32,10.32,9.2,9.3,9.38,0.94,10.0213,6.0662,31996703,313937723.0,5443365672.48,5443365672.48
2015-07-17,'600961,株冶集团,9.38,9.5,8.51,8.7,8.67,0.71,8.1892,5.2592,27740015,252895201.0,4947555233.32,4947555233.32
2015-07-16,'600961,株冶集团,8.67,8.91,7.52,7.52,8.36,0.31,3.7081,4.9855,26296561,216297485.0,4573060114.38,4573060114.38
2015-07-15,'600961,株冶集团,8.36,9.89,8.28,9.89,8.99,-0.63,-7.0078,8.0492,42455995,392408830.0,4409548161.04,4409548161.04
2015-07-14,'600961,株冶集团,8.99,8.99,8.99,8.99,8.17,0.82,10.0367,0.1175,620003,5573827.0,4741846646.86,4741846646.86
2015-07-13,'600961,株冶集团,8.17,8.17,8.17,8.17,7.43,0.74,9.9596,0.1699,896301,7322779.0,4309331157.38,4309331157.38
2015-07-10,'600961,株冶集团,0.0,0.0,0.0,0.0,7.43,None,None,0.0,0,0.0,3919012301.02,3919012301.02
2015-07-09,'600961,株冶集团,0.0,0.0,0.0,0.0,7.43,None,None,0.0,0,0.0,3919012301.02,3919012301.02
2015-07-08,'600961,株冶集团,7.43,7.43,7.43,7.43,8.26,-0.83,-10.0484,0.132,696300,5173509.0,3919012301.02,3919012301.02
2015-07-07,'600961,株冶集团,8.26,8.26,8.26,8.26,9.18,-0.92,-10.0218,0.487,2568600,21216636.0,4356802369.64,4356802369.64
2015-07-06,'600961,株冶集团,9.18,11.0,9.18,11.0,10.2,-1.02,-10.0,2.7183,14337813,142377350.0,4842063650.52,4842063650.52
2015-07-03,'600961,株冶集团,10.2,11.09,10.2,10.99,11.33,-1.13,-9.9735,2.4962,13166664,136679197.0,5380070722.8,5380070722.8
2015-07-02,'600961,株冶集团,11.33,12.49,11.33,12.0,12.59,-1.26,-10.0079,3.0477,16075197,188673078.0,5976098165.62,5976098165.62
2015-07-01,'600961,株冶集团,12.59,14.22,12.59,13.77,13.99,-1.4,-10.0071,2.5209,13296460,180089124.0,6640695137.26,6640695137.26
2015-06-30,'600961,株冶集团,13.99,14.2,12.0,12.94,13.33,0.66,4.9512,3.7099,19568104,255081130.0,7379136216.86,7379136216.86
2015-06-29,'600961,株冶集团,13.33,15.35,13.33,14.81,14.81,-1.48,-9.9932,3.5929,18951185,265198361.0,7031013993.62,7031013993.62
2015-06-26,'600961,株冶集团,14.81,15.91,14.81,15.9,16.45,-1.64,-9.9696,2.8482,15023313,227727859.0,7811651706.34,7811651706.34
2015-06-25,'600961,株冶集团,16.45,17.69,16.03,17.37,17.55,-1.1,-6.2678,2.957,15597103,266919941.0,8676682685.3,8676682685.3
2015-06-24,'600961,株冶集团,17.55,17.61,16.7,17.05,16.83,0.72,4.2781,3.3938,17900752,307441607.0,9256886390.7,9256886390.7
2015-06-23,'600961,株冶集团,16.83,17.0,15.0,16.5,16.63,0.2,1.2026,2.3213,12243893,199250910.0,8877116692.62,8877116692.62
2015-06-19,'600961,株冶集团,16.63,18.15,16.51,17.4,18.19,-1.56,-8.5761,2.6423,13936868,242803194.0,8771625109.82,8771625109.82
2015-06-18,'600961,株冶集团,18.19,19.59,18.15,18.84,18.85,-0.66,-3.5013,2.9138,15369241,291160426.0,9594459455.66,9594459455.66
2015-06-17,'600961,株冶集团,18.85,19.0,17.5,18.35,18.48,0.37,2.0022,2.9428,15521916,286241879.0,9942581678.9,9942581678.9
2015-06-16,'600961,株冶集团,18.48,19.8,18.23,19.36,19.76,-1.28,-6.4777,3.8861,20497383,391144275.0,9747422250.72,9747422250.72
2015-06-15,'600961,株冶集团,19.76,21.0,19.49,19.78,19.89,-0.13,-0.6536,5.1815,27330156,551898828.0,10422568380.6,10422568380.6
2015-06-12,'600961,株冶集团,19.89,20.14,19.57,20.02,20.01,-0.12,-0.5997,4.6833,24702485,489043780.0,10491137909.5,10491137909.5
2015-06-11,'600961,株冶集团,20.01,20.95,19.7,20.52,20.37,-0.36,-1.7673,4.8613,25641428,519853691.0,10554432859.1,10554432859.1
2015-06-10,'600961,株冶集团,20.37,21.3,20.01,20.35,20.99,-0.62,-2.9538,4.8014,25325295,522490076.0,10744317708.2,10744317708.2
2015-06-09,'600961,株冶集团,20.99,21.67,18.95,19.28,19.8,1.19,6.0101,7.6374,40284029,824288884.0,11071341614.9,11071341614.9
2015-06-08,'600961,株冶集团,19.8,20.96,18.8,20.0,19.35,0.45,2.3256,11.8102,62293893,1240098431.0,10443666697.2,10443666697.2
2015-06-05,'600961,株冶集团,19.35,19.35,17.77,17.77,17.59,1.76,10.0057,6.8701,36236860,685200587.0,10206310635.9,10206310635.9
2015-06-04,'600961,株冶集团,17.59,17.68,15.72,17.41,17.41,0.18,1.0339,4.674,24653592,418813674.0,9277984707.26,9277984707.26
2015-06-03,'600961,株冶集团,17.41,17.5,16.52,16.98,16.84,0.57,3.3848,5.5491,29269173,501489427.0,9183042282.74,9183042282.74
2015-06-02,'600961,株冶集团,16.84,16.95,15.98,16.08,16.11,0.73,4.5313,4.0578,21403101,354080203.0,8882391271.76,8882391271.76
2015-06-01,'600961,株冶集团,16.11,16.28,14.95,15.16,15.25,0.86,5.6393,3.1944,16849367,264998948.0,8497346994.54,8497346994.54
2015-05-29,'600961,株冶集团,15.25,15.68,14.28,15.5,15.58,-0.33,-2.1181,3.6328,19161583,290404196.0,8043733188.5,8043733188.5
2015-05-28,'600961,株冶集团,15.58,17.26,15.54,17.26,17.27,-1.69,-9.7858,5.7832,30504007,505183177.0,8217794300.12,8217794300.12
2015-05-27,'600961,株冶集团,17.27,17.66,16.91,17.5,17.3,-0.03,-0.1734,5.2164,27514074,472993491.0,9109198174.78,9109198174.78
2015-05-26,'600961,株冶集团,17.3,17.5,16.91,17.09,16.91,0.39,2.3063,5.4006,28485638,491418361.0,9125021912.2,9125021912.2
2015-05-25,'600961,株冶集团,16.91,17.16,16.49,16.49,16.47,0.44,2.6715,5.4162,28568090,482170152.0,8919313325.74,8919313325.74
2015-05-22,'600961,株冶集团,16.47,16.67,15.67,15.67,15.55,0.92,5.9164,6.2251,32834844,529530357.0,8687231843.58,8687231843.58
2015-05-21,'600961,株冶集团,15.55,15.8,15.26,15.4,15.44,0.11,0.7124,2.9059,15327519,238414212.0,8201970562.7,8201970562.7
2015-05-20,'600961,株冶集团,15.44,15.79,15.2,15.47,15.5,-0.06,-0.3871,3.5958,18966134,293591863.0,8143950192.16,8143950192.16
2015-05-19,'600961,株冶集团,15.5,15.51,14.87,15.09,15.05,0.45,2.99,2.6274,13858472,211558383.0,8175597667.0,8175597667.0
2015-05-18,'600961,株冶集团,15.05,15.35,14.96,15.2,15.56,-0.51,-3.2776,2.8934,15261608,230233528.0,7938241605.7,7938241605.7
