2016-02-04,'601003,柳钢股份,2.82,2.82,2.75,2.75,2.77,0.05,1.8051,0.3584,9185463,25709825.0,7227076824.0,7227076824.0
2016-02-03,'601003,柳钢股份,2.77,2.77,2.68,2.77,2.77,0.0,0.0,0.2432,6233436,16987883.0,7098937164.0,7098937164.0
2016-02-02,'601003,柳钢股份,2.77,2.79,2.7,2.72,2.72,0.05,1.8382,0.2476,6346747,17536290.0,7098937164.0,7098937164.0
2016-02-01,'601003,柳钢股份,2.72,2.84,2.65,2.8,2.81,-0.09,-3.2028,0.3399,8711353,23926064.0,6970797504.0,6970797504.0
2016-01-29,'601003,柳钢股份,2.81,2.85,2.67,2.69,2.74,0.07,2.5547,0.4754,12183814,33597844.0,7201448892.0,7201448892.0
2016-01-28,'601003,柳钢股份,2.74,2.92,2.72,2.89,2.92,-0.18,-6.1644,0.343,8790966,24980920.0,7022053368.0,7022053368.0
2016-01-27,'601003,柳钢股份,2.92,3.04,2.72,3.02,2.99,-0.07,-2.3411,0.5009,12837310,37156267.0,7483356144.0,7483356144.0
2016-01-26,'601003,柳钢股份,2.99,3.23,2.97,3.2,3.27,-0.28,-8.5627,0.5687,14575405,45437929.0,7662751668.0,7662751668.0
2016-01-25,'601003,柳钢股份,3.27,3.3,3.23,3.24,3.21,0.06,1.8692,0.4414,11311842,36907738.0,8380333764.0,8380333764.0
2016-01-22,'601003,柳钢股份,3.21,3.27,3.12,3.23,3.16,0.05,1.5823,0.4313,11053055,35447059.0,8226566172.0,8226566172.0
2016-01-21,'601003,柳钢股份,3.16,3.34,3.15,3.27,3.33,-0.17,-5.1051,0.4513,11565167,37739058.0,8098426512.0,8098426512.0
2016-01-20,'601003,柳钢股份,3.33,3.4,3.24,3.34,3.35,-0.02,-0.597,0.5024,12875769,42674602.0,8534101356.0,8534101356.0
2016-01-19,'601003,柳钢股份,3.35,3.37,3.24,3.26,3.26,0.09,2.7607,0.4937,12652770,42094131.0,8585357220.0,8585357220.0
2016-01-18,'601003,柳钢股份,3.26,3.33,3.17,3.2,3.29,-0.03,-0.9119,0.369,9456093,30788488.0,8354705832.0,8354705832.0
2016-01-15,'601003,柳钢股份,3.29,3.46,3.26,3.45,3.5,-0.21,-6.0,0.4968,12732788,42729129.0,8431589628.0,8431589628.0
2016-01-14,'601003,柳钢股份,3.5,3.58,3.24,3.3,3.45,0.05,1.4493,0.661,16940395,57582982.0,8969776200.0,8969776200.0
2016-01-13,'601003,柳钢股份,3.45,3.7,3.4,3.48,3.47,-0.02,-0.5764,0.7369,18884227,67155175.0,8841636540.0,8841636540.0
2016-01-12,'601003,柳钢股份,3.47,3.81,3.42,3.71,3.76,-0.29,-7.7128,0.9868,25289479,89864559.0,8892892404.0,8892892404.0
2016-01-11,'601003,柳钢股份,3.76,4.1,3.74,4.05,4.16,-0.4,-9.6154,1.7853,45753774,179002998.0,9636102432.0,9636102432.0
2016-01-08,'601003,柳钢股份,4.16,4.16,3.76,3.93,3.78,0.38,10.0529,2.2421,57461399,233402959.0,10661219712.0,10661219712.0
2016-01-07,'601003,柳钢股份,3.78,4.13,3.78,4.11,4.2,-0.42,-10.0,0.4005,10263680,40610305.0,9687358296.0,9687358296.0
2016-01-06,'601003,柳钢股份,4.2,4.2,3.8,3.82,3.82,0.38,9.9476,1.552,39773983,162371242.0,10763731440.0,10763731440.0
2016-01-05,'601003,柳钢股份,3.82,3.93,3.59,3.71,3.76,0.06,1.5957,0.7601,19479528,73572876.0,9789870024.0,9789870024.0
2016-01-04,'601003,柳钢股份,3.76,4.14,3.73,4.14,4.13,-0.37,-8.9588,0.537,13762620,54512177.0,9636102432.0,9636102432.0
2015-12-31,'601003,柳钢股份,4.13,4.21,4.13,4.18,4.17,-0.04,-0.9592,0.4281,10972528,45639025.0,10584335916.0,10584335916.0
2015-12-30,'601003,柳钢股份,4.17,4.19,4.14,4.16,4.16,0.01,0.2404,0.2768,7094441,29510908.0,10686847644.0,10686847644.0
2015-12-29,'601003,柳钢股份,4.16,4.16,4.1,4.13,4.13,0.03,0.7264,0.2636,6756481,27916598.0,10661219712.0,10661219712.0
2015-12-28,'601003,柳钢股份,4.13,4.26,4.12,4.21,4.17,-0.04,-0.9592,0.3864,9902000,41426485.0,10584335916.0,10584335916.0
2015-12-25,'601003,柳钢股份,4.17,4.18,4.14,4.14,4.15,0.02,0.4819,0.2667,6835430,28426356.0,10686847644.0,10686847644.0
2015-12-24,'601003,柳钢股份,4.15,4.24,4.12,4.24,4.22,-0.07,-1.6588,0.4096,10496199,43675631.0,10635591780.0,10635591780.0
2015-12-23,'601003,柳钢股份,4.22,4.35,4.22,4.34,4.33,-0.11,-2.5404,0.5429,13913300,59263117.0,10814987304.0,10814987304.0
2015-12-22,'601003,柳钢股份,4.33,4.37,4.28,4.32,4.3,0.03,0.6977,0.4942,12664860,54798729.0,11096894556.0,11096894556.0
2015-12-21,'601003,柳钢股份,4.3,4.33,4.23,4.25,4.25,0.05,1.1765,0.6462,16561627,71094533.0,11020010760.0,11020010760.0
2015-12-18,'601003,柳钢股份,4.25,4.33,4.22,4.33,4.33,-0.08,-1.8476,0.5869,15041192,64194328.0,10891871100.0,10891871100.0
2015-12-17,'601003,柳钢股份,4.33,4.4,4.19,4.19,4.18,0.15,3.5885,0.8262,21174896,91272518.0,11096894556.0,11096894556.0
2015-12-16,'601003,柳钢股份,4.18,4.21,4.16,4.19,4.16,0.02,0.4808,0.3326,8523900,35656871.0,10712475576.0,10712475576.0
2015-12-15,'601003,柳钢股份,4.16,4.23,4.15,4.18,4.2,-0.04,-0.9524,0.3676,9419946,39439749.0,10661219712.0,10661219712.0
2015-12-14,'601003,柳钢股份,4.2,4.21,4.04,4.05,4.15,0.05,1.2048,0.4456,11419808,47423901.0,10763731440.0,10763731440.0
2015-12-11,'601003,柳钢股份,4.15,4.22,4.09,4.21,4.23,-0.08,-1.8913,0.5219,13376184,55268188.0,10635591780.0,10635591780.0
2015-12-10,'601003,柳钢股份,4.23,4.36,4.2,4.35,4.37,-0.14,-3.2037,0.6657,17059512,72715877.0,10840615236.0,10840615236.0
2015-12-09,'601003,柳钢股份,4.37,4.43,4.23,4.27,4.29,0.08,1.8648,0.7232,18535092,80918378.0,11199406284.0,11199406284.0
2015-12-08,'601003,柳钢股份,4.29,4.43,4.28,4.42,4.45,-0.16,-3.5955,0.6379,16347740,70779833.0,10994382828.0,10994382828.0
2015-12-07,'601003,柳钢股份,4.45,4.48,4.38,4.38,4.38,0.07,1.5982,0.6787,17392442,77232712.0,11404429740.0,11404429740.0
2015-12-04,'601003,柳钢股份,4.38,4.55,4.35,4.54,4.6,-0.22,-4.7826,1.3192,33808999,150568618.0,11225034216.0,11225034216.0
2015-12-03,'601003,柳钢股份,4.6,4.74,4.51,4.69,4.7,-0.1,-2.1277,1.4902,38190073,176406471.0,11788848720.0,11788848720.0
2015-12-02,'601003,柳钢股份,4.7,4.7,4.2,4.26,4.27,0.43,10.0703,1.8102,46392725,206609510.0,12045128040.0,12045128040.0
2015-12-01,'601003,柳钢股份,4.27,4.27,4.17,4.21,4.22,0.05,1.1848,0.7344,18821687,79509971.0,10943126964.0,10943126964.0
2015-11-30,'601003,柳钢股份,4.22,4.36,3.98,4.29,4.33,-0.11,-2.5404,1.112,28498791,119849253.0,10814987304.0,10814987304.0
2015-11-27,'601003,柳钢股份,4.33,4.7,4.3,4.7,4.72,-0.39,-8.2627,1.711,43848116,198230383.0,11096894556.0,11096894556.0
2015-11-26,'601003,柳钢股份,4.72,4.8,4.72,4.8,4.8,-0.08,-1.6667,1.1751,30114729,143106462.0,12096383904.0,12096383904.0
2015-11-25,'601003,柳钢股份,4.8,4.83,4.76,4.82,4.82,-0.02,-0.4149,0.9253,23713393,113477424.0,12301407360.0,12301407360.0
2015-11-24,'601003,柳钢股份,4.82,4.82,4.73,4.77,4.8,0.02,0.4167,1.0802,27684016,132103246.0,12352663224.0,12352663224.0
2015-11-23,'601003,柳钢股份,4.8,4.86,4.76,4.83,4.83,-0.03,-0.6211,1.4561,37315751,179268299.0,12301407360.0,12301407360.0
2015-11-20,'601003,柳钢股份,4.83,4.87,4.78,4.85,4.89,-0.06,-1.227,1.4818,37974568,183008412.0,12378291156.0,12378291156.0
2015-11-19,'601003,柳钢股份,4.89,4.9,4.71,4.83,4.84,0.05,1.0331,2.0791,53284056,255209968.0,12532058748.0,12532058748.0
2015-11-18,'601003,柳钢股份,4.84,5.07,4.78,5.03,5.17,-0.33,-6.383,3.1812,81527711,400039906.0,12403919088.0,12403919088.0
2015-11-17,'601003,柳钢股份,5.17,5.4,5.0,5.35,5.23,-0.06,-1.1472,5.8067,148813229,772361870.0,13249640844.0,13249640844.0
2015-11-16,'601003,柳钢股份,5.23,5.23,5.23,5.23,5.81,-0.58,-9.9828,2.0204,51778000,270798940.0,13403408436.0,13403408436.0
2015-11-13,'601003,柳钢股份,5.81,5.81,5.81,5.81,6.45,-0.64,-9.9225,0.1531,3922500,22789725.0,14889828492.0,14889828492.0
2015-11-12,'601003,柳钢股份,6.45,6.45,6.45,6.45,7.17,-0.72,-10.0418,0.1233,3160000,20382000.0,16530016140.0,16530016140.0
2015-11-11,'601003,柳钢股份,0.0,0.0,0.0,0.0,7.17,None,None,0.0,0,0.0,18375227244.0,18375227244.0
2015-11-10,'601003,柳钢股份,0.0,0.0,0.0,0.0,7.17,None,None,0.0,0,0.0,18375227244.0,18375227244.0
2015-11-09,'601003,柳钢股份,0.0,0.0,0.0,0.0,7.17,None,None,0.0,0,0.0,18375227244.0,18375227244.0
2015-11-06,'601003,柳钢股份,0.0,0.0,0.0,0.0,7.17,None,None,0.0,0,0.0,18375227244.0,18375227244.0
2015-11-05,'601003,柳钢股份,0.0,0.0,0.0,0.0,7.17,None,None,0.0,0,0.0,18375227244.0,18375227244.0
2015-11-04,'601003,柳钢股份,0.0,0.0,0.0,0.0,7.17,None,None,0.0,0,0.0,18375227244.0,18375227244.0
2015-11-03,'601003,柳钢股份,0.0,0.0,0.0,0.0,7.17,None,None,0.0,0,0.0,18375227244.0,18375227244.0
2015-11-02,'601003,柳钢股份,0.0,0.0,0.0,0.0,7.17,None,None,0.0,0,0.0,18375227244.0,18375227244.0
2015-10-30,'601003,柳钢股份,0.0,0.0,0.0,0.0,7.17,None,None,0.0,0,0.0,18375227244.0,18375227244.0
2015-10-29,'601003,柳钢股份,0.0,0.0,0.0,0.0,7.17,None,None,0.0,0,0.0,18375227244.0,18375227244.0
2015-10-28,'601003,柳钢股份,0.0,0.0,0.0,0.0,7.17,None,None,0.0,0,0.0,18375227244.0,18375227244.0
2015-10-27,'601003,柳钢股份,0.0,0.0,0.0,0.0,7.17,None,None,0.0,0,0.0,18375227244.0,18375227244.0
2015-10-26,'601003,柳钢股份,0.0,0.0,0.0,0.0,7.17,None,None,0.0,0,0.0,18375227244.0,18375227244.0
2015-10-23,'601003,柳钢股份,0.0,0.0,0.0,0.0,7.17,None,None,0.0,0,0.0,18375227244.0,18375227244.0
2015-10-22,'601003,柳钢股份,0.0,0.0,0.0,0.0,7.17,None,None,0.0,0,0.0,18375227244.0,18375227244.0
2015-10-21,'601003,柳钢股份,0.0,0.0,0.0,0.0,7.17,None,None,0.0,0,0.0,18375227244.0,18375227244.0
2015-10-20,'601003,柳钢股份,0.0,0.0,0.0,0.0,7.17,None,None,0.0,0,0.0,18375227244.0,18375227244.0
2015-10-19,'601003,柳钢股份,0.0,0.0,0.0,0.0,7.17,None,None,0.0,0,0.0,18375227244.0,18375227244.0
2015-10-16,'601003,柳钢股份,0.0,0.0,0.0,0.0,7.17,None,None,0.0,0,0.0,18375227244.0,18375227244.0
2015-10-15,'601003,柳钢股份,0.0,0.0,0.0,0.0,7.17,None,None,0.0,0,0.0,18375227244.0,18375227244.0
2015-10-14,'601003,柳钢股份,0.0,0.0,0.0,0.0,7.17,None,None,0.0,0,0.0,18375227244.0,18375227244.0
2015-10-13,'601003,柳钢股份,0.0,0.0,0.0,0.0,7.17,None,None,0.0,0,0.0,18375227244.0,18375227244.0
2015-10-12,'601003,柳钢股份,0.0,0.0,0.0,0.0,7.17,None,None,0.0,0,0.0,18375227244.0,18375227244.0
2015-10-09,'601003,柳钢股份,0.0,0.0,0.0,0.0,7.17,None,None,0.0,0,0.0,18375227244.0,18375227244.0
2015-10-08,'601003,柳钢股份,0.0,0.0,0.0,0.0,7.17,None,None,0.0,0,0.0,18375227244.0,18375227244.0
2015-09-30,'601003,柳钢股份,0.0,0.0,0.0,0.0,7.17,None,None,0.0,0,0.0,18375227244.0,18375227244.0
2015-09-29,'601003,柳钢股份,0.0,0.0,0.0,0.0,7.17,None,None,0.0,0,0.0,18375227244.0,18375227244.0
2015-09-28,'601003,柳钢股份,0.0,0.0,0.0,0.0,7.17,None,None,0.0,0,0.0,18375227244.0,18375227244.0
2015-09-25,'601003,柳钢股份,0.0,0.0,0.0,0.0,7.17,None,None,0.0,0,0.0,18375227244.0,18375227244.0
2015-09-24,'601003,柳钢股份,0.0,0.0,0.0,0.0,7.17,None,None,0.0,0,0.0,18375227244.0,18375227244.0
2015-09-23,'601003,柳钢股份,0.0,0.0,0.0,0.0,7.17,None,None,0.0,0,0.0,18375227244.0,18375227244.0
2015-09-22,'601003,柳钢股份,0.0,0.0,0.0,0.0,7.17,None,None,0.0,0,0.0,18375227244.0,18375227244.0
2015-09-21,'601003,柳钢股份,0.0,0.0,0.0,0.0,7.17,None,None,0.0,0,0.0,18375227244.0,18375227244.0
2015-09-18,'601003,柳钢股份,0.0,0.0,0.0,0.0,7.17,None,None,0.0,0,0.0,18375227244.0,18375227244.0
2015-09-17,'601003,柳钢股份,0.0,0.0,0.0,0.0,7.17,None,None,0.0,0,0.0,18375227244.0,18375227244.0
2015-09-16,'601003,柳钢股份,0.0,0.0,0.0,0.0,7.17,None,None,0.0,0,0.0,18375227244.0,18375227244.0
2015-09-15,'601003,柳钢股份,0.0,0.0,0.0,0.0,7.17,None,None,0.0,0,0.0,18375227244.0,18375227244.0
2015-09-14,'601003,柳钢股份,0.0,0.0,0.0,0.0,7.17,None,None,0.0,0,0.0,18375227244.0,18375227244.0
2015-09-11,'601003,柳钢股份,0.0,0.0,0.0,0.0,7.17,None,None,0.0,0,0.0,18375227244.0,18375227244.0
2015-09-10,'601003,柳钢股份,0.0,0.0,0.0,0.0,7.17,None,None,0.0,0,0.0,18375227244.0,18375227244.0
2015-09-09,'601003,柳钢股份,0.0,0.0,0.0,0.0,7.17,None,None,0.0,0,0.0,18375227244.0,18375227244.0
2015-09-08,'601003,柳钢股份,0.0,0.0,0.0,0.0,7.17,None,None,0.0,0,0.0,18375227244.0,18375227244.0
2015-09-07,'601003,柳钢股份,0.0,0.0,0.0,0.0,7.17,None,None,0.0,0,0.0,18375227244.0,18375227244.0
2015-09-02,'601003,柳钢股份,0.0,0.0,0.0,0.0,7.17,None,None,0.0,0,0.0,18375227244.0,18375227244.0
2015-09-01,'601003,柳钢股份,0.0,0.0,0.0,0.0,7.17,None,None,0.0,0,0.0,18375227244.0,18375227244.0
2015-08-31,'601003,柳钢股份,0.0,0.0,0.0,0.0,7.17,None,None,0.0,0,0.0,18375227244.0,18375227244.0
2015-08-28,'601003,柳钢股份,0.0,0.0,0.0,0.0,7.17,None,None,0.0,0,0.0,18375227244.0,18375227244.0
2015-08-27,'601003,柳钢股份,0.0,0.0,0.0,0.0,7.17,None,None,0.0,0,0.0,18375227244.0,18375227244.0
2015-08-26,'601003,柳钢股份,0.0,0.0,0.0,0.0,7.17,None,None,0.0,0,0.0,18375227244.0,18375227244.0
2015-08-25,'601003,柳钢股份,0.0,0.0,0.0,0.0,7.17,None,None,0.0,0,0.0,18375227244.0,18375227244.0
2015-08-24,'601003,柳钢股份,0.0,0.0,0.0,0.0,7.17,None,None,0.0,0,0.0,18375227244.0,18375227244.0
2015-08-21,'601003,柳钢股份,0.0,0.0,0.0,0.0,7.17,None,None,0.0,0,0.0,18375227244.0,18375227244.0
2015-08-20,'601003,柳钢股份,0.0,0.0,0.0,0.0,7.17,None,None,0.0,0,0.0,18375227244.0,18375227244.0
2015-08-19,'601003,柳钢股份,0.0,0.0,0.0,0.0,7.17,None,None,0.0,0,0.0,18375227244.0,18375227244.0
2015-08-18,'601003,柳钢股份,0.0,0.0,0.0,0.0,7.17,None,None,0.0,0,0.0,18375227244.0,18375227244.0
2015-08-17,'601003,柳钢股份,0.0,0.0,0.0,0.0,7.17,None,None,0.0,0,0.0,18375227244.0,18375227244.0
2015-08-14,'601003,柳钢股份,0.0,0.0,0.0,0.0,7.17,None,None,0.0,0,0.0,18375227244.0,18375227244.0
2015-08-13,'601003,柳钢股份,0.0,0.0,0.0,0.0,7.17,None,None,0.0,0,0.0,18375227244.0,18375227244.0
2015-08-12,'601003,柳钢股份,0.0,0.0,0.0,0.0,7.17,None,None,0.0,0,0.0,18375227244.0,18375227244.0
2015-08-11,'601003,柳钢股份,0.0,0.0,0.0,0.0,7.17,None,None,0.0,0,0.0,18375227244.0,18375227244.0
2015-08-10,'601003,柳钢股份,0.0,0.0,0.0,0.0,7.17,None,None,0.0,0,0.0,18375227244.0,18375227244.0
2015-08-07,'601003,柳钢股份,0.0,0.0,0.0,0.0,7.17,None,None,0.0,0,0.0,18375227244.0,18375227244.0
2015-08-06,'601003,柳钢股份,0.0,0.0,0.0,0.0,7.17,None,None,0.0,0,0.0,18375227244.0,18375227244.0
2015-08-05,'601003,柳钢股份,0.0,0.0,0.0,0.0,7.17,None,None,0.0,0,0.0,18375227244.0,18375227244.0
2015-08-04,'601003,柳钢股份,0.0,0.0,0.0,0.0,7.17,None,None,0.0,0,0.0,18375227244.0,18375227244.0
2015-08-03,'601003,柳钢股份,0.0,0.0,0.0,0.0,7.17,None,None,0.0,0,0.0,18375227244.0,18375227244.0
2015-07-31,'601003,柳钢股份,0.0,0.0,0.0,0.0,7.17,None,None,0.0,0,0.0,18375227244.0,18375227244.0
2015-07-30,'601003,柳钢股份,0.0,0.0,0.0,0.0,7.17,None,None,0.0,0,0.0,18375227244.0,18375227244.0
2015-07-29,'601003,柳钢股份,0.0,0.0,0.0,0.0,7.17,None,None,0.0,0,0.0,18375227244.0,18375227244.0
2015-07-28,'601003,柳钢股份,0.0,0.0,0.0,0.0,7.17,None,None,0.0,0,0.0,18375227244.0,18375227244.0
2015-07-27,'601003,柳钢股份,0.0,0.0,0.0,0.0,7.17,None,None,0.0,0,0.0,18375227244.0,18375227244.0
2015-07-24,'601003,柳钢股份,0.0,0.0,0.0,0.0,7.17,None,None,0.0,0,0.0,18375227244.0,18375227244.0
2015-07-23,'601003,柳钢股份,0.0,0.0,0.0,0.0,7.17,None,None,0.0,0,0.0,18375227244.0,18375227244.0
2015-07-22,'601003,柳钢股份,0.0,0.0,0.0,0.0,7.17,None,None,0.0,0,0.0,18375227244.0,18375227244.0
2015-07-21,'601003,柳钢股份,0.0,0.0,0.0,0.0,7.17,None,None,0.0,0,0.0,18375227244.0,18375227244.0
2015-07-20,'601003,柳钢股份,0.0,0.0,0.0,0.0,7.17,None,None,0.0,0,0.0,18375227244.0,18375227244.0
2015-07-17,'601003,柳钢股份,0.0,0.0,0.0,0.0,7.17,None,None,0.0,0,0.0,18375227244.0,18375227244.0
2015-07-16,'601003,XD柳钢股,0.0,0.0,0.0,0.0,7.17,None,None,0.0,0,0.0,18375227244.0,18375227244.0
2015-07-15,'601003,柳钢股份,0.0,0.0,0.0,0.0,7.2,None,None,0.0,0,0.0,18452111040.0,18452111040.0
2015-07-14,'601003,柳钢股份,0.0,0.0,0.0,0.0,7.2,None,None,0.0,0,0.0,18452111040.0,18452111040.0
2015-07-13,'601003,柳钢股份,0.0,0.0,0.0,0.0,7.2,None,None,0.0,0,0.0,18452111040.0,18452111040.0
2015-07-10,'601003,柳钢股份,0.0,0.0,0.0,0.0,7.2,None,None,0.0,0,0.0,18452111040.0,18452111040.0
2015-07-09,'601003,柳钢股份,0.0,0.0,0.0,0.0,7.2,None,None,0.0,0,0.0,18452111040.0,18452111040.0
2015-07-08,'601003,柳钢股份,0.0,0.0,0.0,0.0,7.2,None,None,0.0,0,0.0,18452111040.0,18452111040.0
2015-07-07,'601003,柳钢股份,0.0,0.0,0.0,0.0,7.2,None,None,0.0,0,0.0,18452111040.0,18452111040.0
2015-07-06,'601003,柳钢股份,0.0,0.0,0.0,0.0,7.2,None,None,0.0,0,0.0,18452111040.0,18452111040.0
2015-07-03,'601003,柳钢股份,0.0,0.0,0.0,0.0,7.2,None,None,0.0,0,0.0,18452111040.0,18452111040.0
2015-07-02,'601003,柳钢股份,0.0,0.0,0.0,0.0,7.2,None,None,0.0,0,0.0,18452111040.0,18452111040.0
2015-07-01,'601003,柳钢股份,0.0,0.0,0.0,0.0,7.2,None,None,0.0,0,0.0,18452111040.0,18452111040.0
2015-06-30,'601003,柳钢股份,0.0,0.0,0.0,0.0,7.2,None,None,0.0,0,0.0,18452111040.0,18452111040.0
2015-06-29,'601003,柳钢股份,0.0,0.0,0.0,0.0,7.2,None,None,0.0,0,0.0,18452111040.0,18452111040.0
2015-06-26,'601003,柳钢股份,0.0,0.0,0.0,0.0,7.2,None,None,0.0,0,0.0,18452111040.0,18452111040.0
2015-06-25,'601003,柳钢股份,0.0,0.0,0.0,0.0,7.2,None,None,0.0,0,0.0,18452111040.0,18452111040.0
2015-06-24,'601003,柳钢股份,0.0,0.0,0.0,0.0,7.2,None,None,0.0,0,0.0,18452111040.0,18452111040.0
2015-06-23,'601003,柳钢股份,0.0,0.0,0.0,0.0,7.2,None,None,0.0,0,0.0,18452111040.0,18452111040.0
2015-06-19,'601003,柳钢股份,0.0,0.0,0.0,0.0,7.2,None,None,0.0,0,0.0,18452111040.0,18452111040.0
2015-06-18,'601003,柳钢股份,0.0,0.0,0.0,0.0,7.2,None,None,0.0,0,0.0,18452111040.0,18452111040.0
2015-06-17,'601003,柳钢股份,0.0,0.0,0.0,0.0,7.2,None,None,0.0,0,0.0,18452111040.0,18452111040.0
2015-06-16,'601003,柳钢股份,0.0,0.0,0.0,0.0,7.2,None,None,0.0,0,0.0,18452111040.0,18452111040.0
2015-06-15,'601003,柳钢股份,7.2,7.45,6.96,6.96,6.92,0.28,4.0462,1.7212,44110966,320055520.0,18452111040.0,18452111040.0
2015-06-12,'601003,柳钢股份,6.92,6.96,6.45,6.5,6.5,0.42,6.4615,2.5489,65323390,443784908.0,17734528944.0,17734528944.0
2015-06-11,'601003,柳钢股份,6.5,6.64,6.4,6.52,6.52,-0.02,-0.3067,1.6932,43393783,282571509.0,16658155800.0,16658155800.0
2015-06-10,'601003,柳钢股份,6.52,6.64,6.32,6.37,6.46,0.06,0.9288,2.0272,51953982,338590296.0,16709411664.0,16709411664.0
2015-06-09,'601003,柳钢股份,6.46,6.66,6.35,6.42,6.51,-0.05,-0.768,2.3146,59318013,386049306.0,16555644072.0,16555644072.0
2015-06-08,'601003,柳钢股份,6.51,6.59,6.15,6.34,6.4,0.11,1.7188,2.6675,68361958,431945220.0,16683783732.0,16683783732.0
2015-06-05,'601003,柳钢股份,6.4,6.58,6.05,6.18,6.09,0.31,5.0903,3.2344,82891670,522724770.0,16401876480.0,16401876480.0
2015-06-04,'601003,柳钢股份,6.09,6.1,5.49,5.77,5.81,0.28,4.8193,2.8292,72505306,430025328.0,15607410588.0,15607410588.0
2015-06-03,'601003,柳钢股份,5.81,5.86,5.55,5.78,5.81,0.0,0.0,1.672,42849372,245607040.0,14889828492.0,14889828492.0
2015-06-02,'601003,柳钢股份,5.81,5.88,5.64,5.83,5.72,0.09,1.5734,1.8293,46881045,270563156.0,14889828492.0,14889828492.0
2015-06-01,'601003,柳钢股份,5.72,5.75,5.36,5.37,5.37,0.35,6.5177,1.3948,35746401,198891862.0,14659177104.0,14659177104.0
2015-05-29,'601003,柳钢股份,5.37,5.54,5.06,5.27,5.39,-0.02,-0.3711,1.4837,38024074,202953713.0,13762199484.0,13762199484.0
2015-05-28,'601003,柳钢股份,5.39,6.08,5.35,5.93,5.93,-0.54,-9.1062,2.3803,61003252,354461579.0,13813455348.0,13813455348.0
2015-05-27,'601003,柳钢股份,5.93,6.08,5.73,5.93,6.02,-0.09,-1.495,2.558,65557357,386864430.0,15197363676.0,15197363676.0
2015-05-26,'601003,柳钢股份,6.02,6.14,5.55,5.64,5.68,0.34,5.9859,3.5793,91730819,534029401.0,15428015064.0,15428015064.0
2015-05-25,'601003,柳钢股份,5.68,5.89,5.53,5.89,5.5,0.18,3.2727,4.3745,112109568,633201860.0,14556665376.0,14556665376.0
2015-05-22,'601003,柳钢股份,5.5,5.5,5.18,5.21,5.0,0.5,10.0,2.4957,63959638,347744167.0,14095362600.0,14095362600.0
2015-05-21,'601003,柳钢股份,5.0,5.0,4.83,4.88,4.92,0.08,1.626,0.6314,16180788,79587199.0,12813966000.0,12813966000.0
2015-05-20,'601003,柳钢股份,4.92,5.08,4.9,4.95,4.92,0.0,0.0,0.7607,19496063,97223360.0,12608942544.0,12608942544.0
2015-05-19,'601003,柳钢股份,4.92,4.93,4.7,4.71,4.73,0.19,4.0169,0.5443,13949273,67899959.0,12608942544.0,12608942544.0
2015-05-18,'601003,柳钢股份,4.73,4.8,4.7,4.8,4.85,-0.12,-2.4742,0.4521,11586589,55037260.0,12122011836.0,12122011836.0
2015-05-15,'601003,柳钢股份,4.85,5.01,4.8,5.01,5.03,-0.18,-3.5785,0.6322,16201386,79119123.0,12429547020.0,12429547020.0
2015-05-14,'601003,柳钢股份,5.03,5.04,4.87,4.98,4.98,0.05,1.004,0.7523,19279523,95791155.0,12890849796.0,12890849796.0
2015-05-13,'601003,柳钢股份,4.98,5.14,4.91,5.0,5.05,-0.07,-1.3861,0.7989,20473027,103228086.0,12762710136.0,12762710136.0
2015-05-12,'601003,柳钢股份,5.05,5.07,4.91,4.99,4.98,0.07,1.4056,0.8617,22083757,110619285.0,12942105660.0,12942105660.0
2015-05-11,'601003,柳钢股份,4.98,5.0,4.76,4.84,4.76,0.22,4.6218,0.7549,19346641,94371631.0,12762710136.0,12762710136.0
2015-05-08,'601003,柳钢股份,4.76,4.79,4.55,4.56,4.52,0.24,5.3097,0.6032,15459686,71666946.0,12198895632.0,12198895632.0
2015-05-07,'601003,柳钢股份,4.52,4.76,4.5,4.76,4.79,-0.27,-5.6367,0.8118,20804174,95568483.0,11583825264.0,11583825264.0
2015-05-06,'601003,柳钢股份,4.79,5.15,4.7,5.07,5.06,-0.27,-5.336,0.9286,23798713,117878328.0,12275779428.0,12275779428.0
2015-05-05,'601003,柳钢股份,5.06,5.41,5.0,5.4,5.4,-0.34,-6.2963,0.9858,25265154,131857231.0,12967733592.0,12967733592.0
2015-05-04,'601003,柳钢股份,5.4,5.42,5.16,5.16,5.2,0.2,3.8462,1.0762,27579814,146885020.0,13839083280.0,13839083280.0
2015-04-30,'601003,柳钢股份,5.2,5.35,5.18,5.33,5.33,-0.13,-2.439,1.0485,26871475,140660373.0,13326524640.0,13326524640.0
2015-04-29,'601003,柳钢股份,5.33,5.42,5.25,5.31,5.4,-0.07,-1.2963,1.1837,30336620,161942097.0,13659687756.0,13659687756.0
2015-04-28,'601003,柳钢股份,5.4,5.66,5.31,5.63,5.65,-0.25,-4.4248,1.3696,35098969,193171618.0,13839083280.0,13839083280.0
2015-04-27,'601003,柳钢股份,5.65,5.7,5.4,5.52,5.47,0.18,3.2907,1.7661,45260900,251923603.0,14479781580.0,14479781580.0
2015-04-24,'601003,柳钢股份,5.47,5.59,5.36,5.59,5.64,-0.17,-3.0142,1.5349,39336142,215576801.0,14018478804.0,14018478804.0
2015-04-23,'601003,柳钢股份,5.64,5.86,5.42,5.48,5.51,0.13,2.3593,2.6099,66886624,378353010.0,14454153648.0,14454153648.0
2015-04-22,'601003,柳钢股份,5.51,5.59,5.23,5.27,5.28,0.23,4.3561,2.0821,53360938,287998042.0,14120990532.0,14120990532.0
2015-04-21,'601003,柳钢股份,5.28,5.32,4.94,5.03,5.05,0.23,4.5545,2.0909,53585502,275145561.0,13531548096.0,13531548096.0
2015-04-20,'601003,柳钢股份,5.05,5.16,4.85,4.95,5.0,0.05,1.0,1.9669,50408572,253128139.0,12942105660.0,12942105660.0
2015-04-17,'601003,柳钢股份,5.0,5.09,4.91,4.91,4.89,0.11,2.2495,1.4808,37949777,189966526.0,12813966000.0,12813966000.0
2015-04-16,'601003,柳钢股份,4.89,4.9,4.68,4.8,4.81,0.08,1.6632,0.9216,23619524,113249175.0,12532058748.0,12532058748.0
2015-04-15,'601003,柳钢股份,4.81,5.08,4.79,5.08,5.1,-0.29,-5.6863,1.297,33240709,164091051.0,12327035292.0,12327035292.0
2015-04-14,'601003,柳钢股份,5.1,5.19,5.02,5.1,5.12,-0.02,-0.3906,1.4811,37958026,193800327.0,13070245320.0,13070245320.0
2015-04-13,'601003,柳钢股份,5.12,5.2,4.92,5.01,5.0,0.12,2.4,1.6395,42016848,211848465.0,13121501184.0,13121501184.0
2015-04-10,'601003,柳钢股份,5.0,5.04,4.78,4.88,4.92,0.08,1.626,1.754,44951816,223073776.0,12813966000.0,12813966000.0
2015-04-09,'601003,柳钢股份,4.92,5.01,4.7,4.88,4.78,0.14,2.9289,2.1739,55711790,271847846.0,12608942544.0,12608942544.0
2015-04-08,'601003,柳钢股份,4.78,4.85,4.62,4.8,4.82,-0.04,-0.8299,1.5571,39905899,188703611.0,12250151496.0,12250151496.0
2015-04-07,'601003,柳钢股份,4.82,4.89,4.63,4.66,4.65,0.17,3.6559,1.5792,40471574,192788152.0,12352663224.0,12352663224.0
2015-04-03,'601003,柳钢股份,4.65,4.69,4.48,4.54,4.55,0.1,2.1978,1.4959,38336126,177119491.0,11916988380.0,11916988380.0
2015-04-02,'601003,柳钢股份,4.55,4.56,4.46,4.53,4.53,0.02,0.4415,0.7694,19717401,89258162.0,11660709060.0,11660709060.0
2015-04-01,'601003,柳钢股份,4.53,4.55,4.47,4.48,4.52,0.01,0.2212,0.7675,19669192,88699871.0,11609453196.0,11609453196.0
2015-03-31,'601003,柳钢股份,4.52,4.72,4.5,4.63,4.62,-0.1,-2.1645,1.093,28011068,129186530.0,11583825264.0,11583825264.0
2015-03-30,'601003,柳钢股份,4.62,4.64,4.5,4.51,4.49,0.13,2.8953,1.0806,27692321,126779794.0,11840104584.0,11840104584.0
2015-03-27,'601003,柳钢股份,4.49,4.58,4.36,4.45,4.44,0.05,1.1261,0.8084,20717722,92531725.0,11506941468.0,11506941468.0
2015-03-26,'601003,柳钢股份,4.44,4.6,4.39,4.5,4.54,-0.1,-2.2026,0.7853,20126738,89893960.0,11378801808.0,11378801808.0
2015-03-25,'601003,柳钢股份,4.54,4.68,4.5,4.64,4.71,-0.17,-3.6093,1.0676,27359408,124952800.0,11635081128.0,11635081128.0
2015-03-24,'601003,柳钢股份,4.71,4.8,4.36,4.41,4.4,0.31,7.0455,2.4007,61525828,283811537.0,12070755972.0,12070755972.0
2015-03-23,'601003,柳钢股份,4.4,4.51,4.32,4.33,4.27,0.13,3.0445,1.3356,34229611,151315743.0,11276290080.0,11276290080.0
2015-03-20,'601003,柳钢股份,4.27,4.29,4.21,4.25,4.25,0.02,0.4706,0.7199,18450808,78360978.0,10943126964.0,10943126964.0
2015-03-19,'601003,柳钢股份,4.25,4.34,4.2,4.34,4.33,-0.08,-1.8476,1.2079,30955576,131468636.0,10891871100.0,10891871100.0
2015-03-18,'601003,柳钢股份,4.33,4.43,4.11,4.12,4.12,0.21,5.0971,1.6129,41335745,178026814.0,11096894556.0,11096894556.0
2015-03-17,'601003,柳钢股份,4.12,4.17,4.04,4.04,4.03,0.09,2.2333,0.9206,23592598,97088820.0,10558707984.0,10558707984.0
2015-03-16,'601003,柳钢股份,4.03,4.07,3.99,4.0,3.99,0.04,1.0025,0.543,13915617,56170644.0,10328056596.0,10328056596.0
2015-03-13,'601003,柳钢股份,3.99,4.0,3.91,3.92,3.91,0.08,2.046,0.5668,14525383,57450161.0,10225544868.0,10225544868.0
2015-03-12,'601003,柳钢股份,3.91,3.91,3.83,3.87,3.85,0.06,1.5584,0.3623,9285415,36098856.0,10020521412.0,10020521412.0
2015-03-11,'601003,柳钢股份,3.85,3.93,3.82,3.88,3.89,-0.04,-1.0283,0.3364,8621155,33364824.0,9866753820.0,9866753820.0
2015-03-10,'601003,柳钢股份,3.89,3.92,3.85,3.87,3.88,0.01,0.2577,0.2858,7324184,28543679.0,9969265548.0,9969265548.0
2015-03-09,'601003,柳钢股份,3.88,3.9,3.8,3.86,3.9,-0.02,-0.5128,0.3175,8137930,31362813.0,9943637616.0,9943637616.0
2015-03-06,'601003,柳钢股份,3.9,3.95,3.83,3.88,3.88,0.02,0.5155,0.3382,8667542,33805177.0,9994893480.0,9994893480.0
2015-03-05,'601003,柳钢股份,3.88,3.96,3.85,3.92,3.93,-0.05,-1.2723,0.3786,9703269,37775795.0,9943637616.0,9943637616.0
2015-03-04,'601003,柳钢股份,3.93,3.95,3.85,3.91,3.91,0.02,0.5115,0.3744,9595903,37455038.0,10071777276.0,10071777276.0
2015-03-03,'601003,柳钢股份,3.91,4.03,3.9,4.03,4.08,-0.17,-4.1667,0.6807,17445943,69076424.0,10020521412.0,10020521412.0
2015-03-02,'601003,柳钢股份,4.08,4.14,3.9,3.95,4.0,0.08,2.0,1.1704,29996052,121027333.0,10456196256.0,10456196256.0
2015-02-27,'601003,柳钢股份,4.0,4.08,3.83,3.84,3.87,0.13,3.3592,0.7567,19392110,76189603.0,10251172800.0,10251172800.0
2015-02-26,'601003,柳钢股份,3.87,3.9,3.73,3.78,3.8,0.07,1.8421,0.3992,10231681,39067332.0,9918009684.0,9918009684.0
2015-02-25,'601003,柳钢股份,3.8,3.83,3.75,3.79,3.79,0.01,0.2639,0.2877,7372671,27929264.0,9738614160.0,9738614160.0
2015-02-17,'601003,柳钢股份,3.79,3.79,3.7,3.7,3.71,0.08,2.1563,0.2685,6881830,25848097.0,9712986228.0,9712986228.0
2015-02-16,'601003,柳钢股份,3.71,3.73,3.65,3.69,3.69,0.02,0.542,0.196,5021860,18585987.0,9507962772.0,9507962772.0
2015-02-13,'601003,柳钢股份,3.69,3.74,3.63,3.63,3.63,0.06,1.6529,0.3401,8715125,32246713.0,9456706908.0,9456706908.0
2015-02-12,'601003,柳钢股份,3.63,3.65,3.59,3.65,3.65,-0.02,-0.5479,0.1185,3037422,10989015.0,9302939316.0,9302939316.0
2015-02-11,'601003,柳钢股份,3.65,3.69,3.59,3.63,3.63,0.02,0.551,0.1548,3966363,14474472.0,9354195180.0,9354195180.0
2015-02-10,'601003,柳钢股份,3.63,3.64,3.55,3.59,3.59,0.04,1.1142,0.1172,3003993,10837466.0,9302939316.0,9302939316.0
2015-02-09,'601003,柳钢股份,3.59,3.73,3.46,3.54,3.55,0.04,1.1268,0.29,7431958,26892802.0,9200427588.0,9200427588.0
2015-02-06,'601003,柳钢股份,3.55,3.66,3.42,3.64,3.66,-0.11,-3.0055,0.3166,8115064,28980845.0,9097915860.0,9097915860.0
2015-02-05,'601003,柳钢股份,3.66,3.88,3.61,3.88,3.8,-0.14,-3.6842,0.4224,10824334,40409058.0,9379823112.0,9379823112.0
2015-02-04,'601003,柳钢股份,3.8,3.89,3.7,3.73,3.73,0.07,1.8767,0.4845,12417285,47598446.0,9738614160.0,9738614160.0
