2016-02-04,'601008,连云港,4.84,4.87,4.76,4.77,4.75,0.09,1.8947,0.8661,7029269,33999608.0,4913641088.84,3928313888.84
2016-02-03,'601008,连云港,4.75,4.78,4.65,4.73,4.76,-0.01,-0.2101,0.6606,5361280,25230275.0,4822271729.75,3855266729.75
2016-02-02,'601008,连云港,4.76,4.81,4.65,4.65,4.65,0.11,2.3656,0.6606,5361791,25538926.0,4832423880.76,3863383080.76
2016-02-01,'601008,连云港,4.65,4.77,4.58,4.7,4.7,-0.05,-1.0638,0.7119,5778390,27053260.0,4720750219.65,3774103219.65
2016-01-29,'601008,连云港,4.7,4.74,4.48,4.5,4.54,0.16,3.5242,0.8476,6879443,31987283.0,4771510974.7,3814684974.7
2016-01-28,'601008,连云港,4.54,4.82,4.51,4.73,4.76,-0.22,-4.6218,0.7362,5975628,28005772.0,4609076558.54,3684823358.54
2016-01-27,'601008,连云港,4.76,4.99,4.5,4.93,4.91,-0.15,-3.055,1.2441,10097260,47879212.0,4832423880.76,3863383080.76
2016-01-26,'601008,连云港,4.91,5.33,4.88,5.33,5.37,-0.46,-8.5661,1.1772,9554865,48913645.0,4984706145.91,3985128345.91
2016-01-25,'601008,连云港,5.37,5.41,5.31,5.36,5.33,0.04,0.7505,0.6538,5306714,28460546.0,5451705092.37,4358480492.37
2016-01-22,'601008,连云港,5.33,5.39,5.2,5.35,5.29,0.04,0.7561,0.947,7686579,40807273.0,5411096488.33,4326015088.33
2016-01-21,'601008,连云港,5.29,5.6,5.28,5.48,5.61,-0.32,-5.7041,1.6144,13103412,71412904.0,5370487884.29,4293549684.29
2016-01-20,'601008,连云港,5.61,5.76,5.4,5.48,5.51,0.1,1.8149,2.4248,19680760,109814945.0,5695356716.61,4553272916.61
2016-01-19,'601008,连云港,5.51,5.53,5.2,5.26,5.25,0.26,4.9524,1.778,14430742,78102301.0,5593835206.51,4472109406.51
2016-01-18,'601008,连云港,5.25,5.36,5.08,5.15,5.23,0.02,0.3824,1.1432,9278491,48566989.0,5329879280.25,4261084280.25
2016-01-15,'601008,连云港,5.23,5.51,5.18,5.47,5.53,-0.3,-5.425,1.2989,10542111,56227119.0,5309574978.23,4244851578.23
2016-01-14,'601008,连云港,5.53,5.55,5.15,5.2,5.41,0.12,2.2181,1.4598,11847928,63443436.0,5614139508.53,4488342108.53
2016-01-13,'601008,连云港,5.41,5.65,5.4,5.55,5.49,-0.08,-1.4572,1.2815,10401287,57718558.0,5492313696.41,4390945896.41
2016-01-12,'601008,连云港,5.49,5.56,5.3,5.45,5.44,0.05,0.9191,1.0857,8811680,48207229.0,5573530904.49,4455876704.49
2016-01-11,'601008,连云港,5.44,5.9,5.42,5.8,5.85,-0.41,-7.0085,1.6444,13346554,75970739.0,5522770149.44,4415294949.44
2016-01-08,'601008,连云港,5.85,5.96,5.51,5.93,5.71,0.14,2.4518,1.5266,12390260,72269966.0,5939008340.85,4748065340.85
2016-01-07,'601008,连云港,5.71,6.18,5.68,6.15,6.26,-0.55,-8.7859,0.3784,3071500,18327797.0,5796878226.71,4634436426.71
2016-01-06,'601008,连云港,6.26,6.29,6.07,6.07,6.04,0.22,3.6424,1.4203,11528044,71037558.0,6355246532.26,5080835732.26
2016-01-05,'601008,连云港,6.04,6.15,5.8,5.99,6.1,-0.06,-0.9836,1.8391,14926418,90030293.0,6131899210.04,4902276010.04
2016-01-04,'601008,连云港,6.1,6.78,6.09,6.77,6.76,-0.66,-9.7633,1.4466,11741159,76212807.0,6192812116.1,4950974116.1
2015-12-31,'601008,连云港,6.76,6.88,6.74,6.8,6.83,-0.07,-1.0249,1.1266,9143904,62318081.0,6862854082.76,5486653282.76
2015-12-30,'601008,连云港,6.83,6.85,6.77,6.82,6.85,-0.02,-0.292,1.0409,8448317,57593747.0,6933919139.83,5543467739.83
2015-12-29,'601008,连云港,6.85,6.87,6.71,6.81,6.81,0.04,0.5874,1.0281,8344426,56805826.0,6954223441.85,5559700441.85
2015-12-28,'601008,连云港,6.81,7.06,6.81,7.02,6.98,-0.17,-2.4355,1.6268,13203872,91587841.0,6913614837.81,5527235037.81
2015-12-25,'601008,连云港,6.98,7.04,6.92,6.92,6.95,0.03,0.4317,1.1487,9323422,65034316.0,7086201404.98,5665213004.98
2015-12-24,'601008,连云港,6.95,7.0,6.79,6.98,7.02,-0.07,-0.9972,1.5692,12735985,87810796.0,7055744951.95,5640863951.95
2015-12-23,'601008,连云港,7.02,7.15,7.0,7.11,7.16,-0.14,-1.9553,2.176,17660878,124990967.0,7126810009.02,5697678409.02
2015-12-22,'601008,连云港,7.16,7.29,6.95,7.02,7.03,0.13,1.8492,3.0773,24976810,177823946.0,7268940123.16,5811307323.16
2015-12-21,'601008,连云港,7.03,7.04,6.92,6.96,6.99,0.04,0.5722,2.172,17628325,123576452.0,7136962160.03,5705794760.03
2015-12-18,'601008,连云港,6.99,7.07,6.94,7.04,7.06,-0.07,-0.9915,2.129,17279656,120996284.0,7096353555.99,5673329355.99
2015-12-17,'601008,连云港,7.06,7.08,6.95,6.98,6.88,0.18,2.6163,3.3904,27517550,192923235.0,7167418613.06,5730143813.06
2015-12-16,'601008,连云港,6.88,7.04,6.81,7.04,7.02,-0.14,-1.9943,2.8004,22729054,156520271.0,6984679894.88,5584049494.88
2015-12-15,'601008,连云港,7.02,7.09,6.95,7.03,7.02,0.0,0.0,1.7606,14289365,100437204.0,7126810009.02,5697678409.02
2015-12-14,'601008,连云港,7.02,7.05,6.55,6.6,6.63,0.39,5.8824,2.2341,18132521,124217865.0,7126810009.02,5697678409.02
2015-12-11,'601008,连云港,6.63,6.7,6.52,6.68,6.67,-0.04,-0.5997,1.2116,9833883,64805949.0,6730876119.63,5381140719.63
2015-12-10,'601008,连云港,6.67,6.83,6.66,6.83,6.78,-0.11,-1.6224,1.3066,10605225,71687653.0,6771484723.67,5413606123.67
2015-12-09,'601008,连云港,6.78,6.82,6.64,6.76,6.82,-0.04,-0.5865,1.4469,11743380,79096838.0,6883158384.78,5502885984.78
2015-12-08,'601008,连云港,6.82,7.1,6.81,7.1,7.13,-0.31,-4.3478,1.6358,13276530,91946117.0,6923766988.82,5535351388.82
2015-12-07,'601008,连云港,7.13,7.15,7.05,7.09,7.1,0.03,0.4225,1.3886,11270236,80038350.0,7238483670.13,5786958270.13
2015-12-04,'601008,连云港,7.1,7.21,7.06,7.15,7.13,-0.03,-0.4208,1.9348,15703794,111972369.0,7208027217.1,5762609217.1
2015-12-03,'601008,连云港,7.13,7.15,7.0,7.02,7.02,0.11,1.567,1.6368,13284828,94173159.0,7238483670.13,5786958270.13
2015-12-02,'601008,连云港,7.02,7.08,6.79,7.03,7.15,-0.13,-1.8182,2.2879,18569129,129425439.0,7126810009.02,5697678409.02
2015-12-01,'601008,连云港,7.15,7.35,7.03,7.18,7.04,0.11,1.5625,3.1112,25251253,181567768.0,7258787972.15,5803190972.15
2015-11-30,'601008,连云港,7.04,7.12,6.5,6.96,7.01,0.03,0.428,3.1836,25839531,178253230.0,7147114311.04,5713911111.04
2015-11-27,'601008,连云港,7.01,7.66,6.93,7.6,7.7,-0.69,-8.961,4.7135,38256720,278061227.0,7116657858.01,5689562058.01
2015-11-26,'601008,连云港,7.7,7.82,7.61,7.8,7.78,-0.08,-1.0283,3.104,25193298,193986891.0,7817156277.7,6249590277.7
2015-11-25,'601008,连云港,7.78,7.82,7.67,7.72,7.76,0.02,0.2577,2.6599,21588771,167390395.0,7898373485.78,6314521085.78
2015-11-24,'601008,连云港,7.76,7.82,7.58,7.81,7.85,-0.09,-1.1465,3.0277,24573731,188997982.0,7878069183.76,6298288383.76
2015-11-23,'601008,连云港,7.85,8.05,7.8,7.95,7.97,-0.12,-1.5056,3.5788,29046461,229251683.0,7969438542.85,6371335542.85
2015-11-20,'601008,连云港,7.97,8.19,7.86,7.97,7.96,0.01,0.1256,5.8639,47593413,380514457.0,8091264354.97,6468731754.97
2015-11-19,'601008,连云港,7.96,7.97,7.71,7.83,7.79,0.17,2.1823,4.5654,37054776,290511328.0,8081112203.96,6460615403.96
2015-11-18,'601008,连云港,7.79,7.95,7.67,7.9,7.9,-0.11,-1.3924,4.6121,37433137,291220396.0,7908525636.79,6322637436.79
2015-11-17,'601008,连云港,7.9,8.23,7.73,7.82,7.74,0.16,2.0672,9.5699,77672948,619783036.0,8020199297.9,6411917297.9
2015-11-16,'601008,连云港,7.74,7.75,7.28,7.48,7.68,0.06,0.7813,2.8771,23351937,176398236.0,7857764881.74,6282055681.74
2015-11-13,'601008,连云港,7.68,7.87,7.62,7.7,7.68,0.0,0.0,4.6297,37576025,290896033.0,7796851975.68,6233357575.68
2015-11-12,'601008,连云港,7.68,7.9,7.58,7.9,7.84,-0.16,-2.0408,4.4816,36373998,279308913.0,7796851975.68,6233357575.68
2015-11-11,'601008,连云港,7.84,7.94,7.71,7.78,7.77,0.07,0.9009,5.3726,43606178,341714383.0,7959286391.84,6363219191.84
2015-11-10,'601008,连云港,7.77,7.96,7.62,7.7,7.75,0.02,0.2581,5.7525,46689651,362020109.0,7888221334.77,6306404734.77
2015-11-09,'601008,连云港,7.75,7.88,7.53,7.65,7.76,-0.01,-0.1289,6.1797,50156274,387302124.0,7867917032.75,6290172032.75
2015-11-06,'601008,连云港,7.76,7.88,7.45,7.52,7.53,0.23,3.0544,6.9632,56515745,432408014.0,7878069183.76,6298288383.76
2015-11-05,'601008,连云港,7.53,7.67,7.3,7.42,7.36,0.17,2.3098,6.2203,50485780,377756274.0,7644569710.53,6111612310.53
2015-11-04,'601008,连云港,7.36,7.37,7.06,7.06,7.04,0.32,4.5455,4.1622,33781660,244917352.0,7471983143.36,5973634343.36
2015-11-03,'601008,连云港,7.04,7.39,6.9,7.28,7.28,-0.24,-3.2967,3.8831,31516940,223469880.0,7147114311.04,5713911111.04
2015-11-02,'601008,连云港,7.28,7.87,7.25,7.68,7.6,-0.32,-4.2105,6.2288,50555468,383826574.0,7390765935.28,5908703535.28
2015-10-30,'601008,连云港,7.6,7.76,7.4,7.76,7.79,-0.19,-2.439,5.1717,41975627,318985257.0,7715634767.6,6168426767.6
2015-10-29,'601008,连云港,7.79,7.85,7.48,7.6,7.51,0.28,3.7284,5.9033,47913223,369947017.0,7908525636.79,6322637436.79
2015-10-28,'601008,连云港,7.51,7.98,7.43,7.7,7.77,-0.26,-3.3462,6.0644,49221076,380102596.0,7624265408.51,6095379608.51
2015-10-27,'601008,连云港,7.77,7.89,7.3,7.8,8.02,-0.25,-3.1172,7.3344,59528186,455950568.0,7888221334.77,6306404734.77
2015-10-26,'601008,连云港,8.02,8.14,7.5,7.64,7.61,0.41,5.3876,10.9443,88828067,693132066.0,8142025110.02,6509313510.02
2015-10-23,'601008,连云港,7.61,7.78,7.19,7.24,7.29,0.32,4.3896,8.2579,67023626,504151556.0,7725786918.61,6176543118.61
2015-10-22,'601008,连云港,7.29,7.35,6.75,6.75,6.8,0.49,7.2059,5.8944,47840786,337724026.0,7400918086.29,5916819886.29
2015-10-21,'601008,连云港,6.8,7.56,6.7,7.28,7.34,-0.54,-7.3569,7.8889,64029311,462646893.0,6903462686.8,5519118686.8
2015-10-20,'601008,连云港,7.34,7.44,7.09,7.13,7.2,0.14,1.9444,5.292,42951523,310409072.0,7451678841.34,5957401641.34
2015-10-19,'601008,连云港,7.2,7.58,7.1,7.33,7.3,-0.1,-1.3699,8.6021,69817960,512230237.0,7309548727.2,5843772727.2
2015-10-16,'601008,连云港,7.3,7.51,6.9,7.01,6.88,0.42,6.1047,9.7161,78859537,567690927.0,7411070237.3,5924936237.3
2015-10-15,'601008,连云港,6.88,6.93,6.56,6.6,6.65,0.23,3.4586,4.5829,37196188,252970408.0,6984679894.88,5584049494.88
2015-10-14,'601008,连云港,6.65,6.88,6.62,6.83,6.93,-0.28,-4.0404,4.979,40411271,272697379.0,6751180421.65,5397373421.65
2015-10-13,'601008,连云港,6.93,7.05,6.57,6.64,6.68,0.25,3.7425,6.7268,54596866,373520382.0,7035440649.93,5624631249.93
2015-10-12,'601008,连云港,6.68,6.79,6.39,6.45,6.41,0.27,4.2122,5.6428,45799116,303264995.0,6781636874.68,5421722474.68
2015-10-09,'601008,连云港,6.41,6.53,6.25,6.31,6.39,0.02,0.313,4.0137,32576809,207873532.0,6507528797.41,5202580997.41
2015-10-08,'601008,连云港,6.39,6.54,6.2,6.27,6.04,0.35,5.7947,3.9776,32283327,205038422.0,6487224495.39,5186348295.39
2015-09-30,'601008,连云港,6.04,6.09,5.97,6.04,5.97,0.07,1.1725,1.7237,13990168,84412571.0,6131899210.04,4902276010.04
2015-09-29,'601008,连云港,5.97,6.16,5.9,6.1,6.23,-0.26,-4.1734,2.9116,23631904,142217261.0,6060834152.97,4845461552.97
2015-09-28,'601008,连云港,6.23,6.42,5.9,6.15,6.1,0.13,2.1311,3.642,29559623,182589014.0,6324790079.23,5056486679.23
2015-09-25,'601008,连云港,6.1,6.68,6.1,6.68,6.78,-0.68,-10.0295,7.0029,56837784,356914512.0,6192812116.1,4950974116.1
2015-09-24,'601008,连云港,6.78,7.15,6.61,6.75,6.6,0.18,2.7273,7.2105,58523079,401786967.0,6883158384.78,5502885984.78
2015-09-23,'601008,连云港,6.6,6.8,6.24,6.32,6.46,0.14,2.1672,6.9807,56657431,375059517.0,6700419666.6,5356791666.6
2015-09-22,'601008,连云港,6.46,6.66,6.35,6.5,6.58,-0.12,-1.8237,5.4584,44302623,287113343.0,6558289552.46,5243162752.46
2015-09-21,'601008,连云港,6.58,6.69,6.0,6.1,6.09,0.49,8.046,8.4585,68651839,440524774.0,6680115364.58,5340558964.58
2015-09-18,'601008,连云港,6.09,6.09,5.5,5.6,5.54,0.55,9.9278,3.9758,32269380,188218969.0,6182659965.09,4942857765.09
2015-09-17,'601008,连云港,5.54,5.95,5.51,5.71,5.74,-0.2,-3.4843,3.5455,28776475,164843384.0,5624291659.54,4496458459.54
2015-09-16,'601008,连云港,5.74,5.75,5.25,5.28,5.23,0.51,9.7514,2.8893,23450420,128832104.0,5827334679.74,4658785479.74
2015-09-15,'601008,连云港,5.23,5.73,5.17,5.61,5.74,-0.51,-8.885,2.7389,22229627,120674786.0,5309574978.23,4244851578.23
2015-09-14,'601008,连云港,5.74,6.51,5.72,6.46,6.36,-0.62,-9.7484,3.6273,29440488,178448550.0,5827334679.74,4658785479.74
2015-09-11,'601008,连云港,6.36,6.47,6.24,6.28,6.29,0.07,1.1129,2.0952,17005569,107990153.0,6456768042.36,5161999242.36
2015-09-10,'601008,连云港,6.29,6.58,6.28,6.41,6.61,-0.32,-4.8411,3.4007,27601491,177605173.0,6385702985.29,5105184785.29
2015-09-09,'601008,连云港,6.61,6.65,6.28,6.39,6.35,0.26,4.0945,5.038,40889906,266204836.0,6710571817.61,5364908017.61
2015-09-08,'601008,连云港,6.35,6.48,5.88,6.0,6.0,0.35,5.8333,2.9057,23583447,144669862.0,6446615891.35,5153882891.35
2015-09-07,'601008,连云港,6.0,6.29,5.94,5.96,5.89,0.11,1.8676,3.321,26954035,164551477.0,6091290606.0,4869810606.0
2015-09-02,'601008,连云港,5.89,6.63,5.78,6.0,6.35,-0.46,-7.2441,4.1127,33380212,205962340.0,5979616944.89,4780530744.89
2015-09-01,'601008,连云港,6.35,6.79,6.35,6.52,7.06,-0.71,-10.0567,5.2396,42526204,275488838.0,6446615891.35,5153882891.35
2015-08-31,'601008,连云港,7.06,7.8,7.01,7.23,7.38,-0.32,-4.336,7.1661,58162726,426544173.0,7167418613.06,5730143813.06
2015-08-28,'601008,连云港,7.38,7.41,6.66,6.85,6.74,0.64,9.4955,7.5495,61274435,427918010.0,7492287445.38,5989867045.38
2015-08-27,'601008,连云港,6.74,7.03,6.09,6.76,6.75,-0.01,-0.1481,6.763,54891227,360666610.0,6842549780.74,5470420580.74
2015-08-26,'601008,连云港,6.75,7.59,6.75,7.11,7.5,-0.75,-10.0,9.0585,73522039,515522569.0,6852701931.75,5478536931.75
2015-08-25,'601008,连云港,7.5,7.65,7.5,7.5,8.33,-0.83,-9.964,3.0674,24896456,186952682.0,7614113257.5,6087263257.5
2015-08-24,'601008,连云港,8.33,8.65,8.33,8.33,9.25,-0.92,-9.9459,5.0677,41131267,344336549.0,8456741791.33,6760920391.33
2015-08-21,'601008,连云港,9.25,9.68,8.61,8.86,8.88,0.37,4.1667,15.9481,129440735,1194367013.0,9390739684.25,7507624684.25
2015-08-20,'601008,连云港,8.88,9.26,8.12,8.34,8.49,0.39,4.5936,7.7774,63123822,546080422.0,9015110096.88,7207319696.88
2015-08-19,'601008,连云港,8.49,8.65,7.57,8.0,8.4,0.09,1.0714,5.7627,46772133,377974759.0,8619176207.49,6890782007.49
2015-08-18,'601008,连云港,8.4,9.25,8.4,9.24,9.33,-0.93,-9.9678,8.0681,65483277,577092647.0,8527806848.4,6817734848.4
2015-08-17,'601008,连云港,9.33,9.69,8.91,9.07,9.16,0.17,1.8559,8.4178,68321917,638168893.0,9471956892.33,7572555492.33
2015-08-14,'601008,连云港,9.16,9.55,9.01,9.2,9.19,-0.03,-0.3264,8.8623,71929460,663926265.0,9299370325.16,7434577525.16
2015-08-13,'601008,连云港,9.19,9.21,8.58,8.6,8.8,0.39,4.4318,7.0068,56870015,504523447.0,9329826778.19,7458926578.19
2015-08-12,'601008,连云港,8.8,9.1,8.78,9.0,9.22,-0.42,-4.5553,7.6464,62060830,554368489.0,8933892888.8,7142388888.8
2015-08-11,'601008,连云港,9.22,9.5,9.0,9.0,9.5,-0.28,-2.9474,12.6898,102994731,951267749.0,9360283231.22,7483275631.22
2015-08-10,'601008,连云港,9.5,9.86,8.7,8.79,8.96,0.54,6.0268,15.9317,129307361,1208669155.0,9644543459.5,7710533459.5
2015-08-07,'601008,连云港,8.96,9.15,8.45,9.04,8.72,0.24,2.7523,17.7521,144081967,1266234288.0,9096327304.96,7272250504.96
2015-08-06,'601008,连云港,8.72,8.72,8.01,8.1,7.93,0.79,9.9622,9.9188,80504251,683409078.0,8852675680.72,7077458080.72
2015-08-05,'601008,连云港,7.93,8.24,7.7,7.95,7.96,-0.03,-0.3769,8.8533,71856339,574210578.0,8050655750.93,6436266350.93
2015-08-04,'601008,连云港,7.96,8.0,7.12,7.12,7.28,0.68,9.3407,7.966,64655151,492258912.0,8081112203.96,6460615403.96
2015-08-03,'601008,连云港,7.28,7.79,7.28,7.6,8.09,-0.81,-10.0124,7.9641,64639557,483140940.0,7390765935.28,5908703535.28
2015-07-31,'601008,连云港,8.09,8.47,7.83,7.91,7.8,0.29,3.7179,16.7884,136260509,1111995353.0,8213090167.09,6566127967.09
2015-07-30,'601008,连云港,7.8,7.8,6.92,7.1,7.09,0.71,10.0141,9.4578,76762460,583642647.0,7918677787.8,6330753787.8
2015-07-29,'601008,连云港,7.09,7.1,6.51,6.7,6.53,0.56,8.5758,4.2513,34504957,232962504.0,7197875066.09,5754492866.09
2015-07-28,'601008,连云港,6.53,7.07,6.36,6.45,7.07,-0.54,-7.6379,5.2455,42574574,280815172.0,6629354609.53,5299977209.53
2015-07-27,'601008,连云港,7.07,7.82,7.07,7.61,7.85,-0.78,-9.9363,6.0762,49316810,368776450.0,7177570764.07,5738260164.07
2015-07-24,'601008,连云港,7.85,8.3,7.68,7.87,7.85,0.0,0.0,9.5491,77503622,619975801.0,7969438542.85,6371335542.85
2015-07-23,'601008,连云港,7.85,7.97,7.33,7.4,7.41,0.44,5.9379,7.9703,64689408,494643661.0,7969438542.85,6371335542.85
2015-07-22,'601008,连云港,7.41,7.59,7.15,7.5,7.46,-0.05,-0.6702,5.4681,44380874,328769460.0,7522743898.41,6014216098.41
2015-07-21,'601008,连云港,7.46,7.6,7.07,7.13,7.3,0.16,2.1918,5.7564,46721001,344830712.0,7573504653.46,6054797853.46
2015-07-20,'601008,连云港,7.3,7.51,7.1,7.3,7.21,0.09,1.2483,5.6074,45511503,332890958.0,7411070237.3,5924936237.3
2015-07-17,'601008,连云港,7.21,7.28,6.74,6.78,6.74,0.47,6.9733,5.037,40882400,288282389.0,7319700878.21,5851889078.21
2015-07-16,'601008,连云港,6.74,6.96,6.01,6.1,6.59,0.15,2.2762,4.9752,40380491,267019210.0,6842549780.74,5470420580.74
2015-07-15,'601008,连云港,6.59,7.16,6.59,7.03,7.32,-0.73,-9.9727,5.6515,45869374,312075777.0,6690267515.59,5348675315.59
2015-07-14,'601008,连云港,7.32,7.65,7.02,7.24,6.96,0.36,5.1724,11.4727,93116642,685612567.0,7431374539.32,5941168939.32
2015-07-13,'601008,连云港,6.96,6.96,6.69,6.96,6.33,0.63,9.9526,6.6954,54342562,375477732.0,7065897102.96,5648980302.96
2015-07-10,'601008,连云港,6.33,6.33,6.03,6.03,5.75,0.58,10.087,3.751,30444566,190129646.0,6426311589.33,5137650189.33
2015-07-09,'601008,连云港,5.75,5.75,4.9,4.9,5.23,0.52,9.9426,6.2165,50455396,277789085.0,5837486830.75,4666901830.75
2015-07-08,'601008,连云港,5.23,5.4,5.23,5.23,5.81,-0.58,-9.9828,4.0491,32864016,172308758.0,5309574978.23,4244851578.23
2015-07-07,'601008,连云港,5.81,6.28,5.81,6.27,6.45,-0.64,-9.9225,3.8594,31324491,186612015.0,5898399736.81,4715599936.81
2015-07-06,'601008,连云港,6.45,7.55,6.22,7.48,6.9,-0.45,-6.5217,5.6876,46162821,314996281.0,6548137401.45,5235046401.45
2015-07-03,'601008,连云港,6.9,7.64,6.9,7.23,7.67,-0.77,-10.0391,4.7274,38369617,272209412.0,7004984196.9,5600282196.9
2015-07-02,'601008,连云港,7.67,8.75,7.67,8.5,8.52,-0.85,-9.9765,4.8404,39285999,313595595.0,7786699824.67,6225241224.67
2015-07-01,'601008,连云港,8.52,9.52,8.52,9.25,9.47,-0.95,-10.0317,5.9647,48411389,442117862.0,8649632660.52,6915131060.52
2015-06-30,'601008,连云港,9.47,9.64,8.16,8.6,9.07,0.4,4.4101,7.2213,58610462,518516211.0,9614087006.47,7686184406.47
2015-06-29,'601008,连云港,9.07,10.44,9.07,10.25,10.08,-1.01,-10.0198,5.2479,42593918,403305926.0,9208000966.07,7361530366.07
2015-06-26,'601008,连云港,10.08,10.81,10.08,10.8,11.2,-1.12,-10.0,4.4029,35735461,368631816.0,10233368218.1,8181281818.08
2015-06-25,'601008,连云港,11.2,12.21,11.0,12.21,12.2,-1.0,-8.1967,5.9299,48129159,565842729.0,11370409131.2,9090313131.2
2015-06-24,'601008,连云港,12.2,12.27,11.63,12.15,12.0,0.2,1.6667,6.6111,53657630,646491596.0,12385624232.2,9901948232.2
2015-06-23,'601008,连云港,12.0,12.56,11.49,12.11,12.77,-0.77,-6.0298,7.0385,57127014,674964541.0,12182581212.0,9739621212.0
2015-06-19,'601008,连云港,12.77,13.86,12.77,13.58,14.19,-1.42,-10.007,7.669,62244298,821865956.0,12964296839.8,10364580239.8
2015-06-18,'601008,连云港,14.19,15.0,13.52,13.7,13.92,0.27,1.9397,14.963,121445339,1756121645.0,14405902283.2,11517102083.2
2015-06-17,'601008,连云港,13.92,14.22,12.9,13.0,13.36,0.56,4.1916,8.4667,68718562,935088512.0,14131794205.9,11297960605.9
2015-06-16,'601008,连云港,13.36,14.35,13.2,14.27,14.53,-1.17,-8.0523,8.7898,71341369,987928339.0,13563273749.4,10843444949.4
2015-06-15,'601008,连云港,14.53,14.65,13.25,13.67,13.86,0.67,4.8341,15.2346,123649033,1732676998.0,14751075417.5,11793058017.5
2015-06-12,'601008,连云港,13.86,14.4,13.79,13.83,13.72,0.14,1.0204,13.8109,112094391,1582217761.0,14070881299.9,11249262499.9
2015-06-11,'601008,连云港,13.72,13.78,13.12,13.4,13.33,0.39,2.9257,7.8656,63839984,861947268.0,13928751185.7,11135633585.7
2015-06-10,'601008,连云港,13.33,13.58,12.92,13.08,13.37,-0.04,-0.2992,5.3009,43024150,574103339.0,13532817296.3,10819095896.3
2015-06-09,'601008,连云港,13.37,13.83,13.15,13.83,13.83,-0.46,-3.3261,6.6354,53855173,721026925.0,13573425900.4,10851561300.4
2015-06-08,'601008,连云港,13.83,13.98,13.27,13.36,13.26,0.57,4.2986,11.9072,96643275,1319040368.0,14040424846.8,11224913446.8
2015-06-05,'601008,连云港,13.26,13.48,12.92,13.13,12.94,0.32,2.473,6.5643,53278292,703523815.0,13461752239.3,10762281439.3
2015-06-04,'601008,连云港,12.94,13.18,12.1,13.17,13.25,-0.31,-2.3396,5.0318,40839613,520129346.0,13136883406.9,10502558206.9
2015-06-03,'601008,连云港,13.25,13.67,12.82,13.67,13.66,-0.41,-3.0015,7.3283,59478712,784661203.0,13451600088.2,10754165088.2
2015-06-02,'601008,XD连云港,13.66,14.37,13.4,13.86,13.78,-0.12,-0.8708,12.9394,105021100,1454419926.0,13867838279.7,11086935479.7
2015-06-01,'601008,连云港,13.81,14.09,12.66,12.98,12.88,0.93,7.2205,12.1033,98234403,1312878447.0,14020120544.8,11208680744.8
2015-05-29,'601008,连云港,12.88,13.1,11.33,12.2,12.38,0.5,4.0388,9.6681,78469419,979965005.0,13075970500.9,10453860100.9
2015-05-28,'601008,连云港,12.38,13.8,12.38,13.8,13.76,-1.38,-10.0291,8.8556,71875515,946270700.0,12568362950.4,10048042550.4
2015-05-27,'601008,连云港,13.76,14.4,13.62,13.95,14.2,-0.44,-3.0986,9.9495,80753262,1121981737.0,13969359789.8,11168098989.8
2015-05-26,'601008,连云港,14.2,14.36,12.8,13.27,13.22,0.98,7.413,13.4273,108980617,1466904461.0,14416054434.2,11525218434.2
2015-05-25,'601008,连云港,13.22,13.48,12.48,12.55,12.67,0.55,4.341,10.0117,81258204,1062512418.0,13421143635.2,10729816035.2
2015-05-22,'601008,连云港,12.67,12.78,12.21,12.53,12.45,0.22,1.7671,7.7312,62749111,782509891.0,12862775329.7,10283416729.7
2015-05-21,'601008,连云港,12.45,12.47,12.0,12.08,12.11,0.34,2.8076,6.1292,49746815,613012480.0,12639428007.5,10104857007.5
2015-05-20,'601008,连云港,12.11,12.4,11.9,12.18,12.05,0.06,0.4979,5.5946,45408107,550314691.0,12294254873.1,9828901073.11
2015-05-19,'601008,连云港,12.05,12.07,11.68,11.76,11.73,0.32,2.728,3.7364,30325947,362413711.0,12233341967.0,9780202967.05
2015-05-18,'601008,连云港,11.73,11.86,11.55,11.66,11.67,0.06,0.5141,2.9788,24177370,283702758.0,11908473134.7,9520479734.73
2015-05-15,'601008,连云港,11.67,11.95,11.6,11.95,11.96,-0.29,-2.4247,3.2575,26438882,310195236.0,11847560228.7,9471781628.67
2015-05-14,'601008,连云港,11.96,12.26,11.88,12.26,12.32,-0.36,-2.9221,4.3558,35353059,424036040.0,12141972608.0,9707155807.96
2015-05-13,'601008,连云港,12.32,12.75,12.19,12.5,12.47,-0.15,-1.2029,5.5326,44904690,557382125.0,12507450044.3,9999344444.32
2015-05-12,'601008,连云港,12.47,12.49,11.98,12.16,12.14,0.33,2.7183,6.1415,49846414,607323545.0,12659732309.5,10121089709.5
2015-05-11,'601008,连云港,12.14,12.19,11.78,11.83,11.78,0.36,3.056,4.9575,40236592,481847440.0,12324711326.1,9853250126.14
2015-05-08,'601008,连云港,11.78,11.9,11.23,11.78,11.55,0.23,1.9913,5.4501,44234771,512199845.0,11959233889.8,9561061489.78
2015-05-07,'601008,连云港,11.55,12.76,11.55,12.76,12.83,-1.28,-9.9766,5.0398,40905159,491342889.0,11725734416.5,9374385416.55
2015-05-06,'601008,连云港,12.83,13.38,12.37,13.1,13.01,-0.18,-1.3836,5.5681,45192822,581137706.0,13025209745.8,10413278345.8
2015-05-05,'601008,连云港,13.01,13.88,12.65,13.88,13.88,-0.87,-6.268,7.4122,60159849,801374154.0,13207948464.0,10559372664.0
2015-05-04,'601008,连云港,13.88,14.35,13.5,13.68,13.76,0.12,0.8721,8.127,65961343,920432241.0,14091185601.9,11265495201.9
2015-04-30,'601008,连云港,13.76,14.79,13.72,14.7,14.6,-0.84,-5.7534,15.1134,122665549,1742863602.0,13969359789.8,11168098989.8
2015-04-29,'601008,连云港,14.6,14.6,13.07,13.26,13.27,1.33,10.0226,19.2035,155862000,2171073138.0,14822140474.6,11849872474.6
2015-04-28,'601008,连云港,13.27,13.33,12.3,12.88,12.89,0.38,2.948,7.5989,61675104,779220006.0,13471904390.3,10770397790.3
2015-04-27,'601008,连云港,12.89,13.24,12.69,13.01,13.0,-0.11,-0.8462,6.7891,55102516,710940440.0,13086122651.9,10461976451.9
2015-04-24,'601008,连云港,13.0,13.34,12.77,13.09,13.55,-0.55,-4.059,8.3593,67846762,886066369.0,13197796313.0,10551256313.0
2015-04-23,'601008,连云港,13.55,13.78,13.03,13.29,13.11,0.44,3.3562,12.3875,100541132,1344222327.0,13756164618.5,10997655618.5
2015-04-22,'601008,连云港,13.11,13.15,12.52,12.75,12.75,0.36,2.8235,8.8823,72091861,930136723.0,13309469974.1,10640536174.1
2015-04-21,'601008,连云港,12.75,13.07,12.3,12.91,12.92,-0.17,-1.3158,5.4596,44311910,559294967.0,12943992537.8,10348347537.8
2015-04-20,'601008,连云港,12.92,13.38,12.2,12.67,12.67,0.25,1.9732,10.8806,88310410,1140533153.0,13116579104.9,10486325504.9
2015-04-17,'601008,连云港,12.67,12.8,12.28,12.28,12.23,0.44,3.5977,7.6185,61834627,781517317.0,12862775329.7,10283416729.7
2015-04-16,'601008,连云港,12.23,12.4,11.65,12.0,12.42,-0.19,-1.5298,5.0304,40828454,494846978.0,12416080685.2,9926297285.23
2015-04-15,'601008,连云港,12.42,13.0,12.38,13.0,13.27,-0.85,-6.4054,7.6808,62340381,790385106.0,12608971554.4,10080507954.4
2015-04-14,'601008,连云港,13.27,13.87,13.05,13.05,12.83,0.44,3.4295,14.5057,117733320,1581850777.0,13471904390.3,10770397790.3
2015-04-13,'601008,连云港,12.83,12.89,12.4,12.73,12.7,0.13,1.0236,9.2062,74720977,947682856.0,13025209745.8,10413278345.8
2015-04-10,'601008,连云港,12.7,12.82,12.23,12.4,12.39,0.31,2.502,9.2018,74684702,943565655.0,12893231782.7,10307765782.7
2015-04-09,'601008,连云港,12.39,12.56,12.0,12.31,12.31,0.08,0.6499,5.5189,44793021,550088506.0,12578515101.4,10056158901.4
2015-04-08,'601008,连云港,12.31,12.6,12.21,12.56,12.55,-0.24,-1.9124,5.7109,46351843,572741592.0,12497297893.3,9991228093.31
2015-04-07,'601008,连云港,12.55,12.64,12.34,12.48,12.5,0.05,0.4,6.7829,55052682,685747479.0,12740949517.5,10186020517.5
2015-04-03,'601008,连云港,12.5,12.7,12.24,12.4,12.52,-0.02,-0.1597,6.3039,51164639,636797188.0,12690188762.5,10145438762.5
2015-04-02,'601008,连云港,12.52,12.69,12.44,12.68,12.74,-0.22,-1.7268,6.8271,55411205,694148084.0,12710493064.5,10161671464.5
2015-04-01,'601008,连云港,12.74,12.88,12.5,12.65,12.81,-0.07,-0.5464,6.2145,50439419,638211148.0,12933840386.7,10340231186.7
2015-03-31,'601008,连云港,12.81,13.48,12.65,13.3,13.03,-0.22,-1.6884,10.5951,85993777,1115573327.0,13004905443.8,10397045643.8
2015-03-30,'601008,连云港,13.03,13.5,12.39,12.6,12.93,0.1,0.7734,15.7481,127817164,1674470806.0,13228252766.0,10575605366.0
2015-03-27,'601008,连云港,12.93,12.98,12.01,12.79,12.8,0.13,1.0156,12.5669,101997218,1259471602.0,13126731255.9,10494441855.9
2015-03-26,'601008,连云港,12.8,14.0,12.76,13.5,12.82,-0.02,-0.156,21.5261,174713637,2330374456.0,12994753292.8,10388929292.8
2015-03-25,'601008,连云港,12.82,12.82,11.8,12.28,11.65,1.17,10.0429,12.7766,103699287,1306970330.0,13015057594.8,10405161994.8
2015-03-24,'601008,连云港,11.65,11.65,9.92,10.61,10.59,1.06,10.0094,13.6308,110632379,1190297148.0,11827255926.6,9455548926.65
2015-03-23,'601008,连云港,10.59,10.67,10.23,10.36,10.24,0.35,3.418,8.7922,71360334,746517118.0,10751127919.6,8595215719.59
2015-03-20,'601008,连云港,10.24,10.34,10.1,10.25,10.16,0.08,0.7874,6.3944,51899154,528425396.0,10395802634.2,8311143434.24
2015-03-19,'601008,连云港,10.16,10.54,10.01,10.19,10.3,-0.14,-1.3592,9.3527,75909847,776470173.0,10314585426.2,8246212626.16
2015-03-18,'601008,连云港,10.3,10.49,9.81,9.92,9.9,0.4,4.0404,12.5903,102187407,1035291214.0,10456715540.3,8359841540.3
2015-03-17,'601008,连云港,9.9,10.1,9.62,9.7,9.7,0.2,2.0619,10.0555,81613745,807996667.0,10050629499.9,8035187499.9
2015-03-16,'601008,连云港,9.7,9.76,9.46,9.57,9.52,0.18,1.8908,6.6835,54245371,521825153.0,9847586479.7,7872860479.7
2015-03-13,'601008,连云港,9.52,9.68,9.41,9.47,9.48,0.04,0.4219,4.2186,34239853,326343876.0,9664847761.52,7726766161.52
2015-03-12,'601008,连云港,9.48,9.5,9.22,9.25,9.3,0.18,1.9355,3.1002,25162088,234930093.0,9624239157.48,7694300757.48
2015-03-11,'601008,连云港,9.3,9.49,9.25,9.43,9.44,-0.14,-1.4831,2.7949,22684326,212195498.0,9441500439.3,7548206439.3
2015-03-10,'601008,连云港,9.44,9.57,9.33,9.43,9.42,0.02,0.2123,3.0632,24861670,234960170.0,9583630553.44,7661835353.44
2015-03-09,'601008,连云港,9.42,9.44,9.3,9.35,9.35,0.07,0.7487,2.2871,18563272,174144712.0,9563326251.42,7645602651.42
2015-03-06,'601008,连云港,9.35,9.51,9.24,9.33,9.33,0.02,0.2144,2.5686,20847798,195520879.0,9492261194.35,7588788194.35
2015-03-05,'601008,连云港,9.33,9.53,9.24,9.52,9.52,-0.19,-1.9958,3.8901,31573325,295179219.0,9471956892.33,7572555492.33
2015-03-04,'601008,连云港,9.52,9.65,9.39,9.45,9.59,-0.07,-0.7299,3.8189,30995614,294372180.0,9664847761.52,7726766161.52
2015-03-03,'601008,连云港,9.59,10.19,9.33,9.44,9.49,0.1,1.0537,9.6087,77987834,762020136.0,9735912818.59,7783580618.59
2015-03-02,'601008,连云港,9.49,9.57,9.32,9.55,9.54,-0.05,-0.5241,4.2802,34739413,327948844.0,9634391308.49,7702417108.49
2015-02-27,'601008,连云港,9.54,9.65,9.43,9.64,9.59,-0.05,-0.5214,5.4312,44081436,420079221.0,9685152063.54,7742998863.54
2015-02-26,'601008,连云港,9.59,9.67,9.25,9.61,9.49,0.1,1.0537,6.0459,49070833,465097981.0,9735912818.59,7783580618.59
2015-02-25,'601008,连云港,9.49,9.73,9.22,9.26,9.3,0.19,2.043,5.2145,42322619,402918316.0,9634391308.49,7702417108.49
2015-02-17,'601008,连云港,9.3,9.38,9.13,9.25,9.19,0.11,1.197,3.564,28926328,268166667.0,9441500439.3,7548206439.3
2015-02-16,'601008,连云港,9.19,9.21,9.03,9.07,9.1,0.09,0.989,2.9919,24283326,221534291.0,9329826778.19,7458926578.19
2015-02-13,'601008,连云港,9.1,9.21,9.01,9.08,9.11,-0.01,-0.1098,4.1394,33596418,305905533.0,9238457419.1,7385879419.1
2015-02-12,'601008,连云港,9.11,9.25,8.76,8.76,8.76,0.35,3.9954,4.356,35354606,319098885.0,9248609570.11,7393995770.11
2015-02-11,'601008,连云港,8.76,8.84,8.65,8.84,8.84,-0.08,-0.905,2.3809,19324209,168700463.0,8893284284.76,7109923484.76
2015-02-10,'601008,连云港,8.84,8.91,8.62,8.67,8.51,0.33,3.8778,3.5634,28921859,254678195.0,8974501492.84,7174854292.84
2015-02-09,'601008,连云港,8.51,8.56,8.31,8.43,8.43,0.08,0.949,1.9796,16067245,135723360.0,8639480509.51,6907014709.51
2015-02-06,'601008,连云港,8.43,8.74,8.36,8.61,8.71,-0.28,-3.2147,2.9982,24334114,206862423.0,8558263301.43,6842083901.43
2015-02-05,'601008,连云港,8.71,9.17,8.67,9.15,9.04,-0.33,-3.6504,4.6493,37735264,335321366.0,8842523529.71,7069341729.71
2015-02-04,'601008,连云港,9.04,9.25,9.02,9.08,9.15,-0.11,-1.2022,3.9238,31847016,290172008.0,9177544513.04,7337181313.04
