2016-02-04,'601058,赛轮金宇,6.78,6.8,6.6,6.6,6.66,0.12,1.8018,1.0765,10845731,73080848.0,7069497416.52,6830909216.52
2016-02-03,'601058,赛轮金宇,6.66,6.69,6.52,6.64,6.72,-0.06,-0.8929,0.7221,7275029,48034735.0,6944373568.44,6710008168.44
2016-02-02,'601058,赛轮金宇,6.72,6.79,6.52,6.58,6.6,0.12,1.8182,0.8103,8164290,54716487.0,7006935492.48,6770458692.48
2016-02-01,'601058,赛轮金宇,6.6,6.73,6.39,6.6,6.73,-0.13,-1.9316,1.2616,12710646,83109811.0,6881811644.4,6649557644.4
2016-01-29,'601058,赛轮金宇,6.73,6.8,6.4,6.56,6.61,0.12,1.8154,1.3805,13908627,92480465.0,7017362479.82,6780533779.82
2016-01-28,'601058,赛轮金宇,6.61,7.06,6.38,7.01,7.08,-0.47,-6.6384,2.112,21278662,141364947.0,6892238631.74,6659632731.74
2016-01-27,'601058,赛轮金宇,7.08,7.16,6.6,6.99,6.98,0.1,1.4327,2.7181,27384995,190501440.0,7382307036.72,7133161836.72
2016-01-26,'601058,赛轮金宇,6.98,7.46,6.88,7.13,7.28,-0.3,-4.1209,3.0253,30479665,221350175.0,7278037163.32,7032410963.32
2016-01-25,'601058,赛轮金宇,7.28,7.33,6.99,7.0,6.96,0.32,4.5977,1.4816,14926865,107544699.0,7590846783.52,7334663583.52
2016-01-22,'601058,赛轮金宇,6.96,7.05,6.6,6.87,6.79,0.17,2.5037,1.301,13108084,89493811.0,7257183188.64,7012260788.64
2016-01-21,'601058,赛轮金宇,6.79,7.14,6.77,7.0,7.16,-0.37,-5.1676,1.1178,11261480,78936811.0,7079924403.86,6840984303.86
2016-01-20,'601058,赛轮金宇,7.16,7.2,6.82,7.01,7.08,0.08,1.1299,1.4952,15064089,105947826.0,7465722935.44,7213762535.44
2016-01-19,'601058,赛轮金宇,7.08,7.15,6.74,6.88,6.86,0.22,3.207,1.5993,16113222,112889547.0,7382307036.72,7133161836.72
2016-01-18,'601058,赛轮金宇,6.86,6.88,6.5,6.51,6.67,0.19,2.8486,1.7257,17386982,116725738.0,7152913315.24,6911509915.24
2016-01-15,'601058,赛轮金宇,6.67,7.09,6.5,7.04,7.03,-0.36,-5.1209,2.3733,23911068,163537655.0,6954800555.78,6720083255.78
2016-01-14,'601058,赛轮金宇,7.03,7.13,6.57,6.63,7.29,-0.26,-3.5665,4.0233,40534745,278305270.0,7330172100.02,7082786400.02
2016-01-13,'601058,赛轮金宇,7.29,7.58,7.29,7.29,8.1,-0.81,-10.0,6.5073,65561468,480396789.0,7601273770.86,7344738670.86
2016-01-12,'601058,赛轮金宇,8.1,8.1,8.1,8.1,9.0,-0.9,-10.0,0.1033,1040800,8430480.0,8445859745.4,8160820745.4
2016-01-11,'601058,赛轮金宇,0.0,0.0,0.0,0.0,9.0,None,None,0.0,0,0.0,9384288606.0,9067578606.0
2016-01-08,'601058,赛轮金宇,0.0,0.0,0.0,0.0,9.0,None,None,0.0,0,0.0,9384288606.0,9067578606.0
2016-01-07,'601058,赛轮金宇,0.0,0.0,0.0,0.0,9.0,None,None,0.0,0,0.0,9384288606.0,9067578606.0
2016-01-06,'601058,赛轮金宇,0.0,0.0,0.0,0.0,9.0,None,None,0.0,0,0.0,9384288606.0,9067578606.0
2016-01-05,'601058,赛轮金宇,0.0,0.0,0.0,0.0,9.0,None,None,0.0,0,0.0,9384288606.0,9067578606.0
2016-01-04,'601058,赛轮金宇,0.0,0.0,0.0,0.0,9.0,None,None,0.0,0,0.0,9384288606.0,9067578606.0
2015-12-31,'601058,赛轮金宇,0.0,0.0,0.0,0.0,9.0,None,None,0.0,0,0.0,9384288606.0,9067578606.0
2015-12-30,'601058,赛轮金宇,0.0,0.0,0.0,0.0,9.0,None,None,0.0,0,0.0,9384288606.0,9067578606.0
2015-12-29,'601058,赛轮金宇,0.0,0.0,0.0,0.0,9.0,None,None,0.0,0,0.0,9384288606.0,9067578606.0
2015-12-28,'601058,赛轮金宇,0.0,0.0,0.0,0.0,9.0,None,None,0.0,0,0.0,9384288606.0,9067578606.0
2015-12-25,'601058,赛轮金宇,9.0,9.08,8.61,8.61,8.59,0.41,4.773,3.6516,36790119,324884298.0,9384288606.0,9067578606.0
2015-12-24,'601058,赛轮金宇,8.59,8.63,8.2,8.33,8.34,0.25,2.9976,2.2887,23059125,195099631.0,8956782125.06,8654500025.06
2015-12-23,'601058,赛轮金宇,8.34,8.66,8.33,8.61,8.59,-0.25,-2.9104,3.0052,30277571,256090421.0,8696107441.56,8402622841.56
2015-12-22,'601058,赛轮金宇,8.59,8.9,8.52,8.52,8.58,0.01,0.1166,3.5406,35671756,310117869.0,8956782125.06,8654500025.06
2015-12-21,'601058,赛轮金宇,8.58,8.62,8.19,8.26,8.29,0.29,3.4982,4.9155,49523669,416970467.0,8946355137.72,8644424937.72
2015-12-18,'601058,赛轮金宇,8.29,8.44,7.98,8.02,8.02,0.27,3.3666,5.2618,53012770,436876029.0,8643972504.86,8352247404.86
2015-12-17,'601058,赛轮金宇,8.02,8.08,7.94,7.94,7.93,0.09,1.1349,2.6524,26723225,214029057.0,8362443846.68,8080220046.68
2015-12-16,'601058,赛轮金宇,7.93,8.09,7.8,8.09,8.04,-0.11,-1.3682,2.4857,25044058,198960620.0,8268600960.62,7989544260.62
2015-12-15,'601058,赛轮金宇,8.04,8.06,7.75,7.76,7.75,0.29,3.7419,3.4663,34922879,279475284.0,8383297821.36,8100370221.36
2015-12-14,'601058,赛轮金宇,7.75,7.76,7.52,7.57,7.63,0.12,1.5727,1.2138,12229406,93666460.0,8080915188.5,7808192688.5
2015-12-11,'601058,赛轮金宇,7.63,7.7,7.53,7.59,7.63,0.0,0.0,1.3847,13951156,106231336.0,7955791340.42,7687291640.42
2015-12-10,'601058,赛轮金宇,7.63,7.87,7.61,7.86,7.86,-0.23,-2.9262,1.6019,16139550,124723426.0,7955791340.42,7687291640.42
2015-12-09,'601058,赛轮金宇,7.86,8.0,7.7,7.75,7.69,0.17,2.2107,2.5365,25555153,200276368.0,8195612049.24,7919018649.24
2015-12-08,'601058,赛轮金宇,7.69,8.08,7.64,7.7,7.71,-0.02,-0.2594,3.1279,31513500,246111982.0,8018353264.46,7747742164.46
2015-12-07,'601058,赛轮金宇,7.71,7.72,7.55,7.66,7.64,0.07,0.9162,1.1647,11733995,89891332.0,8039207239.14,7767892339.14
2015-12-04,'601058,赛轮金宇,7.64,7.67,7.5,7.5,7.61,0.03,0.3942,2.2738,22908939,173716253.0,7966218327.76,7697366727.76
2015-12-03,'601058,赛轮金宇,7.61,7.62,7.4,7.43,7.44,0.17,2.2849,2.2074,22240042,167781268.0,7934937365.74,7667141465.74
2015-12-02,'601058,赛轮金宇,7.44,7.5,7.22,7.49,7.5,-0.06,-0.8,1.8245,18382211,135102825.0,7757678580.96,7495864980.96
2015-12-01,'601058,赛轮金宇,7.5,7.58,7.36,7.37,7.29,0.21,2.8807,2.1495,21656600,161592325.0,7820240505.0,7556315505.0
2015-11-30,'601058,赛轮金宇,7.29,7.56,7.02,7.39,7.43,-0.14,-1.8843,2.1239,21398547,156371339.0,7601273770.86,7344738670.86
2015-11-27,'601058,赛轮金宇,7.43,8.1,7.31,8.08,8.11,-0.68,-8.3847,3.8347,38634817,300027855.0,7747251593.62,7485789893.62
2015-11-26,'601058,赛轮金宇,8.11,8.41,8.08,8.36,8.28,-0.17,-2.0531,2.8753,28969152,236671246.0,8456286732.74,8170895832.74
2015-11-25,'601058,赛轮金宇,8.28,8.31,8.08,8.19,8.2,0.08,0.9756,3.534,30773674,251835951.0,8633545517.52,7210224000.0
2015-11-24,'601058,赛轮金宇,8.2,8.33,8.03,8.25,8.38,-0.18,-2.148,2.7695,24116777,196312420.0,8550129618.8,7140560000.0
2015-11-23,'601058,赛轮金宇,8.38,8.48,8.16,8.17,8.08,0.3,3.7129,6.4485,56153939,468656753.0,8737815390.92,7297304000.0
2015-11-20,'601058,赛轮金宇,8.08,8.14,7.74,7.85,7.84,0.24,3.0612,4.7762,41591331,329191846.0,8425005770.72,7036064000.0
2015-11-19,'601058,赛轮金宇,7.84,7.85,7.73,7.76,7.75,0.09,1.1613,1.8528,16134193,125578070.0,8174758074.56,6827072000.0
2015-11-18,'601058,赛轮金宇,7.75,7.95,7.71,7.85,7.85,-0.1,-1.2739,1.6932,14744420,115684156.0,8080915188.5,6748700000.0
2015-11-17,'601058,赛轮金宇,7.85,8.01,7.81,7.9,7.87,-0.02,-0.2541,2.6549,23118868,182863284.0,8185185061.9,6835780000.0
2015-11-16,'601058,赛轮金宇,7.87,7.88,7.55,7.68,7.7,0.17,2.2078,2.1206,18466340,142147451.0,8206039036.58,6853196000.0
2015-11-13,'601058,赛轮金宇,7.7,7.86,7.65,7.85,7.95,-0.25,-3.1447,2.3828,20749149,160858365.0,8028780251.8,6705160000.0
2015-11-12,'601058,赛轮金宇,7.95,8.05,7.83,8.04,8.02,-0.07,-0.8728,2.3587,20539796,162548648.0,8289454935.3,6922860000.0
2015-11-11,'601058,赛轮金宇,8.02,8.02,7.85,7.9,7.95,0.07,0.8805,2.3434,20406184,161756923.0,8362443846.68,6983816000.0
2015-11-10,'601058,赛轮金宇,7.95,8.1,7.84,7.97,7.99,-0.04,-0.5006,2.4906,21687888,172710791.0,8289454935.3,6922860000.0
2015-11-09,'601058,赛轮金宇,7.99,8.07,7.8,7.9,8.09,-0.1,-1.2361,3.6123,31456225,249968515.0,8331162884.66,6957692000.0
2015-11-06,'601058,赛轮金宇,8.09,8.27,8.01,8.19,8.04,0.05,0.6219,4.0785,35515812,288186258.0,8435432758.06,7044772000.0
2015-11-05,'601058,赛轮金宇,8.04,8.34,7.75,8.02,8.01,0.03,0.3745,4.8246,42013008,337009761.0,8383297821.36,7001232000.0
2015-11-04,'601058,赛轮金宇,8.01,8.09,7.62,7.7,7.65,0.36,4.7059,4.7796,41620724,328965465.0,8352016859.34,6975108000.0
2015-11-03,'601058,赛轮金宇,7.65,7.67,7.36,7.42,7.4,0.25,3.3784,3.9136,34079198,257996340.0,7976645315.1,6661620000.0
2015-11-02,'601058,赛轮金宇,7.4,7.58,7.15,7.23,7.36,0.04,0.5435,2.8873,25142714,186351845.0,7715970631.6,6443920000.0
2015-10-30,'601058,赛轮金宇,7.36,7.51,7.11,7.28,7.33,0.03,0.4093,2.6259,22866045,168155895.0,7674262682.24,6409088000.0
2015-10-29,'601058,赛轮金宇,7.33,7.44,7.26,7.31,7.31,0.02,0.2736,1.8275,15914047,116662018.0,7642981720.22,6382964000.0
2015-10-28,'601058,赛轮金宇,7.31,7.52,7.23,7.36,7.4,-0.09,-1.2162,2.8562,24871570,183850286.0,7622127745.54,6365548000.0
2015-10-27,'601058,赛轮金宇,7.4,7.44,7.06,7.39,7.41,-0.01,-0.135,2.3371,20351530,147686092.0,7715970631.6,6443920000.0
2015-10-26,'601058,赛轮金宇,7.41,7.53,7.18,7.37,7.28,0.13,1.7857,3.5292,30732583,225578396.0,7726397618.94,6452628000.0
2015-10-23,'601058,赛轮金宇,7.28,7.32,7.0,7.17,7.19,0.09,1.2517,3.4639,30163509,216016918.0,7590846783.52,6339424000.0
2015-10-22,'601058,赛轮金宇,7.19,7.22,6.8,7.1,7.11,0.08,1.1252,3.5073,30541761,215809865.0,7497003897.46,6261052000.0
2015-10-21,'601058,赛轮金宇,7.11,7.65,7.07,7.64,7.64,-0.53,-6.9372,3.3957,29569461,217495092.0,7413587998.74,6191388000.0
2015-10-20,'601058,赛轮金宇,7.64,7.7,7.4,7.52,7.65,-0.01,-0.1307,2.9612,25785960,194285447.0,7966218327.76,6652912000.0
2015-10-19,'601058,赛轮金宇,7.65,7.69,7.15,7.2,7.19,0.46,6.3978,5.0156,43676152,322827542.0,7976645315.1,6661620000.0
2015-10-16,'601058,赛轮金宇,7.19,7.26,7.04,7.22,7.19,0.0,0.0,2.4914,21695443,155290150.0,7497003897.46,6261052000.0
2015-10-15,'601058,赛轮金宇,7.19,7.23,6.87,6.94,6.99,0.2,2.8612,3.0599,26645634,189917841.0,7497003897.46,6261052000.0
2015-10-14,'601058,赛轮金宇,6.99,7.2,6.97,7.15,7.18,-0.19,-2.6462,2.3479,20445914,144573607.0,7288464150.66,6086892000.0
2015-10-13,'601058,赛轮金宇,7.18,7.32,7.01,7.05,7.18,0.0,0.0,2.3782,20709481,148633227.0,7486576910.12,6252344000.0
2015-10-12,'601058,赛轮金宇,7.18,7.35,6.83,6.89,6.87,0.31,4.5124,3.8332,33379404,238084004.0,7486576910.12,6252344000.0
2015-10-09,'601058,赛轮金宇,6.87,6.97,6.53,6.6,6.63,0.24,3.6199,3.1391,27335604,185958829.0,7163340302.58,5982396000.0
2015-10-08,'601058,赛轮金宇,6.63,6.73,6.41,6.6,6.23,0.4,6.4205,3.3204,28913930,191296464.0,6913092606.42,5773404000.0
2015-09-30,'601058,赛轮金宇,6.23,6.27,6.16,6.22,6.19,0.04,0.6462,0.8543,7439491,46329861.0,6496013112.82,5425084000.0
2015-09-29,'601058,赛轮金宇,6.19,6.25,6.15,6.17,6.3,-0.11,-1.746,0.8939,7784076,48193973.0,6454305163.46,5390252000.0
2015-09-28,'601058,赛轮金宇,6.3,6.32,6.14,6.26,6.23,0.07,1.1236,1.0026,8730262,54552200.0,6569002024.2,5486040000.0
2015-09-25,'601058,赛轮金宇,6.23,6.44,6.14,6.4,6.44,-0.21,-3.2609,1.3918,12120178,75956213.0,6496013112.82,5425084000.0
2015-09-24,'601058,赛轮金宇,6.44,6.46,6.32,6.38,6.35,0.09,1.4173,1.6424,14301657,91620406.0,6714979846.96,5607952000.0
2015-09-23,'601058,赛轮金宇,6.35,6.45,6.27,6.4,6.54,-0.19,-2.9052,1.9017,16560367,105424351.0,6621136960.9,5529580000.0
2015-09-22,'601058,赛轮金宇,6.54,6.58,6.3,6.36,6.33,0.21,3.3175,3.7039,32253794,208632091.0,6819249720.36,5695032000.0
2015-09-21,'601058,赛轮金宇,6.33,6.37,6.05,6.06,6.17,0.16,2.5932,2.2711,19776513,123615960.0,6600282986.22,5512164000.0
2015-09-18,'601058,赛轮金宇,6.17,6.3,6.05,6.23,6.2,-0.03,-0.4839,1.8384,16008636,98427168.0,6433451188.78,5372836000.0
2015-09-17,'601058,赛轮金宇,6.2,6.5,6.15,6.39,6.47,-0.27,-4.1731,3.521,30660783,194623828.0,6464732150.8,5398960000.0
2015-09-16,'601058,赛轮金宇,6.47,6.67,5.99,6.05,6.07,0.4,6.5898,3.9702,34572515,218843674.0,6746260808.98,5634076000.0
2015-09-15,'601058,赛轮金宇,6.07,6.22,5.9,5.91,5.99,0.08,1.3356,2.9188,25416885,153753516.0,6329181315.38,5285756000.0
2015-09-14,'601058,赛轮金宇,5.99,6.68,5.95,6.63,6.61,-0.62,-9.3797,2.9917,26051968,163602097.0,6245765416.66,5216092000.0
2015-09-11,'601058,赛轮金宇,6.61,6.74,6.48,6.68,6.65,-0.04,-0.6015,1.9846,17282135,114040917.0,6892238631.74,5755988000.0
2015-09-10,'601058,赛轮金宇,6.65,6.87,6.6,6.75,6.86,-0.21,-3.0612,2.195,19113936,128929380.0,6933946581.1,5790820000.0
2015-09-09,'601058,赛轮金宇,6.86,7.01,6.66,6.68,6.68,0.18,2.6946,4.0923,35635876,243195028.0,7152913315.24,5973688000.0
2015-09-08,'601058,赛轮金宇,6.68,6.69,6.22,6.36,6.34,0.34,5.3628,3.4225,29803483,192325449.0,6965227543.12,5816944000.0
2015-09-07,'601058,赛轮金宇,6.34,6.58,6.28,6.3,6.22,0.12,1.9293,3.3166,28880835,185223002.0,6610709973.56,5520872000.0
2015-09-02,'601058,赛轮金宇,6.22,6.54,5.88,5.95,6.15,0.07,1.1382,3.534,30773664,192913741.0,6485586125.48,5416376000.0
2015-09-01,'601058,赛轮金宇,6.15,6.5,6.03,6.5,6.5,-0.35,-5.3846,2.7859,24259893,151749877.0,6412597214.1,5355420000.0
2015-08-31,'601058,赛轮金宇,6.5,6.94,6.47,6.92,7.04,-0.54,-7.6705,2.7928,24319706,163257791.0,6777541771.0,5660200000.0
2015-08-28,'601058,赛轮金宇,7.04,7.05,6.62,6.8,6.59,0.45,6.8285,4.6872,40815715,279297316.0,7340599087.36,6130432000.0
2015-08-27,'601058,赛轮金宇,6.59,6.6,6.22,6.25,6.11,0.48,7.856,4.6492,40485260,257974108.0,6871384657.06,5738572000.0
2015-08-26,'601058,赛轮金宇,6.11,6.49,5.86,6.24,6.17,-0.06,-0.9724,4.0574,35332152,219227477.0,6370889264.74,5320588000.0
2015-08-25,'601058,赛轮金宇,6.17,6.48,6.17,6.2,6.85,-0.68,-9.927,3.4625,30151588,188446662.0,6433451188.78,5372836000.0
2015-08-24,'601058,赛轮金宇,6.85,7.4,6.85,7.3,7.61,-0.76,-9.9869,3.7622,32761307,227627748.0,7142486327.9,5964980000.0
2015-08-21,'601058,赛轮金宇,7.61,8.0,7.5,7.85,8.02,-0.41,-5.1122,3.5565,30970078,241068089.0,7934937365.74,6626788000.0
2015-08-20,'601058,赛轮金宇,8.02,8.34,7.91,8.24,8.29,-0.27,-3.2569,3.188,27761401,225903850.0,8362443846.68,6983816000.0
2015-08-19,'601058,赛轮金宇,8.29,8.3,7.51,7.9,8.05,0.24,2.9814,5.1307,44678424,355003869.0,8643972504.86,7218932000.0
2015-08-18,'601058,赛轮金宇,8.05,9.15,8.05,8.99,8.94,-0.89,-9.9553,7.0308,61224359,528299862.0,8393724808.7,7009940000.0
2015-08-17,'601058,赛轮金宇,8.94,8.97,8.66,8.89,8.97,-0.03,-0.3344,5.663,49313203,434169227.0,9321726681.96,7784952000.0
2015-08-14,'601058,赛轮金宇,8.97,9.11,8.85,9.03,8.98,-0.01,-0.1114,5.4655,47593932,428232059.0,9353007643.98,7811076000.0
2015-08-13,'601058,赛轮金宇,8.98,9.05,8.51,8.9,9.06,-0.08,-0.883,7.0346,61256950,538023989.0,9363434631.32,7819784000.0
2015-08-12,'601058,赛轮金宇,9.06,9.73,8.75,8.87,8.97,0.09,1.0033,8.9062,77555297,718087524.0,9446850530.04,7889448000.0
2015-08-11,'601058,赛轮金宇,8.97,9.2,8.62,8.79,8.78,0.19,2.164,8.6663,75465806,675300777.0,9353007643.98,7811076000.0
2015-08-10,'601058,赛轮金宇,8.78,8.93,8.37,8.48,8.37,0.41,4.8984,5.5801,48591835,418369046.0,9154894884.52,7645624000.0
2015-08-07,'601058,赛轮金宇,8.37,8.51,8.02,8.08,8.0,0.37,4.625,5.2477,45697052,380839881.0,8727388403.58,7288596000.0
2015-08-06,'601058,赛轮金宇,8.0,8.17,7.8,7.96,8.09,-0.09,-1.1125,2.5834,22496309,179643892.0,8341589872.0,6966400000.0
2015-08-05,'601058,赛轮金宇,8.09,8.3,7.93,8.1,8.01,0.08,0.9988,4.9125,42778100,347494602.0,8435432758.06,7044772000.0
2015-08-04,'601058,赛轮金宇,8.01,8.01,7.33,7.41,7.28,0.73,10.0275,5.5109,47988972,372440815.0,8352016859.34,6975108000.0
2015-08-03,'601058,赛轮金宇,7.28,7.92,7.15,7.9,7.94,-0.66,-8.3123,4.3438,37825488,280523284.0,7590846783.52,6339424000.0
2015-07-31,'601058,赛轮金宇,7.94,8.21,7.78,7.95,8.15,-0.21,-2.5767,3.077,26794334,214726288.0,8279027947.96,6914152000.0
2015-07-30,'601058,赛轮金宇,8.15,8.57,8.02,8.3,8.32,-0.17,-2.0433,4.5295,39442582,327892446.0,8497994682.1,7097020000.0
2015-07-29,'601058,赛轮金宇,8.32,8.38,7.65,8.01,7.84,0.48,6.1224,4.7624,41471325,333350724.0,8675253466.88,7245056000.0
2015-07-28,'601058,赛轮金宇,7.84,8.91,7.81,8.01,8.68,-0.84,-9.6774,7.5418,65674345,530492870.0,8174758074.56,6827072000.0
2015-07-27,'601058,赛轮金宇,8.68,9.64,8.68,9.48,9.64,-0.96,-9.9585,6.1258,53343424,491478703.0,9050625011.12,7558544000.0
2015-07-24,'601058,赛轮金宇,9.64,10.18,9.49,9.65,9.65,-0.01,-0.1036,9.5397,83071844,821816402.0,10051615795.8,8394512000.0
2015-07-23,'601058,赛轮金宇,9.65,9.78,9.23,9.4,9.46,0.19,2.0085,8.5976,74868225,714801161.0,10062042783.1,8403220000.0
2015-07-22,'601058,赛轮金宇,9.46,9.89,9.1,9.89,9.68,-0.22,-2.2727,8.9433,77877846,740176382.0,9863930023.64,8237768000.0
2015-07-21,'601058,赛轮金宇,9.68,9.9,9.06,9.4,9.44,0.24,2.5424,8.127,70770128,662302767.0,10093323745.1,8429344000.0
2015-07-20,'601058,赛轮金宇,9.44,9.85,9.16,9.36,9.33,0.11,1.179,6.6223,57666592,545264217.0,9843076048.96,8220352000.0
2015-07-17,'601058,赛轮金宇,9.33,9.4,8.58,8.8,8.69,0.64,7.3648,5.3564,46643629,423140762.0,9728379188.22,8124564000.0
2015-07-16,'601058,赛轮金宇,8.69,9.1,7.83,8.16,8.6,0.09,1.0465,5.1176,44564166,381280047.0,9061051998.46,7567252000.0
2015-07-15,'601058,赛轮金宇,8.6,9.29,8.6,9.18,9.55,-0.95,-9.9476,7.9434,69170770,606778910.0,8967209112.4,7488880000.0
2015-07-14,'601058,赛轮金宇,9.55,9.76,9.03,9.56,8.87,0.68,7.6663,12.8138,111582263,1060289844.0,9957772909.7,8316140000.0
2015-07-13,'601058,赛轮金宇,8.87,8.87,8.51,8.87,8.06,0.81,10.0496,7.558,65815122,582371242.0,9248737770.58,7723996000.0
2015-07-10,'601058,赛轮金宇,8.06,8.06,7.68,8.06,7.33,0.73,9.9591,3.1216,27182593,218059691.0,8404151796.04,7018648000.0
2015-07-09,'601058,赛轮金宇,0.0,0.0,0.0,0.0,7.33,None,None,0.0,0,0.0,7642981720.22,6382964000.0
2015-07-08,'601058,赛轮金宇,0.0,0.0,0.0,0.0,7.33,None,None,0.0,0,0.0,7642981720.22,6382964000.0
2015-07-07,'601058,赛轮金宇,0.0,0.0,0.0,0.0,7.33,None,None,0.0,0,0.0,7642981720.22,6382964000.0
2015-07-06,'601058,赛轮金宇,7.33,8.94,7.33,8.94,8.14,-0.81,-9.9509,12.3113,107206407,862740995.0,7642981720.22,6382964000.0
2015-07-03,'601058,赛轮金宇,8.14,8.9,8.14,8.25,9.04,-0.9,-9.9558,7.5333,65599992,542613409.0,8487567694.76,7088312000.0
2015-07-02,'601058,赛轮金宇,9.04,10.28,9.04,10.08,10.04,-1.0,-9.9602,7.7234,67255710,622461893.0,9425996555.36,7872032000.0
2015-07-01,'601058,赛轮金宇,10.04,11.48,10.04,10.9,11.15,-1.11,-9.9552,7.3254,63789442,699168589.0,10468695289.4,8742832000.0
2015-06-30,'601058,赛轮金宇,11.15,11.6,9.5,9.5,10.56,0.59,5.5871,12.3112,107206147,1101412216.0,11626090884.1,9709420000.0
2015-06-29,'601058,赛轮金宇,10.56,11.8,10.56,11.8,11.73,-1.17,-9.9744,8.7462,76162026,816490211.0,11010898631.0,9195648000.0
2015-06-26,'601058,赛轮金宇,11.73,12.4,11.73,12.4,13.03,-1.3,-9.977,4.2637,37128200,439054020.0,12230856149.8,10214484000.0
2015-06-25,'601058,赛轮金宇,13.03,14.62,13.03,14.61,14.48,-1.45,-10.0138,8.8017,76644859,1042360665.0,13586364504.0,11346524000.0
2015-06-24,'601058,赛轮金宇,14.48,14.8,14.15,14.15,14.15,0.33,2.3322,5.6101,48852399,703924782.0,15098277668.3,12609184000.0
2015-06-23,'601058,赛轮金宇,14.15,16.37,14.15,15.9,15.72,-1.57,-9.9873,6.7845,59079316,857753023.0,14754187086.1,12321820000.0
2015-06-19,'601058,赛轮金宇,15.72,17.08,15.38,15.9,16.34,-0.62,-3.7944,7.8194,68091337,1106252644.0,16391224098.5,13688976000.0
2015-06-18,'601058,赛轮金宇,16.34,17.28,15.3,15.6,15.72,0.62,3.944,9.4543,82327937,1354342343.0,17037697313.6,14228872000.0
2015-06-17,'601058,赛轮金宇,15.72,15.72,14.06,14.12,14.29,1.43,10.007,9.0313,78644952,1185601965.0,16391224098.5,13688976000.0
2015-06-16,'601058,赛轮金宇,14.29,14.8,13.8,14.1,14.12,0.17,1.204,5.2199,45454511,652479834.0,14900164908.9,12443732000.0
2015-06-15,'601058,赛轮金宇,14.12,15.0,14.02,15.0,15.0,-0.88,-5.8667,5.2694,45886201,663541087.0,14722906124.1,12295696000.0
2015-06-12,'601058,赛轮金宇,15.0,15.79,14.92,15.36,15.36,-0.36,-2.3438,5.4218,47212828,719962806.0,15640481010.0,13062000000.0
2015-06-11,'601058,赛轮金宇,15.36,15.76,14.46,14.69,14.68,0.68,4.6322,6.1458,53517378,807132550.0,16015852554.2,13375488000.0
2015-06-10,'601058,赛轮金宇,14.68,14.98,14.0,14.16,14.21,0.47,3.3075,5.591,48686498,712378441.0,15306817415.1,12783344000.0
2015-06-09,'601058,赛轮金宇,14.21,14.85,14.0,14.39,14.6,-0.39,-2.6712,4.3359,37756633,540937945.0,14816749010.1,12374068000.0
2015-06-08,'601058,赛轮金宇,14.6,15.68,14.4,15.44,15.26,-0.66,-4.325,8.0108,69758376,1031152567.0,15223401516.4,12713680000.0
2015-06-05,'601058,赛轮金宇,15.26,15.86,14.58,14.9,14.42,0.84,5.8252,10.1203,88127875,1346315465.0,15911582680.8,13288408000.0
2015-06-04,'601058,赛轮金宇,14.42,14.48,13.0,13.91,13.95,0.47,3.3692,9.5083,82798507,1147066176.0,15035715744.3,12556936000.0
2015-06-03,'601058,赛轮金宇,13.95,14.77,13.83,14.56,13.43,0.52,3.8719,18.0986,157602309,2262218938.0,14545647339.3,12147660000.0
2015-06-02,'601058,赛轮金宇,13.43,13.43,12.56,12.56,12.21,1.22,9.9918,7.4679,65030600,860363479.0,14003443997.6,11694844000.0
2015-06-01,'601058,赛轮金宇,12.21,12.21,11.0,11.2,11.1,1.11,10.0,8.6765,75554683,893003079.0,12731351542.1,10632468000.0
2015-05-29,'601058,赛轮金宇,11.1,11.67,10.56,11.28,11.56,-0.46,-3.9792,8.075,70317040,781591198.0,11573955947.4,9665880000.0
2015-05-28,'601058,赛轮金宇,11.56,12.83,11.56,12.6,12.84,-1.28,-9.9688,12.3146,107235587,1317169140.0,12053597365.0,10066448000.0
2015-05-27,'601058,赛轮金宇,12.84,12.86,11.51,11.7,11.69,1.15,9.8375,12.8604,111988529,1384292790.0,13388251744.6,11181072000.0
2015-05-26,'601058,赛轮金宇,11.69,11.97,11.31,11.45,11.41,0.28,2.454,8.3823,72993282,849057262.0,12189148200.5,10179652000.0
2015-05-25,'601058,赛轮金宇,11.41,11.55,11.11,11.41,11.37,0.04,0.3518,7.8365,68239820,774598964.0,11897192554.9,9935828000.0
2015-05-22,'601058,赛轮金宇,11.37,11.67,11.15,11.15,11.09,0.28,2.5248,11.1272,96895290,1104736865.0,11855484605.6,9900996000.0
2015-05-21,'601058,赛轮金宇,11.09,11.1,10.3,10.45,10.44,0.65,6.2261,10.6709,92921841,996385339.0,11563528960.1,9657172000.0
2015-05-20,'601058,赛轮金宇,10.44,10.62,10.17,10.17,10.15,0.29,2.8571,6.5311,56872435,593610035.0,10885774783.0,9091152000.0
2015-05-19,'601058,赛轮金宇,10.15,10.2,10.0,10.0,10.01,0.14,1.3986,3.3901,29521110,298071193.0,10583392150.1,8838620000.0
2015-05-18,'601058,赛轮金宇,10.01,10.17,9.95,10.0,10.08,-0.07,-0.6944,2.4424,21268138,214264445.0,10437414327.3,8716708000.0
2015-05-15,'601058,赛轮金宇,10.08,10.32,10.03,10.26,10.21,-0.13,-1.2733,2.6856,23385876,236650853.0,10510403238.7,8777664000.0
2015-05-14,'601058,赛轮金宇,10.21,10.5,10.0,10.35,10.38,-0.17,-1.6378,3.6161,31489012,322190028.0,10645954074.1,8890868000.0
2015-05-13,'601058,赛轮金宇,10.38,10.69,10.31,10.59,10.69,-0.31,-2.8999,4.9562,43159001,453542122.0,10823212858.9,9038904000.0
2015-05-12,'601058,赛轮金宇,10.69,10.7,10.1,10.3,10.28,0.41,3.9883,7.4359,64752135,675416778.0,11146449466.5,9308852000.0
2015-05-11,'601058,赛轮金宇,10.28,10.34,9.84,9.84,10.1,0.18,1.7822,4.8138,41918214,422862594.0,10718942985.5,8951824000.0
2015-05-08,'601058,DR赛轮金,10.1,10.2,9.77,10.14,9.94,0.16,1.6097,1.5189,13227006,132096800.0,10531257213.4,8795080000.0
2015-05-07,'601058,赛轮金宇,20.09,20.68,19.84,20.42,20.43,-0.34,-1.6642,3.3134,14426508,292646653.0,10473908783.0,8747186000.0
2015-05-06,'601058,赛轮金宇,20.43,20.81,20.11,20.12,20.09,0.34,1.6924,3.1311,13632911,278783887.0,10651167567.8,8895222000.0
2015-05-05,'601058,赛轮金宇,20.09,21.15,19.93,20.91,20.9,-0.81,-3.8756,3.2,13932865,286976531.0,10473908783.0,8747186000.0
2015-05-04,'601058,赛轮金宇,20.9,21.2,20.48,20.88,20.42,0.48,2.3506,4.1778,18190151,380098584.0,10896201770.3,9099860000.0
2015-04-30,'601058,赛轮金宇,20.42,20.61,19.91,19.98,20.1,0.32,1.592,3.2378,14097561,287190978.0,10645954074.1,8890868000.0
2015-04-29,'601058,赛轮金宇,20.1,20.24,19.68,20.04,20.0,0.1,0.5,2.8087,12229167,244834245.0,10479122276.7,8751540000.0
2015-04-28,'601058,赛轮金宇,20.0,20.99,19.92,20.78,20.77,-0.77,-3.7073,4.049,17629285,358191008.0,10426987340.0,8708000000.0
2015-04-27,'601058,赛轮金宇,20.77,21.07,20.63,20.83,20.73,0.04,0.193,4.1144,17914089,373138608.0,10828426352.6,9043258000.0
2015-04-24,'601058,赛轮金宇,20.73,20.93,20.4,20.65,21.13,-0.4,-1.893,4.6465,20230677,417888518.0,10807572377.9,9025842000.0
2015-04-23,'601058,赛轮金宇,21.13,21.47,20.82,21.41,21.39,-0.26,-1.2155,5.1319,22344370,472698840.0,11016112124.7,9200002000.0
2015-04-22,'601058,赛轮金宇,21.39,21.4,20.5,20.8,21.11,0.28,1.3264,7.9003,34397769,725628899.0,11151662960.1,9313206000.0
2015-04-21,'601058,赛轮金宇,21.11,21.15,20.08,20.08,20.26,0.85,4.1955,4.1916,18250121,379573026.0,11005685137.4,9191294000.0
2015-04-20,'601058,赛轮金宇,20.26,20.95,20.2,20.95,21.09,-0.83,-3.9355,4.9271,21452596,440986583.0,10562538175.4,8821204000.0
2015-04-17,'601058,赛轮金宇,21.09,21.58,20.8,21.4,21.14,-0.05,-0.2365,4.6805,20379040,430615552.0,10995258150.0,9182586000.0
2015-04-16,'601058,赛轮金宇,21.14,21.37,20.21,20.75,20.98,0.16,0.7626,3.7911,16506471,345414181.0,11021325618.4,9204356000.0
2015-04-15,'601058,赛轮金宇,20.98,22.18,20.95,22.13,22.18,-1.2,-5.4103,5.0203,21858460,468771928.0,10937909719.7,9134692000.0
2015-04-14,'601058,赛轮金宇,22.18,22.7,21.85,22.65,22.65,-0.47,-2.0751,6.4779,28204612,625794467.0,11563528960.1,9657172000.0
2015-04-13,'601058,赛轮金宇,22.65,23.23,22.23,23.0,22.69,-0.04,-0.1763,6.8577,29858621,677419497.0,11808563162.5,9861810000.0
2015-04-10,'601058,赛轮金宇,22.69,22.83,21.63,21.78,22.06,0.63,2.8558,5.3921,23477161,527952019.0,11829417137.2,9879226000.0
2015-04-09,'601058,赛轮金宇,22.06,23.0,20.89,23.0,23.0,-0.94,-4.087,8.1675,35561466,775078809.0,11500967036.0,9604924000.0
2015-04-08,'601058,赛轮金宇,23.0,23.77,22.52,23.5,23.48,-0.48,-2.0443,8.545,37204724,857980540.0,11991035441.0,10014200000.0
2015-04-07,'601058,赛轮金宇,23.48,23.71,23.0,23.0,22.85,0.63,2.7571,8.0608,35096693,821380739.0,12241283137.2,10223192000.0
2015-04-03,'601058,赛轮金宇,22.85,23.0,21.28,21.48,21.45,1.4,6.5268,10.7581,46840794,1050756784.0,11912833036.0,9948890000.0
2015-04-02,'601058,赛轮金宇,21.45,21.55,20.81,20.81,20.79,0.66,3.1746,6.7295,29300103,622614910.0,11182943922.1,9339330000.0
2015-04-01,'601058,赛轮金宇,20.79,20.97,20.0,20.05,20.05,0.74,3.6908,6.1009,26563346,543484130.0,10838853339.9,9051966000.0
2015-03-31,'601058,赛轮金宇,20.05,20.32,19.92,20.31,20.26,-0.21,-1.0365,4.3749,19048221,382841110.0,10453054808.4,8729770000.0
2015-03-30,'601058,赛轮金宇,20.26,20.5,19.96,20.33,20.32,-0.06,-0.2953,6.2033,27008976,545593882.0,10562538175.4,8821204000.0
2015-03-27,'601058,赛轮金宇,20.32,20.5,19.78,20.01,20.13,0.19,0.9439,6.8833,29969785,604933854.0,10593819137.4,8847328000.0
2015-03-26,'601058,赛轮金宇,20.13,20.76,19.42,19.6,19.72,0.41,2.0791,10.9744,47782324,960273912.0,10494762757.7,8764602000.0
2015-03-25,'601058,赛轮金宇,19.72,20.11,18.26,18.55,18.6,1.12,6.0215,10.968,47754509,908580227.0,10281009517.2,8586088000.0
2015-03-24,'601058,赛轮金宇,18.6,19.05,18.1,19.05,19.03,-0.43,-2.2596,8.6149,37509122,698273624.0,9697098226.2,8098440000.0
2015-03-23,'601058,赛轮金宇,19.03,19.08,18.51,19.0,18.76,0.27,1.4392,9.0952,39600557,745099707.0,9921278454.01,8285662000.0
2015-03-20,'601058,赛轮金宇,18.76,18.78,18.38,18.5,18.42,0.34,1.8458,5.2622,22911532,424605771.0,9780514124.92,8168104000.0
2015-03-19,'601058,赛轮金宇,18.42,18.66,18.21,18.65,18.68,-0.26,-1.3919,5.0749,22095925,406671491.0,9603255340.14,8020068000.0
2015-03-18,'601058,赛轮金宇,18.68,18.8,18.13,18.24,18.17,0.51,2.8068,6.5473,28507076,526085789.0,9738806175.56,8133272000.0
2015-03-17,'601058,赛轮金宇,18.17,18.29,17.89,18.0,17.95,0.22,1.2256,7.1831,31275100,565469502.0,9472917998.39,7911218000.0
2015-03-16,'601058,赛轮金宇,17.95,17.97,17.46,17.91,17.87,0.08,0.4477,10.9132,47515953,843301939.0,9358221137.65,7815430000.0
2015-03-13,'601058,赛轮金宇,17.87,18.36,17.66,18.0,18.01,-0.14,-0.7773,8.6878,37826677,677232522.0,9316513188.29,7780598000.0
2015-03-12,'601058,赛轮金宇,18.01,19.2,17.81,19.12,19.11,-1.1,-5.7561,4.5211,19684760,361518688.0,9389502099.67,7841554000.0
2015-03-11,'601058,赛轮金宇,19.11,19.33,18.8,19.08,19.18,-0.07,-0.365,3.9231,17081229,325248228.0,9962986403.37,8320494000.0
2015-03-10,'601058,赛轮金宇,19.18,19.33,18.68,18.83,18.81,0.37,1.967,5.2825,23000206,437100476.0,9999480859.06,8350972000.0
2015-03-09,'601058,赛轮金宇,18.81,19.0,17.99,17.99,17.99,0.82,4.5581,5.183,22566655,419779522.0,9806581593.27,8189874000.0
2015-03-06,'601058,赛轮金宇,17.99,18.19,17.72,18.05,18.0,-0.01,-0.0556,1.7739,7723508,138495543.0,9379075112.33,7832846000.0
2015-03-05,'601058,赛轮金宇,18.0,18.37,17.8,18.13,18.13,-0.13,-0.717,2.4779,10788802,195326950.0,9384288606.0,7837200000.0
2015-03-04,'601058,赛轮金宇,18.13,18.39,17.73,18.02,17.95,0.18,1.0028,3.8538,16779570,302505222.0,9452064023.71,7893802000.0
2015-03-03,'601058,赛轮金宇,17.95,18.2,17.51,17.7,17.7,0.25,1.4124,3.8239,16649415,298402291.0,9358221137.65,7815430000.0
2015-03-02,'601058,赛轮金宇,17.7,17.74,17.13,17.25,17.15,0.55,3.207,2.5686,11183770,195651936.0,9227883795.9,7706580000.0
2015-02-27,'601058,赛轮金宇,17.15,17.16,16.73,16.9,16.9,0.25,1.4793,2.0282,8830679,149890855.0,8941141644.05,7467110000.0
2015-02-26,'601058,赛轮金宇,16.9,17.08,16.69,17.08,16.99,-0.09,-0.5297,2.103,9156385,153785916.0,8810804302.3,7358260000.0
2015-02-25,'601058,赛轮金宇,16.99,17.39,16.75,17.33,17.36,-0.37,-2.1313,2.3425,10199426,173117315.0,8857725745.33,7397446000.0
2015-02-17,'601058,赛轮金宇,17.36,17.44,17.22,17.44,17.33,0.03,0.1731,1.5425,6716173,116447173.0,9050625011.12,7558544000.0
2015-02-16,'601058,赛轮金宇,17.33,17.46,17.13,17.42,17.38,-0.05,-0.2877,1.6365,7125514,123043356.0,9034984530.11,7545482000.0
2015-02-13,'601058,赛轮金宇,17.38,17.51,17.27,17.34,17.28,0.1,0.5787,1.9121,8325227,144861317.0,9061051998.46,7567252000.0
2015-02-12,'601058,赛轮金宇,17.28,17.64,17.19,17.24,17.24,0.04,0.232,0.9026,3929784,68237855.0,9008917061.76,7523712000.0
2015-02-11,'601058,赛轮金宇,17.24,17.4,17.09,17.17,17.17,0.07,0.4077,0.9594,4177075,71822556.0,8988063087.08,7506296000.0
2015-02-10,'601058,赛轮金宇,17.17,17.32,16.93,16.95,17.19,-0.02,-0.1163,0.5887,2562990,43921508.0,8951568631.39,7475818000.0
2015-02-09,'601058,赛轮金宇,17.19,17.44,16.7,16.8,16.93,0.26,1.5357,1.7489,7614506,130419666.0,8961995618.73,7484526000.0
2015-02-06,'601058,赛轮金宇,16.93,17.3,16.61,17.07,17.02,-0.09,-0.5288,1.5885,6916112,117682831.0,8826444783.31,7371322000.0
2015-02-05,'601058,赛轮金宇,17.02,17.93,16.82,17.89,17.95,-0.93,-5.1811,4.3214,18815341,323030862.0,8873366226.34,7410508000.0
2015-02-04,'601058,赛轮金宇,17.95,18.05,17.3,17.44,17.41,0.54,3.1017,1.7177,7479005,132627494.0,9358221137.65,7815430000.0
