2016-05-13,'601208,东材科技,6.99,7.12,6.85,6.99,7.06,-0.07,-0.9915,1.8215,11216217,78530496.0,4304162400.0,4304162400.0
2016-05-12,'601208,东材科技,7.06,7.14,6.8,7.13,7.26,-0.2,-2.7548,2.6015,16019047,111774638.0,4347265600.0,4347265600.0
2016-05-11,'601208,东材科技,7.26,7.68,7.17,7.62,7.55,-0.29,-3.8411,2.4329,14981016,110002252.0,4470417600.0,4470417600.0
2016-05-10,'601208,东材科技,7.55,7.64,7.38,7.54,7.52,0.03,0.3989,2.2165,13648547,102480888.0,4648988000.0,4648988000.0
2016-05-09,'601208,东材科技,7.52,7.98,7.41,7.68,7.72,-0.2,-2.5907,3.9305,24202560,185369880.0,4630515200.0,4630515200.0
2016-05-06,'601208,东材科技,7.72,8.41,7.71,8.34,8.3,-0.58,-6.988,4.4576,27448036,221538440.0,4753667200.0,4753667200.0
2016-05-05,'601208,东材科技,8.3,8.45,8.19,8.43,8.46,-0.16,-1.8913,3.4661,21343018,176532736.0,5110808000.0,5110808000.0
2016-05-04,'601208,东材科技,8.46,8.63,8.02,8.02,8.02,0.44,5.4863,6.7241,41404058,346906809.0,5209329600.0,5209329600.0
2016-05-03,'601208,东材科技,8.02,8.1,7.39,7.39,7.4,0.62,8.3784,5.5924,34435579,270623532.0,4938395200.0,4938395200.0
2016-04-29,'601208,东材科技,7.4,7.46,7.2,7.25,7.32,0.08,1.0929,1.2248,7541713,55167612.0,4556624000.0,4556624000.0
2016-04-28,'601208,东材科技,7.32,7.54,7.14,7.53,7.48,-0.16,-2.139,1.9309,11889420,86863239.0,4507363200.0,4507363200.0
2016-04-27,'601208,东材科技,7.48,7.68,7.21,7.21,7.21,0.27,3.7448,3.1694,19515701,146017915.0,4605884800.0,4605884800.0
2016-04-26,'601208,东材科技,7.21,7.21,7.06,7.06,7.12,0.09,1.264,1.1108,6839798,48774470.0,4439629600.0,4439629600.0
2016-04-25,'601208,东材科技,7.12,7.2,7.01,7.2,7.22,-0.1,-1.385,1.0016,6167631,43656854.0,4384211200.0,4384211200.0
2016-04-22,'601208,东材科技,7.22,7.25,6.99,7.02,7.03,0.19,2.7027,1.44,8866812,63378945.0,4445787200.0,4445787200.0
2016-04-21,'601208,东材科技,7.03,7.25,7.01,7.07,7.18,-0.15,-2.0891,1.524,9383957,67107006.0,4328792800.0,4328792800.0
2016-04-20,'601208,东材科技,7.18,7.75,6.95,7.72,7.71,-0.53,-6.8742,3.5835,22066011,161623852.0,4421156800.0,4421156800.0
2016-04-19,'601208,东材科技,7.71,7.76,7.45,7.45,7.41,0.3,4.0486,2.618,16120428,122372549.0,4747509600.0,4747509600.0
2016-04-18,'601208,东材科技,7.41,7.57,7.34,7.55,7.61,-0.2,-2.6281,1.5928,9808070,72905759.0,4562781600.0,4562781600.0
2016-04-15,'601208,东材科技,7.61,7.63,7.4,7.4,7.44,0.17,2.2849,2.5015,15403261,116330910.0,4685933600.0,4685933600.0
2016-04-14,'601208,东材科技,7.44,7.47,7.3,7.39,7.36,0.08,1.087,1.8788,11569187,85647951.0,4581254400.0,4581254400.0
2016-04-13,'601208,东材科技,7.36,7.51,7.33,7.38,7.33,0.03,0.4093,2.4706,15212684,113061034.0,4531993600.0,4531993600.0
2016-04-12,'601208,东材科技,7.33,7.4,7.22,7.34,7.4,-0.07,-0.9459,1.4588,8982763,65503802.0,4513520800.0,4513520800.0
2016-04-11,'601208,东材科技,7.4,7.43,7.18,7.22,7.23,0.17,2.3513,1.9107,11765388,86398663.0,4556624000.0,4556624000.0
2016-04-08,'601208,东材科技,7.23,7.25,7.07,7.18,7.21,0.02,0.2774,1.3562,8350894,59620914.0,4451944800.0,4451944800.0
2016-04-07,'601208,东材科技,7.21,7.36,7.2,7.35,7.34,-0.13,-1.7711,1.1085,6825805,49598103.0,4439629600.0,4439629600.0
2016-04-06,'601208,东材科技,7.34,7.38,7.23,7.28,7.31,0.03,0.4104,1.5426,9498463,69374592.0,4519678400.0,4519678400.0
2016-04-05,'601208,东材科技,7.31,7.34,7.11,7.13,7.14,0.17,2.381,1.7751,10930458,79260156.0,4501205600.0,4501205600.0
2016-04-01,'601208,东材科技,7.14,7.18,7.01,7.15,7.18,-0.04,-0.5571,0.9022,5555521,39441139.0,4396526400.0,4396526400.0
2016-03-31,'601208,东材科技,7.18,7.23,7.11,7.18,7.18,0.0,0.0,1.2403,7637146,54783221.0,4421156800.0,4421156800.0
2016-03-30,'601208,东材科技,7.18,7.18,6.99,7.0,6.97,0.21,3.0129,1.2431,7654662,54210598.0,4421156800.0,4421156800.0
2016-03-29,'601208,东材科技,6.97,7.2,6.91,7.19,7.22,-0.25,-3.4626,1.1772,7248754,50975783.0,4291847200.0,4291847200.0
2016-03-28,'601208,东材科技,7.22,7.3,7.14,7.15,7.12,0.1,1.4045,1.8095,11141953,80551540.0,4445787200.0,4445787200.0
2016-03-25,'601208,东材科技,7.12,7.13,7.03,7.08,7.09,0.03,0.4231,0.7333,4515545,32016077.0,4384211200.0,4384211200.0
2016-03-24,'601208,东材科技,7.09,7.18,7.0,7.0,7.15,-0.06,-0.8392,1.2148,7480476,53144916.0,4365738400.0,4365738400.0
2016-03-23,'601208,东材科技,7.15,7.15,7.06,7.09,7.09,0.06,0.8463,0.9361,5764126,40998161.0,4402684000.0,4402684000.0
2016-03-22,'601208,东材科技,7.09,7.18,7.08,7.13,7.2,-0.11,-1.5278,1.2089,7443684,52985558.0,4365738400.0,4365738400.0
2016-03-21,'601208,东材科技,7.2,7.21,7.1,7.15,7.1,0.1,1.4085,1.9295,11880854,84872879.0,4433472000.0,4433472000.0
2016-03-18,'601208,东材科技,7.1,7.12,6.95,7.01,6.95,0.15,2.1583,2.0951,12900739,90948103.0,4371896000.0,4371896000.0
2016-03-17,'601208,东材科技,6.95,6.97,6.73,6.75,6.74,0.21,3.1157,1.7801,10961015,75389154.0,4279532000.0,4279532000.0
2016-03-16,'601208,东材科技,6.74,6.83,6.63,6.68,6.67,0.07,1.0495,1.5048,9266245,62314332.0,4150222400.0,4150222400.0
2016-03-15,'601208,东材科技,6.67,6.71,6.59,6.69,6.68,-0.01,-0.1497,0.7916,4874112,32468751.0,4107119200.0,4107119200.0
2016-03-14,'601208,东材科技,6.68,6.75,6.52,6.58,6.47,0.21,3.2457,0.9767,6014366,40102771.0,4113276800.0,4113276800.0
2016-03-11,'601208,东材科技,6.47,6.52,6.39,6.41,6.48,-0.01,-0.1543,0.4236,2608379,16828073.0,3983967200.0,3983967200.0
2016-03-10,'601208,东材科技,6.48,6.64,6.47,6.63,6.55,-0.07,-1.0687,0.6472,3985462,26186789.0,3990124800.0,3990124800.0
2016-03-09,'601208,东材科技,6.55,6.64,6.5,6.56,6.71,-0.16,-2.3845,0.7939,4888262,32118387.0,4033228000.0,4033228000.0
2016-03-08,'601208,东材科技,6.71,6.73,6.35,6.66,6.64,0.07,1.0542,1.1426,7035531,45966530.0,4131749600.0,4131749600.0
2016-03-07,'601208,东材科技,6.64,6.68,6.53,6.53,6.48,0.16,2.4691,1.1302,6959257,46098390.0,4088646400.0,4088646400.0
2016-03-04,'601208,东材科技,6.48,6.77,6.39,6.66,6.7,-0.22,-3.2836,1.3369,8231829,54308037.0,3990124800.0,3990124800.0
2016-03-03,'601208,东材科技,6.7,6.78,6.61,6.61,6.68,0.02,0.2994,1.365,8405300,56374364.0,4125592000.0,4125592000.0
2016-03-02,'601208,东材科技,6.68,6.71,6.26,6.33,6.33,0.35,5.5292,1.4822,9126967,59427615.0,4113276800.0,4113276800.0
2016-03-01,'601208,东材科技,6.33,6.4,6.15,6.28,6.23,0.1,1.6051,1.0987,6765426,42533188.0,3897760800.0,3897760800.0
2016-02-29,'601208,东材科技,6.23,6.74,6.11,6.74,6.76,-0.53,-7.8402,1.5407,9486978,59826551.0,3836184800.0,3836184800.0
2016-02-26,'601208,东材科技,6.76,6.81,6.6,6.7,6.63,0.13,1.9608,0.9902,6097156,41002802.0,4162537600.0,4162537600.0
2016-02-25,'601208,东材科技,6.63,7.35,6.63,7.35,7.37,-0.74,-10.0407,1.7518,10786912,75301261.0,4082488800.0,4082488800.0
2016-02-24,'601208,东材科技,7.37,7.38,7.2,7.32,7.33,0.04,0.5457,1.0907,6716276,48949222.0,4538151200.0,4538151200.0
2016-02-23,'601208,东材科技,7.33,7.45,7.21,7.35,7.38,-0.05,-0.6775,1.036,6379332,46809592.0,4513520800.0,4513520800.0
2016-02-22,'601208,东材科技,7.38,7.4,7.26,7.3,7.26,0.12,1.6529,1.2462,7673345,56358014.0,4544308800.0,4544308800.0
2016-02-19,'601208,东材科技,7.26,7.27,7.12,7.12,7.22,0.04,0.554,0.8749,5387384,38831331.0,4470417600.0,4470417600.0
2016-02-18,'601208,东材科技,7.22,7.33,7.21,7.29,7.25,-0.03,-0.4138,1.0295,6339112,46030110.0,4445787200.0,4445787200.0
2016-02-17,'601208,东材科技,7.25,7.28,7.11,7.2,7.21,0.04,0.5548,0.9952,6128336,44210003.0,4464260000.0,4464260000.0
2016-02-16,'601208,东材科技,7.21,7.23,6.94,6.98,6.93,0.28,4.0404,1.1828,7282952,52014466.0,4439629600.0,4439629600.0
2016-02-15,'601208,东材科技,6.93,6.99,6.71,6.8,6.99,-0.06,-0.8584,0.5508,3391724,23301044.0,4267216800.0,4267216800.0
2016-02-05,'601208,东材科技,6.99,7.18,6.99,7.14,7.13,-0.14,-1.9635,0.6924,4263490,30082942.0,4304162400.0,4304162400.0
2016-02-04,'601208,东材科技,7.13,7.18,7.02,7.06,7.02,0.11,1.567,0.8025,4941684,35166072.0,4390368800.0,4390368800.0
2016-02-03,'601208,东材科技,7.02,7.07,6.82,6.9,6.99,0.03,0.4292,0.7602,4681043,32540411.0,4322635200.0,4322635200.0
2016-02-02,'601208,东材科技,6.99,7.01,6.77,6.79,6.77,0.22,3.2496,0.857,5277281,36625974.0,4304162400.0,4304162400.0
2016-02-01,'601208,东材科技,6.77,6.98,6.63,6.9,6.96,-0.19,-2.7299,0.6689,4118626,28077138.0,4168695200.0,4168695200.0
2016-01-29,'601208,东材科技,6.96,7.04,6.66,6.86,6.76,0.2,2.9586,1.0862,6688456,46163284.0,4285689600.0,4285689600.0
2016-01-28,'601208,东材科技,6.76,7.49,6.56,6.71,6.83,-0.07,-1.0249,1.0864,6689720,46485459.0,4162537600.0,4162537600.0
2016-01-27,'601208,东材科技,6.83,6.89,6.47,6.81,6.81,0.02,0.2937,0.9995,6154613,41320166.0,4205640800.0,4205640800.0
2016-01-26,'601208,东材科技,6.81,7.24,6.72,7.2,7.3,-0.49,-6.7123,1.4372,8849691,61903765.0,4193325600.0,4193325600.0
2016-01-25,'601208,东材科技,7.3,7.34,7.18,7.3,7.28,0.02,0.2747,1.1536,7103676,51685814.0,4495048000.0,4495048000.0
2016-01-22,'601208,东材科技,7.28,7.34,7.05,7.24,7.1,0.18,2.5352,0.8849,5449002,39228824.0,4482732800.0,4482732800.0
2016-01-21,'601208,东材科技,7.1,7.59,7.08,7.38,7.51,-0.41,-5.4594,1.2135,7472298,55055275.0,4371896000.0,4371896000.0
2016-01-20,'601208,东材科技,7.51,7.65,7.39,7.45,7.52,-0.01,-0.133,1.3889,8552431,64407546.0,4624357600.0,4624357600.0
2016-01-19,'601208,东材科技,7.52,7.54,7.22,7.24,7.23,0.29,4.0111,1.233,7592461,56267965.0,4630515200.0,4630515200.0
2016-01-18,'601208,东材科技,7.23,7.41,7.0,7.02,7.18,0.05,0.6964,0.8446,5200821,37690897.0,4451944800.0,4451944800.0
2016-01-15,'601208,东材科技,7.18,7.63,7.11,7.55,7.6,-0.42,-5.5263,1.3351,8221068,60639528.0,4421156800.0,4421156800.0
2016-01-14,'601208,东材科技,7.6,7.68,7.04,7.04,7.4,0.2,2.7027,1.4128,8699257,64229035.0,4679776000.0,4679776000.0
2016-01-13,'601208,东材科技,7.4,7.86,7.38,7.8,7.73,-0.33,-4.2691,1.3322,8203330,62822938.0,4556624000.0,4556624000.0
2016-01-12,'601208,东材科技,7.73,8.1,7.5,8.05,8.1,-0.37,-4.5679,2.4848,15300567,118349872.0,4759824800.0,4759824800.0
2016-01-11,'601208,东材科技,8.1,8.84,8.1,8.84,9.0,-0.9,-10.0,4.1259,25405340,212658877.0,4987656000.0,4987656000.0
2016-01-08,'601208,东材科技,9.0,9.08,8.31,8.73,8.49,0.51,6.0071,3.6147,22257623,196495302.0,5541840000.0,5541840000.0
2016-01-07,'601208,东材科技,8.49,9.3,8.49,9.28,9.43,-0.94,-9.9682,1.1055,6807400,60233501.0,5227802400.0,5227802400.0
2016-01-06,'601208,东材科技,9.43,9.5,8.78,8.78,8.85,0.58,6.5537,4.4036,27115505,248201246.0,5806616800.0,5806616800.0
2016-01-05,'601208,东材科技,8.85,8.88,8.16,8.3,8.5,0.35,4.1176,2.7478,16919573,145662927.0,5449476000.0,5449476000.0
2016-01-04,'601208,东材科技,8.5,9.38,8.47,9.36,9.37,-0.87,-9.285,2.2067,13587824,122832333.0,5233960000.0,5233960000.0
2015-12-31,'601208,东材科技,9.37,9.58,9.26,9.3,9.3,0.07,0.7527,3.7411,23036258,217355569.0,5769671200.0,5769671200.0
2015-12-30,'601208,东材科技,9.3,9.36,9.15,9.23,9.22,0.08,0.8677,2.1706,13365989,123897206.0,5726568000.0,5726568000.0
2015-12-29,'601208,东材科技,9.22,9.23,8.91,8.93,9.0,0.22,2.4444,1.8496,11389310,103028976.0,5677307200.0,5677307200.0
2015-12-28,'601208,东材科技,9.0,9.43,9.0,9.38,9.36,-0.36,-3.8462,3.0112,18541697,170665226.0,5541840000.0,5541840000.0
2015-12-25,'601208,东材科技,9.36,9.39,8.94,8.94,8.92,0.44,4.9327,3.2606,20077720,184960297.0,5763513600.0,5763513600.0
2015-12-24,'601208,东材科技,8.92,9.02,8.76,8.98,8.97,-0.05,-0.5574,1.362,8386959,74422974.0,5492579200.0,5492579200.0
2015-12-23,'601208,东材科技,8.97,9.17,8.92,9.11,9.14,-0.17,-1.86,1.7951,11053672,100163442.0,5523367200.0,5523367200.0
2015-12-22,'601208,东材科技,9.14,9.19,9.02,9.16,9.06,0.08,0.883,1.7882,11010899,100254900.0,5628046400.0,5628046400.0
2015-12-21,'601208,东材科技,9.06,9.1,8.96,9.02,9.03,0.03,0.3322,1.7233,10611526,96051896.0,5578785600.0,5578785600.0
2015-12-18,'601208,东材科技,9.03,9.12,8.84,9.02,9.03,0.0,0.0,2.025,12469277,112043961.0,5560312800.0,5560312800.0
2015-12-17,'601208,东材科技,9.03,9.06,8.87,8.88,8.85,0.18,2.0339,2.287,14082606,126494690.0,5560312800.0,5560312800.0
2015-12-16,'601208,东材科技,8.85,8.87,8.68,8.73,8.73,0.12,1.3746,1.9735,12152259,106860178.0,5449476000.0,5449476000.0
2015-12-15,'601208,东材科技,8.73,8.8,8.54,8.54,8.58,0.15,1.7483,1.9098,11759929,101820675.0,5375584800.0,5375584800.0
2015-12-14,'601208,东材科技,8.58,8.6,8.27,8.3,8.38,0.2,2.3866,1.532,9433708,79790541.0,5283220800.0,5283220800.0
2015-12-11,'601208,东材科技,8.38,8.49,8.29,8.43,8.51,-0.13,-1.5276,1.0951,6743467,56436821.0,5160068800.0,5160068800.0
2015-12-10,'601208,东材科技,8.51,8.62,8.39,8.44,8.43,0.08,0.949,1.4256,8778204,74739655.0,5240117600.0,5240117600.0
2015-12-09,'601208,东材科技,8.43,8.51,8.38,8.46,8.45,-0.02,-0.2367,0.9909,6101369,51508363.0,5190856800.0,5190856800.0
2015-12-08,'601208,东材科技,8.45,8.68,8.43,8.68,8.72,-0.27,-3.0963,1.4739,9075862,77450852.0,5203172000.0,5203172000.0
2015-12-07,'601208,东材科技,8.72,8.75,8.54,8.55,8.57,0.15,1.7503,1.5468,9524587,82476263.0,5369427200.0,5369427200.0
2015-12-04,'601208,东材科技,8.57,8.74,8.5,8.64,8.69,-0.12,-1.3809,1.8774,11560238,99599543.0,5277063200.0,5277063200.0
2015-12-03,'601208,东材科技,8.69,8.7,8.52,8.53,8.56,0.13,1.5187,2.1248,13083548,112665269.0,5350954400.0,5350954400.0
2015-12-02,'601208,东材科技,8.56,8.58,8.32,8.51,8.55,0.01,0.117,1.6238,9998655,84755126.0,5270905600.0,5270905600.0
2015-12-01,'601208,东材科技,8.55,8.57,8.4,8.46,8.46,0.09,1.0638,1.8345,11296241,95874211.0,5264748000.0,5264748000.0
2015-11-30,'601208,东材科技,8.46,8.6,8.1,8.51,8.5,-0.04,-0.4706,2.2915,14110372,117973992.0,5209329600.0,5209329600.0
2015-11-27,'601208,东材科技,8.5,9.27,8.3,9.18,9.18,-0.68,-7.4074,2.6686,16432338,146336629.0,5233960000.0,5233960000.0
2015-11-26,'601208,东材科技,9.18,9.41,9.15,9.4,9.38,-0.2,-2.1322,2.7155,16720861,154621194.0,5652676800.0,5652676800.0
2015-11-25,'601208,东材科技,9.38,9.4,9.17,9.19,9.21,0.17,1.8458,2.9317,18052221,167876557.0,5775828800.0,5775828800.0
2015-11-24,'601208,东材科技,9.21,9.23,9.0,9.1,9.12,0.09,0.9868,2.1954,13518339,123215457.0,5671149600.0,5671149600.0
2015-11-23,'601208,东材科技,9.12,9.25,9.07,9.19,9.19,-0.07,-0.7617,2.38,14655115,134336441.0,5615731200.0,5615731200.0
2015-11-20,'601208,东材科技,9.19,9.35,9.07,9.25,9.22,-0.03,-0.3254,3.0068,18514945,170180236.0,5658834400.0,5658834400.0
2015-11-19,'601208,东材科技,9.22,9.23,9.08,9.12,9.12,0.1,1.0965,1.5935,9812241,89912653.0,5677307200.0,5677307200.0
2015-11-18,'601208,东材科技,9.12,9.42,9.07,9.35,9.36,-0.24,-2.5641,2.8098,17301797,159544856.0,5615731200.0,5615731200.0
2015-11-17,'601208,东材科技,9.36,9.58,9.3,9.56,9.59,-0.23,-2.3983,5.3779,33115015,311617809.0,5763513600.0,5763513600.0
2015-11-16,'601208,东材科技,9.59,9.6,9.1,9.22,9.16,0.43,4.6943,4.9046,30200289,281808573.0,5905138400.0,5905138400.0
2015-11-13,'601208,东材科技,9.16,9.29,8.71,8.9,9.01,0.15,1.6648,4.088,25172121,227393095.0,5640361600.0,5640361600.0
2015-11-12,'601208,东材科技,9.01,9.17,8.89,9.14,9.13,-0.12,-1.3143,2.5554,15734877,141611855.0,5547997600.0,5547997600.0
2015-11-11,'601208,东材科技,9.13,9.14,8.97,9.11,9.12,0.01,0.1096,2.4778,15257064,138241617.0,5621888800.0,5621888800.0
2015-11-10,'601208,东材科技,9.12,9.18,8.85,8.9,8.97,0.15,1.6722,2.9059,17893417,162020271.0,5615731200.0,5615731200.0
2015-11-09,'601208,东材科技,8.97,9.12,8.8,8.98,9.1,-0.13,-1.4286,4.5679,28127268,253410142.0,5523367200.0,5523367200.0
2015-11-06,'601208,东材科技,9.1,9.12,8.88,8.9,9.0,0.1,1.1111,3.0115,18543325,167623988.0,5603416000.0,5603416000.0
2015-11-05,'601208,东材科技,9.0,9.07,8.54,8.7,8.68,0.32,3.6866,4.3983,27083071,238908062.0,5541840000.0,5541840000.0
2015-11-04,'601208,东材科技,8.68,8.69,8.28,8.29,8.29,0.39,4.7045,2.3342,14373345,123194805.0,5344796800.0,5344796800.0
2015-11-03,'601208,东材科技,8.29,8.34,8.15,8.2,8.18,0.11,1.3447,1.2499,7696596,63538742.0,5104650400.0,5104650400.0
2015-11-02,'601208,东材科技,8.18,8.48,8.1,8.2,8.4,-0.22,-2.619,1.4019,8632124,71540251.0,5036916800.0,5036916800.0
2015-10-30,'601208,东材科技,8.4,8.56,8.2,8.46,8.54,-0.14,-1.6393,1.5715,9676495,81300135.0,5172384000.0,5172384000.0
2015-10-29,'601208,东材科技,8.54,8.72,8.35,8.64,8.52,0.02,0.2347,2.5237,15540131,132861920.0,5258590400.0,5258590400.0
2015-10-28,'601208,东材科技,8.52,8.76,8.31,8.37,8.6,-0.08,-0.9302,3.4712,21374279,182340857.0,5246275200.0,5246275200.0
2015-10-27,'601208,东材科技,8.6,8.74,7.92,8.37,8.41,0.19,2.2592,2.7297,16808456,139547150.0,5295536000.0,5295536000.0
2015-10-26,'601208,东材科技,8.41,8.43,8.2,8.29,8.2,0.21,2.561,2.2634,13937227,116016497.0,5178541600.0,5178541600.0
2015-10-23,'601208,东材科技,8.2,8.2,7.89,7.96,7.92,0.28,3.5354,1.64,10098570,81172123.0,5049232000.0,5049232000.0
2015-10-22,'601208,东材科技,7.92,7.93,7.66,7.68,7.64,0.28,3.6649,1.237,7617007,59442017.0,4876819200.0,4876819200.0
2015-10-21,'601208,东材科技,7.64,8.34,7.55,8.24,8.27,-0.63,-7.6179,2.4639,15171411,121179559.0,4704406400.0,4704406400.0
2015-10-20,'601208,东材科技,8.27,8.29,8.06,8.06,8.13,0.14,1.722,1.5813,9736841,79658370.0,5092335200.0,5092335200.0
2015-10-19,'601208,东材科技,8.13,8.32,8.0,8.32,8.29,-0.16,-1.93,1.6912,10413533,84819166.0,5006128800.0,5006128800.0
2015-10-16,'601208,东材科技,8.29,8.37,8.15,8.3,8.29,0.0,0.0,1.9474,11991125,98969456.0,5104650400.0,5104650400.0
2015-10-15,'601208,东材科技,8.29,8.32,7.91,7.91,7.98,0.31,3.8847,2.4035,14799571,120912500.0,5104650400.0,5104650400.0
2015-10-14,'601208,东材科技,7.98,8.27,7.9,8.02,8.12,-0.14,-1.7241,2.202,13559002,109332968.0,4913764800.0,4913764800.0
2015-10-13,'601208,东材科技,8.12,8.24,7.75,7.79,7.89,0.23,2.9151,2.3312,14354538,114686266.0,4999971200.0,4999971200.0
2015-10-12,'601208,东材科技,7.89,7.96,7.5,7.52,7.53,0.36,4.7809,1.8985,11690216,91010874.0,4858346400.0,4858346400.0
2015-10-09,'601208,东材科技,7.53,7.58,7.36,7.4,7.41,0.12,1.6194,1.1769,7247111,54170843.0,4636672800.0,4636672800.0
2015-10-08,'601208,东材科技,7.41,7.45,7.22,7.35,7.09,0.32,4.5134,1.2918,7954547,58607904.0,4562781600.0,4562781600.0
2015-09-30,'601208,东材科技,7.09,7.23,7.08,7.1,7.05,0.04,0.5674,0.636,3916269,27942537.0,4365738400.0,4365738400.0
2015-09-29,'601208,东材科技,7.05,7.16,7.02,7.15,7.27,-0.22,-3.0261,0.7986,4917258,34862433.0,4341108000.0,4341108000.0
2015-09-28,'601208,东材科技,7.27,7.33,7.02,7.13,7.11,0.16,2.2504,0.5645,3475712,24993700.0,4476575200.0,4476575200.0
2015-09-25,'601208,东材科技,7.11,7.36,7.02,7.32,7.35,-0.24,-3.2653,0.8695,5354131,38387634.0,4378053600.0,4378053600.0
2015-09-24,'601208,东材科技,7.35,7.38,7.18,7.18,7.15,0.2,2.7972,0.9794,6030706,43970298.0,4525836000.0,4525836000.0
2015-09-23,'601208,东材科技,7.15,7.29,7.1,7.23,7.36,-0.21,-2.8533,1.0762,6626673,47707641.0,4402684000.0,4402684000.0
2015-09-22,'601208,东材科技,7.36,7.51,7.29,7.29,7.34,0.02,0.2725,1.3857,8532571,63061510.0,4531993600.0,4531993600.0
2015-09-21,'601208,东材科技,7.34,7.38,6.96,7.05,7.12,0.22,3.0899,1.1372,7002473,50588515.0,4519678400.0,4519678400.0
2015-09-18,'601208,东材科技,7.12,7.16,7.01,7.06,7.07,0.05,0.7072,0.8272,5093780,36111604.0,4384211200.0,4384211200.0
2015-09-17,'601208,东材科技,7.07,7.4,6.99,7.25,7.32,-0.25,-3.4153,1.57,9667171,69648433.0,4353423200.0,4353423200.0
2015-09-16,'601208,东材科技,7.32,7.37,6.71,6.76,6.7,0.62,9.2537,1.3747,8464702,59453698.0,4507363200.0,4507363200.0
2015-09-15,'601208,东材科技,6.7,7.04,6.66,6.98,7.01,-0.31,-4.4223,1.1223,6910945,47371375.0,4125592000.0,4125592000.0
2015-09-14,'601208,东材科技,7.01,7.87,6.99,7.81,7.77,-0.76,-9.7812,1.6106,9917373,72321405.0,4316477600.0,4316477600.0
2015-09-11,'601208,东材科技,7.77,7.85,7.62,7.68,7.7,0.07,0.9091,1.042,6416521,49684413.0,4784455200.0,4784455200.0
2015-09-10,'601208,东材科技,7.7,7.95,7.68,7.91,7.99,-0.29,-3.6295,1.2768,7862295,61416762.0,4741352000.0,4741352000.0
2015-09-09,'601208,东材科技,7.99,8.07,7.74,7.89,7.74,0.25,3.23,2.468,15196950,120248846.0,4919922400.0,4919922400.0
2015-09-08,'601208,东材科技,7.74,7.78,7.22,7.3,7.41,0.33,4.4534,1.2095,7447312,55989197.0,4765982400.0,4765982400.0
2015-09-07,'601208,东材科技,7.41,7.78,7.33,7.35,7.4,0.01,0.1351,1.4367,8846641,67285746.0,4562781600.0,4562781600.0
2015-09-02,'601208,东材科技,7.4,7.5,6.81,6.89,7.15,0.25,3.4965,2.3411,14415848,104029023.0,4556624000.0,4556624000.0
2015-09-01,'601208,东材科技,7.15,7.63,7.07,7.63,7.79,-0.64,-8.2157,1.5457,9517649,69734306.0,4402684000.0,4402684000.0
2015-08-31,'601208,东材科技,7.79,7.92,7.6,7.92,8.06,-0.27,-3.3499,2.0989,12924469,99815192.0,4796770400.0,4796770400.0
2015-08-28,'601208,东材科技,8.06,8.07,7.46,7.6,7.45,0.61,8.1879,2.6226,16148981,124629369.0,4963025600.0,4963025600.0
2015-08-27,'601208,东材科技,7.45,7.57,6.97,7.24,7.06,0.39,5.5241,1.834,11293328,82027863.0,4587412000.0,4587412000.0
2015-08-26,'601208,东材科技,7.06,7.51,6.88,7.31,7.12,-0.06,-0.8427,2.6745,16468615,119398171.0,4347265600.0,4347265600.0
2015-08-25,'601208,东材科技,7.12,7.46,7.12,7.13,7.91,-0.79,-9.9874,4.2743,26319673,187964206.0,4384211200.0,4384211200.0
2015-08-24,'601208,东材科技,7.91,8.37,7.91,8.11,8.79,-0.88,-10.0114,2.4462,15062520,120586550.0,4870661600.0,4870661600.0
2015-08-21,'601208,东材科技,8.79,9.53,8.78,9.31,9.75,-0.96,-9.8462,3.0958,19062900,174075876.0,5412530400.0,5412530400.0
2015-08-20,'601208,东材科技,9.75,10.35,9.72,9.9,10.18,-0.43,-4.224,3.0042,18498776,184560381.0,6003660000.0,6003660000.0
2015-08-19,'601208,东材科技,10.18,10.3,9.11,9.65,10.11,0.07,0.6924,4.2547,26198521,254540383.0,6268436800.0,6268436800.0
2015-08-18,'601208,东材科技,10.11,11.13,10.11,10.94,11.23,-1.12,-9.9733,4.9142,30259908,321598291.0,6225333600.0,6225333600.0
2015-08-17,'601208,东材科技,11.23,11.3,10.64,10.98,10.48,0.75,7.1565,7.5583,46540758,513288057.0,6914984800.0,6914984800.0
2015-08-14,'601208,东材科技,10.48,10.52,10.15,10.33,10.25,0.23,2.2439,4.0341,24840573,257470934.0,6453164800.0,6453164800.0
2015-08-13,'601208,东材科技,10.25,10.3,9.78,9.9,9.86,0.39,3.9554,2.9452,18135107,182168903.0,6311540000.0,6311540000.0
2015-08-12,'601208,东材科技,9.86,10.12,9.86,10.0,10.15,-0.29,-2.8571,2.2639,13940216,139202195.0,6071393600.0,6071393600.0
2015-08-11,'601208,东材科技,10.15,10.26,9.99,10.02,10.08,0.07,0.6944,3.5398,21796867,220644273.0,6249964000.0,6249964000.0
2015-08-10,'601208,东材科技,10.08,10.19,9.75,9.8,9.71,0.37,3.8105,3.6307,22356205,223541601.0,6206860800.0,6206860800.0
2015-08-07,'601208,东材科技,9.71,9.78,9.48,9.48,9.43,0.28,2.9692,2.022,12450708,120509657.0,5979029600.0,5979029600.0
2015-08-06,'601208,东材科技,9.43,9.65,9.3,9.42,9.63,-0.2,-2.0768,1.7238,10614300,100557798.0,5806616800.0,5806616800.0
2015-08-05,'601208,东材科技,9.63,9.99,9.51,9.99,9.96,-0.33,-3.3133,2.888,17783394,173740816.0,5929768800.0,5929768800.0
2015-08-04,'601208,东材科技,9.96,9.98,9.21,9.26,9.28,0.68,7.3276,3.1211,19218200,185325072.0,6132969600.0,6132969600.0
2015-08-03,'601208,东材科技,9.28,9.29,8.76,8.87,9.0,0.28,3.1111,2.9496,18162279,161284734.0,5714252800.0,5714252800.0
2015-07-31,'601208,东材科技,9.0,9.12,8.89,8.92,9.1,-0.1,-1.0989,2.6501,16318333,146349192.0,5541840000.0,5541840000.0
2015-07-30,'601208,东材科技,9.1,9.56,9.06,9.06,9.21,-0.11,-1.1944,3.0932,19046559,177505073.0,5603416000.0,5603416000.0
2015-07-29,'601208,东材科技,9.21,9.24,8.58,8.78,8.68,0.53,6.106,2.6522,16331406,144183346.0,5671149600.0,5671149600.0
2015-07-28,'601208,东材科技,8.68,9.0,8.15,8.15,9.0,-0.32,-3.5556,4.3288,26654826,226203673.0,5344796800.0,5344796800.0
2015-07-27,'601208,东材科技,9.0,10.02,9.0,9.78,10.0,-1.0,-10.0,3.5588,21913798,210158676.0,5541840000.0,5541840000.0
2015-07-24,'601208,东材科技,10.0,10.48,9.82,10.35,10.3,-0.3,-2.9126,4.7538,29272033,300966792.0,6157600000.0,6157600000.0
2015-07-23,'601208,东材科技,10.3,10.33,9.92,10.01,9.98,0.32,3.2064,4.0722,25074873,254593601.0,6342328000.0,6342328000.0
2015-07-22,'601208,东材科技,9.98,10.19,9.7,10.0,10.09,-0.11,-1.0902,3.5037,21574530,214508800.0,6145284800.0,6145284800.0
2015-07-21,'601208,东材科技,10.09,10.13,9.62,9.78,9.93,0.16,1.6113,3.5114,21621944,214279358.0,6213018400.0,6213018400.0
2015-07-20,'601208,东材科技,9.93,10.14,9.51,9.71,9.71,0.22,2.2657,3.8504,23709505,233832934.0,6114496800.0,6114496800.0
2015-07-17,'601208,东材科技,9.71,9.78,9.12,9.15,9.1,0.61,6.7033,3.0444,18745968,178962629.0,5979029600.0,5979029600.0
2015-07-16,'601208,东材科技,9.1,9.34,8.26,8.76,8.76,0.34,3.8813,3.008,18521764,165735398.0,5603416000.0,5603416000.0
2015-07-15,'601208,东材科技,8.76,9.56,8.76,9.39,9.73,-0.97,-9.9692,3.9575,24368998,221020247.0,5394057600.0,5394057600.0
2015-07-14,'601208,东材科技,9.73,10.19,9.38,9.59,9.55,0.18,1.8848,7.0638,43495873,425150999.0,5991344800.0,5991344800.0
2015-07-13,'601208,东材科技,9.55,9.55,9.23,9.45,8.68,0.87,10.023,6.1149,37653221,355554661.0,5880508000.0,5880508000.0
2015-07-10,'601208,东材科技,8.68,8.68,8.25,8.5,7.89,0.79,10.0127,1.3058,8040600,68990882.0,5344796800.0,5344796800.0
2015-07-09,'601208,东材科技,7.89,7.89,7.05,7.05,7.17,0.72,10.0418,2.7401,16872466,129253496.0,4858346400.0,4858346400.0
2015-07-08,'601208,东材科技,7.17,7.67,7.17,7.17,7.97,-0.8,-10.0376,8.7228,53711563,393275087.0,4414999200.0,4414999200.0
2015-07-07,'601208,东材科技,7.97,8.62,7.97,8.57,8.85,-0.88,-9.9435,3.1567,19437546,158109284.0,4907607200.0,4907607200.0
2015-07-06,'601208,东材科技,8.85,9.7,7.98,9.7,8.82,0.03,0.3401,5.1239,31551215,278521836.0,5449476000.0,5449476000.0
2015-07-03,'601208,东材科技,8.82,9.97,8.69,9.61,9.66,-0.84,-8.6957,4.2548,26199226,238302145.0,5431003200.0,5431003200.0
2015-07-02,'601208,东材科技,9.66,10.68,9.47,10.6,10.51,-0.85,-8.0875,4.6923,28893387,291534444.0,5948241600.0,5948241600.0
2015-07-01,'601208,东材科技,10.51,11.68,10.48,11.4,11.42,-0.91,-7.9685,4.3112,26546348,298409483.0,6471637600.0,6471637600.0
2015-06-30,'601208,东材科技,11.42,11.44,9.87,10.55,10.57,0.85,8.0416,5.6889,35030038,374893341.0,7031979200.0,7031979200.0
2015-06-29,'601208,东材科技,10.57,11.64,10.13,11.64,11.26,-0.69,-6.1279,5.0365,31012660,340446384.0,6508583200.0,6508583200.0
2015-06-26,'601208,东材科技,11.26,12.16,11.25,12.12,12.5,-1.24,-9.92,4.8184,29669500,345790999.0,6933457600.0,6933457600.0
2015-06-25,'601208,东材科技,12.5,13.29,12.25,13.25,13.35,-0.85,-6.367,3.4472,21226480,274760646.0,7697000000.0,7697000000.0
2015-06-24,'601208,东材科技,13.35,13.4,12.92,13.1,12.98,0.37,2.8505,3.1966,19683341,259844845.0,8220396000.0,8220396000.0
2015-06-23,'601208,东材科技,12.98,13.04,11.89,12.85,12.77,0.21,1.6445,3.4669,21347512,269937514.0,7992564800.0,7992564800.0
2015-06-19,'601208,东材科技,12.77,13.87,12.7,13.8,14.03,-1.26,-8.9808,3.3665,20729283,276265443.0,7863255200.0,7863255200.0
2015-06-18,'601208,东材科技,14.03,14.92,13.99,14.81,14.92,-0.89,-5.9651,3.3682,20740309,302463287.0,8639112800.0,8639112800.0
2015-06-17,'601208,东材科技,14.92,14.98,13.88,14.75,14.77,0.15,1.0156,4.0199,24752703,357986865.0,9187139200.0,9187139200.0
2015-06-16,'601208,东材科技,14.77,15.88,14.68,15.75,16.06,-1.29,-8.0324,4.8611,29932560,453819638.0,9094775200.0,9094775200.0
2015-06-15,'601208,东材科技,16.06,16.6,15.81,15.9,15.87,0.19,1.1972,4.9859,30701276,497420376.0,9889105600.0,9889105600.0
2015-06-12,'601208,XD东材科,15.87,16.32,15.36,15.56,15.46,0.41,2.652,5.0107,30853894,487147173.0,9772111200.0,9772111200.0
2015-06-11,'601208,东材科技,15.56,15.59,14.91,15.24,15.33,0.23,1.5003,3.9671,24427589,372686378.0,9581225600.0,9581225600.0
2015-06-10,'601208,东材科技,15.33,15.59,14.89,15.1,15.25,0.08,0.5246,3.1793,19576928,300315767.0,9439600800.0,9439600800.0
2015-06-09,'601208,东材科技,15.25,15.55,14.96,15.2,15.2,0.05,0.3289,3.6236,22312440,340626041.0,9390340000.0,9390340000.0
2015-06-08,'601208,东材科技,15.2,15.73,15.01,15.72,15.79,-0.59,-3.7365,4.7807,29437827,449395297.0,9359552000.0,9359552000.0
2015-06-05,'601208,东材科技,15.79,16.33,15.38,16.02,15.93,-0.14,-0.8788,5.7726,35545233,561362389.0,9722850400.0,9722850400.0
2015-06-04,'601208,东材科技,15.93,16.42,14.68,16.18,15.85,0.08,0.5047,6.3934,39367877,616659008.0,9809056800.0,9809056800.0
2015-06-03,'601208,东材科技,15.85,16.22,15.07,15.2,15.23,0.62,4.0709,6.9282,42660923,673468387.0,9759796000.0,9759796000.0
2015-06-02,'601208,东材科技,15.23,15.24,14.71,14.98,14.96,0.27,1.8048,6.2692,38603174,579889977.0,9378024800.0,9378024800.0
2015-06-01,'601208,东材科技,14.96,15.1,13.69,13.99,13.82,1.14,8.2489,6.952,42807585,622203538.0,9211769600.0,9211769600.0
2015-05-29,'601208,东材科技,13.82,14.29,12.5,13.6,13.63,0.19,1.394,6.2546,38513560,524170848.0,8509803200.0,8509803200.0
2015-05-28,'601208,东材科技,13.63,15.58,13.58,14.41,14.22,-0.59,-4.1491,8.4021,51736501,760386273.0,8392808800.0,8392808800.0
2015-05-27,'601208,东材科技,14.22,14.34,13.86,14.33,14.34,-0.12,-0.8368,4.9077,30219559,426211154.0,8756107200.0,8756107200.0
2015-05-26,'601208,东材科技,14.34,14.68,13.83,14.0,13.9,0.44,3.1655,6.9649,42887117,612702389.0,8829998400.0,8829998400.0
2015-05-25,'601208,东材科技,13.9,14.23,12.77,12.89,12.94,0.96,7.4189,7.1547,44055826,599181236.0,8559064000.0,8559064000.0
2015-05-22,'601208,东材科技,12.94,13.18,12.67,13.09,13.0,-0.06,-0.4615,5.5422,34126866,439848985.0,7967934400.0,7967934400.0
2015-05-21,'601208,东材科技,13.0,13.13,12.32,12.53,12.44,0.56,4.5016,6.176,38029371,484145856.0,8004880000.0,8004880000.0
2015-05-20,'601208,东材科技,12.44,13.14,12.32,12.67,12.67,-0.23,-1.8153,7.0968,43699221,557255809.0,7660054400.0,7660054400.0
2015-05-19,'601208,东材科技,12.67,12.88,11.78,11.88,11.75,0.92,7.8298,7.2829,44845086,546589188.0,7801679200.0,7801679200.0
2015-05-18,'601208,东材科技,11.75,11.78,11.08,11.15,11.26,0.49,4.3517,4.2887,26408008,303355051.0,7235180000.0,7235180000.0
