2016-02-04,'601216,君正集团,7.67,7.67,7.01,7.05,6.97,0.7,10.043,1.1502,42401949,319396467.0,32359796690.7,28274688000.0
2016-02-03,'601216,君正集团,6.97,6.99,6.83,6.93,7.02,-0.05,-0.7123,0.3639,13414771,92784611.0,29406490604.2,25694208000.0
2016-02-02,'601216,君正集团,7.02,7.06,6.84,6.9,6.78,0.24,3.5398,0.434,16000421,111776348.0,29617441038.9,25878528000.0
2016-02-01,'601216,君正集团,6.78,6.92,6.62,6.8,6.82,-0.04,-0.5865,0.4108,15142499,102897681.0,28604878952.1,24993792000.0
2016-01-29,'601216,君正集团,6.82,6.95,6.58,6.6,6.59,0.23,3.4901,0.5192,19138480,129423261.0,28773639299.9,25141248000.0
2016-01-28,'601216,君正集团,6.59,7.09,6.49,7.0,7.05,-0.46,-6.5248,0.5268,19421373,132352671.0,27803267300.0,24293376000.0
2016-01-27,'601216,君正集团,7.05,7.4,6.77,7.33,7.3,-0.25,-3.4247,0.7818,28821923,202023421.0,29744011299.8,25989120000.0
2016-01-26,'601216,君正集团,7.3,8.05,7.3,8.05,8.11,-0.81,-9.9877,0.7328,27014246,207079528.0,30798763473.5,26910720000.0
2016-01-25,'601216,君正集团,8.11,8.19,8.02,8.19,8.07,0.04,0.4957,0.3481,12831988,104217734.0,34216160516.5,29896704000.0
2016-01-22,'601216,君正集团,8.07,8.16,7.83,8.1,7.96,0.11,1.3819,0.4024,14835860,119172288.0,34047400168.7,29749248000.0
2016-01-21,'601216,君正集团,7.96,8.46,7.95,8.0,8.43,-0.47,-5.5753,0.5815,21437732,175563361.0,33583309212.2,29343744000.0
2016-01-20,'601216,君正集团,8.43,8.65,8.39,8.54,8.56,-0.13,-1.5187,0.4904,18079063,153743719.0,35566243298.8,31076352000.0
2016-01-19,'601216,君正集团,8.56,8.58,8.22,8.34,8.3,0.26,3.1325,0.6081,22418646,189301369.0,36114714429.2,31555584000.0
2016-01-18,'601216,君正集团,8.3,8.44,8.03,8.2,8.19,0.11,1.3431,0.4729,17434559,144503095.0,35017772168.5,30597120000.0
2016-01-15,'601216,君正集团,8.19,8.6,8.12,8.47,8.58,-0.39,-4.5455,0.5603,20655074,172356584.0,34553681212.1,30191616000.0
2016-01-14,'601216,君正集团,8.58,8.65,7.9,8.0,8.32,0.26,3.125,0.6279,23148580,193440238.0,36199094603.1,31629312000.0
2016-01-13,'601216,君正集团,8.32,8.81,8.3,8.65,8.61,-0.29,-3.3682,0.5904,21763582,187275522.0,35102152342.4,30670848000.0
2016-01-12,'601216,君正集团,8.61,8.81,8.4,8.66,8.64,-0.03,-0.3472,0.5815,21436183,184450030.0,36325664863.9,31739904000.0
2016-01-11,'601216,君正集团,8.64,9.28,8.58,8.88,9.01,-0.37,-4.1065,0.9033,33298464,298633083.0,36452235124.8,31850496000.0
2016-01-08,'601216,君正集团,9.01,9.35,8.2,9.0,8.97,0.04,0.4459,0.9674,35663650,319999762.0,33214464000.0,33214464000.0
2016-01-07,'601216,君正集团,8.97,9.79,8.97,9.7,9.97,-1.0,-10.0301,0.2233,8232860,76470801.0,33067008000.0,33067008000.0
2016-01-06,'601216,君正集团,9.97,9.98,9.64,9.86,9.76,0.21,2.1516,0.7553,27845065,273979829.0,36753408000.0,36753408000.0
2016-01-05,'601216,君正集团,9.76,10.2,9.31,9.7,10.31,-0.55,-5.3346,1.289,47518822,463923643.0,35979264000.0,35979264000.0
2016-01-04,'601216,君正集团,10.31,11.51,10.31,11.45,11.45,-1.14,-9.9563,0.7691,28351113,305649815.0,38006784000.0,38006784000.0
2015-12-31,'601216,君正集团,11.45,11.75,11.44,11.68,11.64,-0.19,-1.6323,0.5441,20059479,232151769.0,42209280000.0,42209280000.0
2015-12-30,'601216,君正集团,11.64,11.8,11.57,11.79,11.76,-0.12,-1.0204,0.6482,23895935,278728112.0,42909696000.0,42909696000.0
2015-12-29,'601216,君正集团,11.76,11.79,11.56,11.74,11.68,0.08,0.6849,0.5667,20891157,243615103.0,43352064000.0,43352064000.0
2015-12-28,'601216,君正集团,11.68,12.15,11.62,11.9,11.78,-0.1,-0.8489,1.0286,37916499,449783296.0,43057152000.0,43057152000.0
2015-12-25,'601216,君正集团,11.78,12.0,11.7,11.76,11.79,-0.01,-0.0848,0.6551,24150459,285285825.0,43425792000.0,43425792000.0
2015-12-24,'601216,君正集团,11.79,12.05,11.61,11.95,12.02,-0.23,-1.9135,1.0471,38601806,455136381.0,43462656000.0,43462656000.0
2015-12-23,'601216,君正集团,12.02,12.99,12.0,12.85,12.66,-0.64,-5.0553,2.482,91494906,1129635469.0,44310528000.0,44310528000.0
2015-12-22,'601216,君正集团,0.0,0.0,0.0,0.0,12.66,None,None,0.0,0,0.0,46669824000.0,46669824000.0
2015-12-21,'601216,君正集团,12.66,12.91,11.7,11.7,11.74,0.92,7.8365,2.9819,109925463,1363932256.0,46669824000.0,46669824000.0
2015-12-18,'601216,君正集团,11.74,11.95,11.62,11.75,11.84,-0.1,-0.8446,1.0258,37814621,444657780.0,43278336000.0,43278336000.0
2015-12-17,'601216,君正集团,11.84,11.98,11.45,11.52,11.41,0.43,3.7686,1.6874,62203111,729733647.0,43646976000.0,43646976000.0
2015-12-16,'601216,君正集团,11.41,11.59,11.32,11.51,11.49,-0.08,-0.6963,0.8456,31173837,357476047.0,42061824000.0,42061824000.0
2015-12-15,'601216,君正集团,11.49,11.69,11.38,11.65,11.56,-0.07,-0.6055,0.7699,28381149,327087580.0,42356736000.0,42356736000.0
2015-12-14,'601216,君正集团,11.56,11.58,11.11,11.24,11.52,0.04,0.3472,0.9354,34483735,389960623.0,42614784000.0,42614784000.0
2015-12-11,'601216,君正集团,11.52,12.46,11.47,12.0,11.35,0.17,1.4978,1.9005,70060703,834601367.0,42467328000.0,42467328000.0
2015-12-10,'601216,君正集团,0.0,0.0,0.0,0.0,11.35,None,None,0.0,0,0.0,41840640000.0,41840640000.0
2015-12-09,'601216,君正集团,0.0,0.0,0.0,0.0,11.35,None,None,0.0,0,0.0,41840640000.0,41840640000.0
2015-12-08,'601216,君正集团,11.35,11.7,11.28,11.7,11.77,-0.42,-3.5684,1.0422,38419567,439684270.0,41840640000.0,41840640000.0
2015-12-07,'601216,君正集团,11.77,11.86,11.59,11.8,11.7,0.07,0.5983,0.9342,34437886,404114916.0,43388928000.0,43388928000.0
2015-12-04,'601216,君正集团,11.7,11.8,11.5,11.77,11.88,-0.18,-1.5152,1.2223,45059949,523540568.0,43130880000.0,43130880000.0
2015-12-03,'601216,君正集团,11.88,11.96,11.55,11.64,11.63,0.25,2.1496,1.3217,48721451,576059423.0,43794432000.0,43794432000.0
2015-12-02,'601216,君正集团,11.63,11.89,11.29,11.89,11.72,-0.09,-0.7679,1.1196,41271728,476458504.0,42872832000.0,42872832000.0
2015-12-01,'601216,君正集团,11.72,11.97,11.45,11.7,11.83,-0.11,-0.9298,1.6778,61852197,723793840.0,43204608000.0,43204608000.0
2015-11-30,'601216,君正集团,11.83,12.0,11.38,11.41,11.4,0.43,3.7719,2.2138,81608315,954562607.0,43610112000.0,43610112000.0
2015-11-27,'601216,君正集团,11.4,12.56,11.32,12.35,12.58,-1.18,-9.38,3.0377,111980666,1338511372.0,42024960000.0,42024960000.0
2015-11-26,'601216,君正集团,12.58,13.66,12.53,13.66,12.42,0.16,1.2882,5.306,195599444,2569843131.0,46374912000.0,46374912000.0
2015-11-25,'601216,君正集团,12.42,12.42,11.66,11.66,11.29,1.13,10.0089,1.2174,44879534,547440715.0,45785088000.0,45785088000.0
2015-11-24,'601216,君正集团,11.29,11.49,11.12,11.35,11.39,-0.1,-0.878,0.9382,34585145,388748641.0,41619456000.0,41619456000.0
2015-11-23,'601216,君正集团,11.39,11.74,11.37,11.6,11.54,-0.15,-1.2998,0.9938,36634150,423270290.0,41988096000.0,41988096000.0
2015-11-20,'601216,君正集团,11.54,11.82,11.47,11.66,11.63,-0.09,-0.7739,1.161,42800089,496694814.0,42541056000.0,42541056000.0
2015-11-19,'601216,君正集团,11.63,11.67,11.33,11.49,11.38,0.25,2.1968,0.8176,30139180,347341446.0,42872832000.0,42872832000.0
2015-11-18,'601216,君正集团,11.38,11.68,11.32,11.47,11.44,-0.06,-0.5245,0.863,31813512,365461393.0,41951232000.0,41951232000.0
2015-11-17,'601216,君正集团,11.44,11.95,11.39,11.85,11.76,-0.32,-2.7211,1.875,69119227,806825815.0,42172416000.0,42172416000.0
2015-11-16,'601216,君正集团,11.76,11.78,11.2,11.4,11.62,0.14,1.2048,1.0588,39029810,448172166.0,43352064000.0,43352064000.0
2015-11-13,'601216,君正集团,11.62,11.98,11.55,11.95,12.15,-0.53,-4.3621,1.519,55997945,656872346.0,42835968000.0,42835968000.0
2015-11-12,'601216,君正集团,12.15,12.38,11.89,12.1,12.08,0.07,0.5795,1.8029,66460981,807125820.0,44789760000.0,44789760000.0
2015-11-11,'601216,君正集团,12.08,12.35,11.82,12.3,12.11,-0.03,-0.2477,2.1351,78707307,946559741.0,44531712000.0,44531712000.0
2015-11-10,'601216,君正集团,12.11,12.66,12.01,12.5,12.66,-0.55,-4.3444,2.4809,91456147,1133599036.0,44642304000.0,44642304000.0
2015-11-09,'601216,君正集团,12.66,12.88,12.31,12.66,12.79,-0.13,-1.0164,2.5274,93169612,1174534701.0,46669824000.0,46669824000.0
2015-11-06,'601216,君正集团,12.79,12.89,12.31,12.4,12.36,0.43,3.479,2.6335,97080815,1229632814.0,47149056000.0,47149056000.0
2015-11-05,'601216,君正集团,12.36,12.73,12.21,12.46,12.62,-0.26,-2.0602,2.7387,100957823,1257421183.0,45563904000.0,45563904000.0
2015-11-04,'601216,君正集团,12.62,12.77,11.88,12.01,11.91,0.71,5.9614,2.6079,96137438,1189827596.0,46522368000.0,46522368000.0
2015-11-03,'601216,君正集团,11.91,12.23,11.72,11.73,11.8,0.11,0.9322,1.0606,39097981,465767965.0,43905024000.0,43905024000.0
2015-11-02,'601216,君正集团,11.8,12.34,11.5,11.55,11.93,-0.13,-1.0897,1.2106,44629397,532082688.0,43499520000.0,43499520000.0
2015-10-30,'601216,君正集团,11.93,12.27,11.42,11.88,11.92,0.01,0.0839,1.4363,52947445,632996857.0,43978752000.0,43978752000.0
2015-10-29,'601216,君正集团,11.92,12.26,11.65,11.96,11.85,0.07,0.5907,1.213,44716096,532187568.0,43941888000.0,43941888000.0
2015-10-28,'601216,君正集团,11.85,12.8,11.75,12.07,12.21,-0.36,-2.9484,1.9903,73371983,903138210.0,43683840000.0,43683840000.0
2015-10-27,'601216,君正集团,12.21,12.5,11.2,11.9,12.09,0.12,0.9926,1.9906,73382544,876298098.0,45010944000.0,45010944000.0
2015-10-26,'601216,君正集团,12.09,12.3,11.7,12.0,11.91,0.18,1.5113,1.8381,67761276,813820871.0,44568576000.0,44568576000.0
2015-10-23,'601216,君正集团,11.91,12.34,11.55,12.08,12.03,-0.12,-0.9975,2.0381,75132072,895489155.0,43905024000.0,43905024000.0
2015-10-22,'601216,内蒙君正,12.03,12.12,11.11,11.28,11.4,0.63,5.5263,1.992,73432686,853256000.0,44347392000.0,44347392000.0
2015-10-21,'601216,内蒙君正,11.4,12.55,11.4,12.44,12.67,-1.27,-10.0237,2.5595,94354943,1127274511.0,42024960000.0,42024960000.0
2015-10-20,'601216,内蒙君正,12.67,12.87,11.8,11.9,12.07,0.6,4.971,2.7371,100900172,1250183116.0,46706688000.0,46706688000.0
2015-10-19,'601216,内蒙君正,12.07,12.72,11.85,12.55,12.24,-0.17,-1.3889,3.0645,112970898,1381786557.0,44494848000.0,44494848000.0
2015-10-16,'601216,内蒙君正,12.24,12.24,11.2,11.2,11.13,1.11,9.973,2.8029,103325788,1228401428.0,45121536000.0,45121536000.0
2015-10-15,'601216,内蒙君正,11.13,11.16,10.55,10.64,10.64,0.49,4.6053,1.7924,66075798,722691262.0,41029632000.0,41029632000.0
2015-10-14,'601216,内蒙君正,10.64,11.13,10.46,10.71,10.7,-0.06,-0.5607,1.6773,61830461,666927801.0,39223296000.0,39223296000.0
2015-10-13,'601216,内蒙君正,10.7,10.73,10.39,10.5,10.73,-0.03,-0.2796,1.4424,53172797,562937981.0,39444480000.0,39444480000.0
2015-10-12,'601216,内蒙君正,10.73,10.88,9.91,9.99,9.93,0.8,8.0564,1.8375,67736555,709567660.0,39555072000.0,39555072000.0
2015-10-09,'601216,内蒙君正,9.93,10.14,9.58,9.7,9.71,0.22,2.2657,1.0579,38999998,385285827.0,36605952000.0,36605952000.0
2015-10-08,'601216,内蒙君正,9.71,9.86,9.46,9.65,9.27,0.44,4.7465,0.7836,28886200,279794445.0,35794944000.0,35794944000.0
2015-09-30,'601216,内蒙君正,9.27,9.46,9.2,9.45,9.3,-0.03,-0.3226,0.5317,19601671,182457488.0,34172928000.0,34172928000.0
2015-09-29,'601216,内蒙君正,9.3,9.49,9.23,9.29,9.63,-0.33,-3.4268,0.5487,20228799,189136247.0,34283520000.0,34283520000.0
2015-09-28,'601216,内蒙君正,9.63,9.65,9.17,9.47,9.39,0.24,2.5559,0.5905,21768843,206284304.0,35500032000.0,35500032000.0
2015-09-25,'601216,内蒙君正,9.39,10.09,9.27,10.01,10.1,-0.71,-7.0297,0.9168,33798092,325969427.0,34615296000.0,34615296000.0
2015-09-24,'601216,内蒙君正,10.1,10.37,9.96,9.97,9.89,0.21,2.1234,0.9841,36278389,367273376.0,37232640000.0,37232640000.0
2015-09-23,'601216,内蒙君正,9.89,10.15,9.84,9.9,10.28,-0.39,-3.7938,1.0639,39219015,391420933.0,36458496000.0,36458496000.0
2015-09-22,'601216,内蒙君正,10.28,10.68,9.7,10.05,10.02,0.26,2.5948,1.723,63517026,645859418.0,37896192000.0,37896192000.0
2015-09-21,'601216,内蒙君正,10.02,10.14,9.35,9.4,9.77,0.25,2.5589,1.3897,51228686,502055965.0,36937728000.0,36937728000.0
2015-09-18,'601216,内蒙君正,9.77,9.98,9.01,9.28,9.15,0.62,6.776,1.339,49362102,471339358.0,36016128000.0,36016128000.0
2015-09-17,'601216,内蒙君正,9.15,9.92,9.1,9.57,9.66,-0.51,-5.2795,1.3061,48146950,462063529.0,33730560000.0,33730560000.0
2015-09-16,'601216,内蒙君正,9.66,9.74,8.78,9.0,8.85,0.81,9.1525,1.1675,43038770,397798988.0,35610624000.0,35610624000.0
2015-09-15,'601216,内蒙君正,8.85,9.65,8.85,9.5,9.83,-0.98,-9.9695,1.0048,37041778,339190006.0,32624640000.0,32624640000.0
2015-09-14,'601216,内蒙君正,9.83,11.08,9.76,10.89,10.84,-1.01,-9.3173,1.4207,52373442,531389685.0,36237312000.0,36237312000.0
2015-09-11,'601216,内蒙君正,10.84,11.2,10.61,10.78,10.71,0.13,1.2138,0.8237,30364854,331052602.0,39960576000.0,39960576000.0
2015-09-10,'601216,内蒙君正,10.71,11.21,10.7,11.05,11.29,-0.58,-5.1373,1.0823,39897946,437776621.0,39481344000.0,39481344000.0
2015-09-09,'601216,内蒙君正,11.29,11.5,10.77,10.98,10.91,0.38,3.483,1.7568,64764151,726523046.0,41619456000.0,41619456000.0
2015-09-08,'601216,内蒙君正,10.91,11.08,9.75,10.18,10.44,0.47,4.5019,1.2407,45736056,477606345.0,40218624000.0,40218624000.0
2015-09-07,'601216,内蒙君正,10.44,11.52,10.33,10.8,10.69,-0.25,-2.3386,1.5191,55999678,617713315.0,38486016000.0,38486016000.0
2015-09-02,'601216,内蒙君正,10.69,11.01,9.7,9.7,10.38,0.31,2.9865,2.6437,97456210,1027937799.0,39407616000.0,39407616000.0
2015-09-01,'601216,内蒙君正,10.38,10.49,9.55,10.23,10.56,-0.18,-1.7045,2.3324,85980108,870845697.0,38264832000.0,38264832000.0
2015-08-31,'601216,内蒙君正,10.56,10.73,9.96,10.73,10.77,-0.21,-1.9499,2.379,87698299,903573127.0,38928384000.0,38928384000.0
2015-08-28,'601216,内蒙君正,10.77,10.82,9.8,10.05,9.87,0.9,9.1185,2.8279,104245946,1069074597.0,39702528000.0,39702528000.0
2015-08-27,'601216,内蒙君正,9.87,9.9,8.6,9.65,9.33,0.54,5.7878,2.776,102333398,961358783.0,36384768000.0,36384768000.0
2015-08-26,'601216,内蒙君正,9.33,10.89,9.33,10.37,10.37,-1.04,-10.0289,3.1647,116663231,1159387473.0,34394112000.0,34394112000.0
2015-08-25,'601216,内蒙君正,10.37,10.94,10.37,10.37,11.52,-1.15,-9.9826,1.9266,71021469,741691705.0,38227968000.0,38227968000.0
2015-08-24,'601216,内蒙君正,11.52,12.29,11.52,11.9,12.8,-1.28,-10.0,1.0642,39231900,456488607.0,42467328000.0,42467328000.0
2015-08-21,'601216,内蒙君正,12.8,13.99,12.76,13.66,14.18,-1.38,-9.732,3.1023,114361805,1521017092.0,47185920000.0,47185920000.0
2015-08-20,'601216,内蒙君正,14.18,15.65,14.18,15.03,15.75,-1.57,-9.9683,4.78,176211728,2636832243.0,52273152000.0,52273152000.0
2015-08-19,'601216,内蒙君正,15.75,15.98,13.5,14.0,14.62,1.13,7.7291,7.3082,269409044,3933326707.0,58060800000.0,58060800000.0
2015-08-18,'601216,内蒙君正,14.62,14.62,13.42,13.6,13.29,1.33,10.0075,7.6303,281283379,4059497937.0,53895168000.0,53895168000.0
2015-08-17,'601216,内蒙君正,13.29,13.35,12.72,13.17,13.22,0.07,0.5295,2.0018,73793946,963753498.0,48992256000.0,48992256000.0
2015-08-14,'601216,内蒙君正,13.22,13.77,13.11,13.67,13.39,-0.17,-1.2696,2.2903,84428314,1127820734.0,48734208000.0,48734208000.0
2015-08-13,'601216,内蒙君正,13.39,13.58,12.83,12.98,12.76,0.63,4.9373,2.4037,88609387,1174612180.0,49360896000.0,49360896000.0
2015-08-12,'601216,内蒙君正,12.76,13.23,12.7,12.97,13.18,-0.42,-3.1866,1.909,70372715,909792179.0,47038464000.0,47038464000.0
2015-08-11,'601216,内蒙君正,13.18,13.6,12.9,13.44,13.44,-0.26,-1.9345,3.0117,111021490,1476258156.0,48586752000.0,48586752000.0
2015-08-10,'601216,内蒙君正,13.44,13.71,12.56,12.85,12.52,0.92,7.3482,3.2176,118612042,1550483717.0,49545216000.0,49545216000.0
2015-08-07,'601216,内蒙君正,12.52,12.97,12.06,12.06,11.84,0.68,5.7432,2.6457,97529654,1226412898.0,46153728000.0,46153728000.0
2015-08-06,'601216,内蒙君正,11.84,12.17,11.45,11.85,12.21,-0.37,-3.0303,1.6834,62057131,736476871.0,43646976000.0,43646976000.0
2015-08-05,'601216,内蒙君正,12.21,12.6,11.89,12.33,12.11,0.1,0.8258,3.1376,115666294,1423187293.0,45010944000.0,45010944000.0
2015-08-04,'601216,内蒙君正,12.11,12.11,11.15,11.15,11.01,1.1,9.9909,2.3863,87970069,1044990974.0,44642304000.0,44642304000.0
2015-08-03,'601216,内蒙君正,11.01,11.79,11.01,11.4,12.23,-1.22,-9.9755,2.3523,86714030,975295230.0,40587264000.0,40587264000.0
2015-07-31,'601216,内蒙君正,12.23,12.88,11.88,12.45,12.78,-0.55,-4.3036,2.6765,98665641,1216113230.0,45084672000.0,45084672000.0
2015-07-30,'601216,内蒙君正,12.78,13.49,12.37,12.79,12.33,0.45,3.6496,4.4888,165473633,2144464547.0,47112192000.0,47112192000.0
2015-07-29,'601216,内蒙君正,12.33,12.33,11.7,11.7,11.21,1.12,9.9911,4.129,152210853,1861040767.0,45453312000.0,45453312000.0
2015-07-28,'601216,内蒙君正,11.21,12.5,11.02,11.18,12.24,-1.03,-8.415,2.9136,107406120,1232436568.0,41324544000.0,41324544000.0
2015-07-27,'601216,内蒙君正,12.24,13.8,12.24,13.0,13.6,-1.36,-10.0,2.8316,104382494,1362424174.0,45121536000.0,45121536000.0
2015-07-24,'601216,内蒙君正,13.6,14.4,13.31,13.81,14.16,-0.56,-3.9548,3.9256,144713549,2020838957.0,50135040000.0,50135040000.0
2015-07-23,'601216,内蒙君正,14.16,14.58,12.8,13.1,13.28,0.88,6.6265,4.5394,167340343,2300539631.0,52199424000.0,52199424000.0
2015-07-22,'601216,内蒙君正,13.28,14.19,12.59,13.9,13.28,0.0,0.0,5.8619,216091698,2909762303.0,48955392000.0,48955392000.0
2015-07-21,'601216,内蒙君正,13.28,13.28,12.35,12.55,12.07,1.21,10.0249,2.8471,104956445,1350674191.0,48955392000.0,48955392000.0
2015-07-20,'601216,内蒙君正,12.07,12.07,11.51,12.07,10.97,1.1,10.0273,0.9745,35925291,432021415.0,44494848000.0,44494848000.0
2015-07-17,'601216,内蒙君正,10.97,10.97,9.97,10.16,9.97,1.0,10.0301,2.166,79847177,844610169.0,40439808000.0,40439808000.0
2015-07-16,'601216,内蒙君正,9.97,10.9,9.34,9.5,10.38,-0.41,-3.9499,2.6992,99504261,998532540.0,36753408000.0,36753408000.0
2015-07-15,'601216,DR内蒙君,10.38,12.13,10.38,11.85,11.53,-1.15,-9.974,1.8137,66861978,752913919.0,38264832000.0,38264832000.0
2015-07-14,'601216,内蒙君正,20.8,20.8,19.12,19.93,18.91,1.89,9.9947,3.2824,67224485,1366758935.0,42598400000.0,42598400000.0
2015-07-13,'601216,内蒙君正,18.91,18.91,18.0,18.45,17.19,1.72,10.0058,2.3806,48754853,904849045.0,38727680000.0,38727680000.0
2015-07-10,'601216,内蒙君正,17.19,17.19,16.02,16.04,15.63,1.56,9.9808,1.9931,40818935,685872139.0,35205120000.0,35205120000.0
2015-07-09,'601216,内蒙君正,15.63,15.63,12.79,12.79,14.21,1.42,9.993,3.8148,78128051,1097140911.0,32010240000.0,32010240000.0
2015-07-08,'601216,内蒙君正,14.21,14.21,14.21,14.21,15.79,-1.58,-10.0063,0.6207,12711600,180631836.0,29102080000.0,29102080000.0
2015-07-07,'601216,内蒙君正,15.79,15.8,15.79,15.79,17.54,-1.75,-9.9772,1.858,38051400,600834272.0,32337920000.0,32337920000.0
2015-07-06,'601216,内蒙君正,17.54,21.2,17.54,21.2,19.49,-1.95,-10.0051,2.1363,43751215,824575860.0,35921920000.0,35921920000.0
2015-07-03,'601216,内蒙君正,19.49,21.23,19.49,20.01,21.66,-2.17,-10.0185,1.6483,33757528,668741788.0,39915520000.0,39915520000.0
2015-07-02,'601216,内蒙君正,21.66,26.07,21.66,24.2,24.07,-2.41,-10.0125,2.4938,51073261,1197101871.0,44359680000.0,44359680000.0
2015-07-01,'601216,内蒙君正,0.0,0.0,0.0,0.0,24.07,None,None,0.0,0,0.0,49295360000.0,49295360000.0
2015-06-30,'601216,内蒙君正,0.0,0.0,0.0,0.0,24.07,None,None,0.0,0,0.0,49295360000.0,49295360000.0
2015-06-29,'601216,内蒙君正,0.0,0.0,0.0,0.0,24.07,None,None,0.0,0,0.0,49295360000.0,49295360000.0
2015-06-26,'601216,内蒙君正,24.07,26.3,24.07,25.96,26.74,-2.67,-9.985,1.2389,25371987,628141934.0,49295360000.0,49295360000.0
2015-06-25,'601216,内蒙君正,26.74,28.57,26.0,27.15,27.0,-0.26,-0.963,1.7934,36728423,1014985566.0,54763520000.0,54763520000.0
2015-06-24,'601216,内蒙君正,27.0,27.77,26.03,27.28,26.81,0.19,0.7087,1.5431,31602376,854016837.0,55296000000.0,55296000000.0
2015-06-23,'601216,内蒙君正,26.81,27.23,24.31,26.0,26.93,-0.12,-0.4456,1.4101,28878457,748302061.0,54906880000.0,54906880000.0
2015-06-19,'601216,内蒙君正,26.93,29.65,26.85,29.1,29.65,-2.72,-9.1737,1.356,27771318,782419612.0,55152640000.0,55152640000.0
2015-06-18,'601216,内蒙君正,29.65,31.85,29.12,31.0,31.2,-1.55,-4.9679,1.2502,25603103,787255287.0,60723200000.0,60723200000.0
2015-06-17,'601216,内蒙君正,31.2,31.49,28.6,29.6,29.84,1.36,4.5576,1.4908,30532412,916006619.0,63897600000.0,63897600000.0
2015-06-16,'601216,内蒙君正,29.84,31.0,29.29,30.9,31.69,-1.85,-5.8378,1.6597,33991307,1021788282.0,61112320000.0,61112320000.0
2015-06-15,'601216,内蒙君正,31.69,34.32,31.48,34.3,34.53,-2.84,-8.2247,2.0296,41566842,1358615889.0,64901120000.0,64901120000.0
2015-06-12,'601216,内蒙君正,34.53,35.29,34.2,34.98,34.99,-0.46,-1.3147,1.5055,30832886,1069282901.0,70717440000.0,70717440000.0
2015-06-11,'601216,内蒙君正,34.99,35.1,33.66,34.06,34.14,0.85,2.4897,1.7021,34859164,1208279131.0,71659520000.0,71659520000.0
2015-06-10,'601216,内蒙君正,34.14,34.77,33.06,33.79,33.96,0.18,0.53,2.0038,41037906,1398676648.0,69918720000.0,69918720000.0
2015-06-09,'601216,内蒙君正,33.96,34.0,31.43,31.88,31.89,2.07,6.4911,2.1784,44613161,1482565096.0,69550080000.0,69550080000.0
2015-06-08,'601216,内蒙君正,31.89,33.78,31.31,33.67,33.63,-1.74,-5.174,2.1228,43474944,1395737106.0,65310720000.0,65310720000.0
2015-06-05,'601216,内蒙君正,33.63,34.96,33.09,34.48,34.08,-0.45,-1.3204,2.2942,46985815,1598062844.0,68874240000.0,68874240000.0
2015-06-04,'601216,内蒙君正,34.08,35.69,32.13,35.68,35.7,-1.62,-4.5378,3.1398,64303079,2158526769.0,69795840000.0,69795840000.0
2015-06-03,'601216,内蒙君正,35.7,35.7,32.8,33.36,32.45,3.25,10.0154,3.601,73748568,2541145574.0,73113600000.0,73113600000.0
2015-06-02,'601216,内蒙君正,32.45,32.45,29.2,29.71,29.5,2.95,10.0,3.1877,65283879,2025638030.0,66457600000.0,66457600000.0
2015-06-01,'601216,内蒙君正,29.5,29.6,27.3,27.5,27.69,1.81,6.5367,2.4319,49806031,1431959409.0,60416000000.0,60416000000.0
2015-05-29,'601216,内蒙君正,27.69,28.7,25.1,27.64,27.13,0.56,2.0641,2.4206,49573213,1362858328.0,56709120000.0,56709120000.0
2015-05-28,'601216,内蒙君正,27.13,30.46,26.8,28.5,28.25,-1.12,-3.9646,2.9906,61248096,1774344216.0,55562240000.0,55562240000.0
2015-05-27,'601216,内蒙君正,28.25,28.77,27.43,28.23,27.96,0.29,1.0372,2.2574,46232419,1297017254.0,57856000000.0,57856000000.0
2015-05-26,'601216,内蒙君正,27.96,28.7,27.0,27.1,27.3,0.66,2.4176,2.5394,52006682,1449148908.0,57262080000.0,57262080000.0
2015-05-25,'601216,内蒙君正,27.3,28.28,25.65,26.09,26.09,1.21,4.6378,2.9581,60581421,1630679887.0,55910400000.0,55910400000.0
2015-05-22,'601216,内蒙君正,26.09,26.5,25.4,26.0,25.93,0.16,0.617,2.2415,45906774,1191735870.0,53432320000.0,53432320000.0
2015-05-21,'601216,内蒙君正,25.93,26.68,25.51,25.95,26.08,-0.15,-0.5752,2.0111,41187842,1069474623.0,53104640000.0,53104640000.0
2015-05-20,'601216,内蒙君正,26.08,26.99,25.81,26.58,26.23,-0.15,-0.5719,2.9288,59980837,1583605205.0,53411840000.0,53411840000.0
2015-05-19,'601216,内蒙君正,26.23,26.3,24.39,25.14,24.8,1.43,5.7661,2.812,57590365,1466901833.0,53719040000.0,53719040000.0
2015-05-18,'601216,内蒙君正,24.8,25.92,24.6,25.0,25.35,-0.55,-2.1696,1.7828,36510976,922396729.0,50790400000.0,50790400000.0
2015-05-15,'601216,内蒙君正,25.35,26.24,24.2,24.59,24.59,0.76,3.0907,2.5828,52896228,1345329043.0,51916800000.0,51916800000.0
2015-05-14,'601216,内蒙君正,24.59,25.27,24.04,24.74,24.86,-0.27,-1.0861,1.7789,36431042,899199140.0,50360320000.0,50360320000.0
2015-05-13,'601216,内蒙君正,24.86,26.3,24.65,25.09,25.65,-0.79,-3.0799,2.5335,51885163,1316964278.0,50913280000.0,50913280000.0
2015-05-12,'601216,内蒙君正,25.65,26.58,23.68,24.8,24.53,1.12,4.5658,3.6406,74560259,1868250854.0,52531200000.0,52531200000.0
2015-05-11,'601216,内蒙君正,24.53,25.18,23.13,23.7,23.8,0.73,3.0672,3.2642,66851566,1642707290.0,50237440000.0,50237440000.0
2015-05-08,'601216,内蒙君正,23.8,23.8,21.56,22.07,21.64,2.16,9.9815,2.6559,54393552,1228024249.0,48742400000.0,48742400000.0
2015-05-07,'601216,内蒙君正,21.64,22.7,21.17,21.46,21.96,-0.32,-1.4572,1.6567,33928981,746977396.0,44318720000.0,44318720000.0
2015-05-06,'601216,内蒙君正,21.96,23.0,21.32,21.9,21.41,0.55,2.5689,2.8957,59304751,1309991830.0,44974080000.0,44974080000.0
2015-05-05,'601216,内蒙君正,21.41,23.3,21.39,22.88,23.77,-2.36,-9.9285,3.6062,73854252,1631273703.0,43847680000.0,43847680000.0
2015-05-04,'601216,内蒙君正,23.77,26.63,23.55,25.97,24.21,-0.44,-1.8174,5.1318,105099563,2702917178.0,48680960000.0,48680960000.0
2015-04-30,'601216,内蒙君正,0.0,0.0,0.0,0.0,24.21,None,None,0.0,0,0.0,49582080000.0,49582080000.0
2015-04-29,'601216,内蒙君正,0.0,0.0,0.0,0.0,24.21,None,None,0.0,0,0.0,49582080000.0,49582080000.0
2015-04-28,'601216,内蒙君正,0.0,0.0,0.0,0.0,24.21,None,None,0.0,0,0.0,49582080000.0,49582080000.0
2015-04-27,'601216,内蒙君正,0.0,0.0,0.0,0.0,24.21,None,None,0.0,0,0.0,49582080000.0,49582080000.0
2015-04-24,'601216,内蒙君正,24.21,24.21,22.41,22.89,22.01,2.2,9.9955,3.8888,79643363,1864664923.0,49582080000.0,49582080000.0
2015-04-23,'601216,内蒙君正,22.01,22.01,19.95,20.4,20.01,2.0,9.995,3.5267,72227222,1537875780.0,45076480000.0,45076480000.0
2015-04-22,'601216,内蒙君正,20.01,20.55,19.85,19.85,19.44,0.57,2.9321,1.7442,35722239,720386771.0,40980480000.0,40980480000.0
2015-04-21,'601216,内蒙君正,19.44,19.65,18.23,18.23,18.22,1.22,6.6959,1.4925,30566097,586790306.0,39813120000.0,39813120000.0
2015-04-20,'601216,内蒙君正,18.22,19.4,18.2,19.31,19.33,-1.11,-5.7424,1.9078,39072518,732470055.0,37314560000.0,37314560000.0
2015-04-17,'601216,内蒙君正,19.33,19.8,19.29,19.8,19.51,-0.18,-0.9226,1.3862,28388607,552188564.0,39587840000.0,39587840000.0
2015-04-16,'601216,内蒙君正,19.51,19.98,18.81,19.2,19.23,0.28,1.4561,1.1357,23258148,452013885.0,39956480000.0,39956480000.0
2015-04-15,'601216,内蒙君正,19.23,20.37,19.15,20.02,20.47,-1.24,-6.0576,1.5267,31266337,616773218.0,39383040000.0,39383040000.0
2015-04-14,'601216,内蒙君正,20.47,21.18,19.85,19.96,20.1,0.37,1.8408,2.1996,45048625,927785364.0,41922560000.0,41922560000.0
2015-04-13,'601216,内蒙君正,20.1,20.4,19.45,19.84,19.83,0.27,1.3616,1.8301,37479850,746482211.0,41164800000.0,41164800000.0
2015-04-10,'601216,内蒙君正,19.83,20.06,19.2,19.5,19.53,0.3,1.5361,1.317,26971658,532720490.0,40611840000.0,40611840000.0
2015-04-09,'601216,内蒙君正,19.53,20.44,19.0,20.27,20.27,-0.74,-3.6507,1.8932,38771953,759675314.0,39997440000.0,39997440000.0
2015-04-08,'601216,内蒙君正,20.27,21.35,19.89,21.2,21.06,-0.79,-3.7512,2.2853,46801965,959848274.0,41512960000.0,41512960000.0
2015-04-07,'601216,内蒙君正,21.06,21.5,20.81,21.5,21.2,-0.14,-0.6604,2.0527,42039763,884286034.0,43130880000.0,43130880000.0
2015-04-03,'601216,内蒙君正,21.2,21.65,20.51,20.8,20.98,0.22,1.0486,2.4778,50745680,1072267969.0,43417600000.0,43417600000.0
2015-04-02,'601216,内蒙君正,20.98,21.88,20.34,20.34,20.3,0.68,3.3498,3.2021,65578197,1392752630.0,42967040000.0,42967040000.0
2015-04-01,'601216,内蒙君正,20.3,20.48,19.85,19.96,19.98,0.32,1.6016,1.8371,37624648,760158511.0,41574400000.0,41574400000.0
2015-03-31,'601216,内蒙君正,19.98,20.45,19.52,19.77,20.04,-0.06,-0.2994,2.0535,42056130,841998617.0,40919040000.0,40919040000.0
2015-03-30,'601216,内蒙君正,20.04,20.37,19.9,20.36,20.28,-0.24,-1.1834,1.5286,31305645,627601411.0,41041920000.0,41041920000.0
2015-03-27,'601216,内蒙君正,20.28,20.49,19.8,19.98,19.87,0.41,2.0634,1.4002,28676094,575464271.0,41533440000.0,41533440000.0
2015-03-26,'601216,内蒙君正,19.87,20.6,19.75,20.11,20.76,-0.89,-4.2871,2.5667,52565645,1056408341.0,40693760000.0,40693760000.0
2015-03-25,'601216,内蒙君正,20.76,21.48,20.3,20.68,20.97,-0.21,-1.0014,2.9417,60246008,1253400441.0,42516480000.0,42516480000.0
2015-03-24,'601216,内蒙君正,20.97,21.9,20.11,21.56,21.16,-0.19,-0.8979,3.2594,66753497,1406375783.0,42946560000.0,42946560000.0
2015-03-23,'601216,内蒙君正,21.16,21.57,20.6,21.07,20.52,0.64,3.1189,3.031,62075069,1310397320.0,43335680000.0,43335680000.0
2015-03-20,'601216,内蒙君正,20.52,21.5,20.4,20.8,20.59,-0.07,-0.34,2.7505,56330953,1177294186.0,42024960000.0,42024960000.0
2015-03-19,'601216,内蒙君正,20.59,21.16,20.3,20.46,20.76,-0.17,-0.8189,2.3254,47623426,985165200.0,42168320000.0,42168320000.0
2015-03-18,'601216,内蒙君正,20.76,21.38,19.6,20.08,20.02,0.74,3.6963,3.5029,71739611,1463630947.0,42516480000.0,42516480000.0
2015-03-17,'601216,内蒙君正,20.02,20.5,19.7,20.44,20.32,-0.3,-1.4764,2.9882,61197977,1222237417.0,41000960000.0,41000960000.0
2015-03-16,'601216,内蒙君正,20.32,20.51,18.81,18.81,18.76,1.56,8.3156,4.019,82308770,1640328168.0,41615360000.0,41615360000.0
2015-03-13,'601216,内蒙君正,18.76,19.03,18.11,18.3,18.26,0.5,2.7382,1.9622,40184840,748721380.0,38420480000.0,38420480000.0
2015-03-12,'601216,内蒙君正,18.26,19.19,17.91,18.98,18.65,-0.39,-2.0912,2.247,46018963,848866363.0,37396480000.0,37396480000.0
2015-03-11,'601216,内蒙君正,18.65,19.35,18.56,18.96,19.01,-0.36,-1.8937,2.1092,43196689,817045131.0,38195200000.0,38195200000.0
2015-03-10,'601216,内蒙君正,19.01,19.35,18.65,19.06,18.93,0.08,0.4226,2.1945,44943751,854854647.0,38932480000.0,38932480000.0
2015-03-09,'601216,内蒙君正,18.93,19.21,17.87,17.98,18.29,0.64,3.4992,2.7195,55695507,1043276650.0,38768640000.0,38768640000.0
2015-03-06,'601216,内蒙君正,18.29,19.93,18.18,19.65,19.62,-1.33,-6.7788,3.549,72683710,1366473190.0,37457920000.0,37457920000.0
2015-03-05,'601216,内蒙君正,19.62,20.16,19.12,19.58,19.62,0.0,0.0,3.364,68895360,1355010677.0,40181760000.0,40181760000.0
2015-03-04,'601216,内蒙君正,19.62,20.27,18.99,20.07,19.88,-0.26,-1.3078,4.4029,90171656,1767566236.0,40181760000.0,40181760000.0
2015-03-03,'601216,内蒙君正,19.88,20.95,18.69,18.9,19.36,0.52,2.686,6.1057,125044161,2491167751.0,40714240000.0,40714240000.0
2015-03-02,'601216,内蒙君正,19.36,19.93,18.21,18.5,18.12,1.24,6.8433,7.5658,154947153,2991252634.0,39649280000.0,39649280000.0
2015-02-27,'601216,内蒙君正,18.12,18.12,16.01,16.19,16.47,1.65,10.0182,5.3834,110251973,1918349365.0,37109760000.0,37109760000.0
2015-02-26,'601216,内蒙君正,16.47,17.09,16.05,16.6,16.96,-0.49,-2.8892,4.8915,100178797,1658276815.0,33730560000.0,33730560000.0
2015-02-25,'601216,内蒙君正,16.96,16.96,15.25,15.69,15.42,1.54,9.987,6.7561,138365628,2263985185.0,34734080000.0,34734080000.0
2015-02-17,'601216,内蒙君正,15.42,15.42,14.81,15.42,14.02,1.4,9.9857,5.4621,111862836,1702913841.0,31580160000.0,31580160000.0
2015-02-16,'601216,内蒙君正,0.0,0.0,0.0,0.0,14.02,None,None,0.0,0,0.0,28712960000.0,28712960000.0
2015-02-13,'601216,内蒙君正,14.02,14.52,13.64,13.7,13.76,0.26,1.8895,3.3407,68416690,965122494.0,28712960000.0,28712960000.0
2015-02-12,'601216,内蒙君正,13.76,13.99,13.33,13.52,14.07,-0.31,-2.2033,3.368,68975803,942306452.0,28180480000.0,28180480000.0
2015-02-11,'601216,内蒙君正,14.07,15.26,14.03,14.25,14.56,-0.49,-3.3654,5.3201,108956658,1589772020.0,28815360000.0,28815360000.0
2015-02-10,'601216,内蒙君正,14.56,14.61,13.12,13.2,13.28,1.28,9.6386,3.7367,76527472,1056736321.0,29818880000.0,29818880000.0
2015-02-09,'601216,内蒙君正,13.28,13.85,13.11,13.41,13.53,-0.25,-1.8477,2.0717,42428392,569871368.0,27197440000.0,27197440000.0
2015-02-06,'601216,内蒙君正,13.53,14.36,13.18,13.99,14.14,-0.61,-4.314,4.1137,84249560,1149131993.0,27709440000.0,27709440000.0
2015-02-05,'601216,内蒙君正,14.14,15.8,14.1,14.98,14.7,-0.56,-3.8095,7.7039,157776286,2371404889.0,28958720000.0,28958720000.0
2015-02-04,'601216,内蒙君正,14.7,14.7,13.17,13.17,13.36,1.34,10.0299,4.7607,97498456,1392379393.0,30105600000.0,30105600000.0
