2016-05-13,'601336,新华保险,39.43,39.55,38.89,39.1,39.32,0.11,0.2798,0.6225,12981194,510235153.0,1.23003722438e+11,82228873176.2
2016-05-12,'601336,新华保险,39.32,39.45,38.01,38.28,38.57,0.75,1.9445,0.7466,15569025,605552949.0,1.22660572312e+11,81999474848.8
2016-05-11,'601336,新华保险,38.57,38.81,38.32,38.53,38.3,0.27,0.705,0.2957,6166777,237869329.0,1.20320912362e+11,80435395343.8
2016-05-10,'601336,新华保险,38.3,38.78,38.04,38.29,38.55,-0.25,-0.6485,0.4759,9923730,382014929.0,1.1947863478e+11,79872326722.0
2016-05-09,'601336,新华保险,38.55,38.87,38.28,38.5,38.7,-0.15,-0.3876,0.5123,10684030,411674822.0,1.2025852143e+11,80393686557.0
2016-05-06,'601336,新华保险,38.7,39.99,38.66,39.85,39.78,-1.08,-2.7149,0.4823,10058189,396308576.0,1.2072645342e+11,80706502458.0
2016-05-05,'601336,新华保险,39.78,40.1,39.6,39.7,39.89,-0.11,-0.2758,0.2322,4841448,192655335.0,1.24095563748e+11,82958776945.2
2016-05-04,'601336,新华保险,39.89,40.09,39.6,39.99,40.0,-0.11,-0.275,0.4117,8586715,343037178.0,1.24438713874e+11,83188175272.6
2016-05-03,'601336,新华保险,40.0,40.3,39.03,39.79,39.9,0.1,0.2506,0.6456,13464178,535726765.0,1.24781864e+11,83417573600.0
2016-04-29,'601336,新华保险,39.9,40.2,39.65,39.88,40.09,-0.19,-0.4739,0.3503,7305006,292185181.0,1.2446990934e+11,83209029666.0
2016-04-28,'601336,新华保险,40.09,40.32,39.75,40.02,40.01,0.08,0.2,0.3541,7385040,295442865.0,1.25062623194e+11,83605263140.6
2016-04-27,'601336,新华保险,40.01,40.36,39.91,40.0,40.15,-0.14,-0.3487,0.2871,5986366,240428893.0,1.24813059466e+11,83438427993.4
2016-04-26,'601336,新华保险,40.15,40.35,39.75,39.79,39.99,0.16,0.4001,0.5688,11862061,474308208.0,1.2524979599e+11,83730389501.0
2016-04-25,'601336,新华保险,39.99,40.4,39.08,39.53,39.53,0.46,1.1637,0.672,14015042,559510599.0,1.24750668534e+11,83396719206.6
2016-04-22,'601336,新华保险,39.53,39.76,38.55,38.8,39.1,0.43,1.0997,0.6469,13490928,532122367.0,1.23315677098e+11,82437417110.2
2016-04-21,'601336,新华保险,39.1,39.8,38.11,38.5,39.14,-0.04,-0.1022,0.9873,20589261,807383003.0,1.2197427206e+11,81540678194.0
2016-04-20,'601336,新华保险,39.14,39.77,37.67,39.65,39.48,-0.34,-0.8612,1.0664,22239922,861904915.0,1.22099053924e+11,81624095767.6
2016-04-19,'601336,新华保险,39.48,39.94,39.2,39.9,39.51,-0.03,-0.0759,0.4358,9087318,358227640.0,1.23159699768e+11,82333145143.2
2016-04-18,'601336,新华保险,39.51,40.03,39.27,40.0,40.34,-0.83,-2.0575,0.4602,9597571,380381637.0,1.23253286166e+11,82395708323.4
2016-04-15,'601336,新华保险,40.34,40.59,39.98,40.35,40.43,-0.09,-0.2226,0.4695,9791421,394073941.0,1.25842509844e+11,84126622975.6
2016-04-14,'601336,新华保险,40.43,40.93,40.0,40.62,40.21,0.22,0.5471,0.5459,11384675,460285177.0,1.26123269038e+11,84314312516.2
2016-04-13,'601336,新华保险,40.21,41.36,39.73,39.9,39.56,0.65,1.6431,1.1822,24655073,1003281511.0,1.25436968786e+11,83855515861.4
2016-04-12,'601336,新华保险,39.56,39.58,38.83,39.3,39.4,0.16,0.4061,0.4815,10041359,393972932.0,1.23409263496e+11,82499980290.4
2016-04-11,'601336,新华保险,39.4,40.19,39.23,39.48,38.71,0.69,1.7825,0.7522,15686311,621903582.0,1.2291013604e+11,82166309996.0
2016-04-08,'601336,新华保险,38.71,39.04,38.22,39.0,39.28,-0.57,-1.4511,0.577,12032428,464613912.0,1.20757648886e+11,80727356851.4
2016-04-07,'601336,新华保险,39.28,40.43,39.0,40.35,40.15,-0.87,-2.1669,0.7291,15205428,601856189.0,1.22535790448e+11,81916057275.2
2016-04-06,'601336,新华保险,40.15,40.5,39.72,40.2,40.6,-0.45,-1.1084,0.5994,12499838,501431162.0,1.2524979599e+11,83730389501.0
2016-04-05,'601336,新华保险,40.6,41.08,39.51,39.74,40.15,0.45,1.1208,0.9095,18967554,767486376.0,1.2665359196e+11,84668837204.0
2016-04-01,'601336,新华保险,40.15,40.64,39.31,40.4,40.57,-0.42,-1.0352,0.8704,18151641,725718935.0,1.2524979599e+11,83730389501.0
2016-03-31,'601336,新华保险,40.57,41.36,40.17,40.94,40.92,-0.35,-0.8553,0.9684,20196318,820792283.0,1.26560005562e+11,84606274023.8
2016-03-30,'601336,新华保险,40.92,40.95,39.51,39.65,39.42,1.5,3.8052,1.4002,29200395,1180396251.0,1.27651846872e+11,85336177792.8
2016-03-29,'601336,新华保险,39.42,40.03,38.91,39.51,39.24,0.18,0.4587,0.8628,17994188,711851980.0,1.22972526972e+11,82208018782.8
2016-03-28,'601336,新华保险,39.24,40.69,39.07,40.1,39.9,-0.66,-1.6541,0.97,20227936,806718355.0,1.22411008584e+11,81832639701.6
2016-03-25,'601336,新华保险,39.9,41.88,38.68,38.85,38.9,1.0,2.5707,1.3031,27174407,1087063267.0,1.2446990934e+11,83209029666.0
2016-03-24,'601336,新华保险,38.9,39.87,38.6,39.41,40.18,-1.28,-3.1857,0.776,16182010,634838658.0,1.2135036274e+11,81123590326.0
2016-03-23,'601336,新华保险,40.18,40.97,39.3,39.52,39.51,0.67,1.6958,1.0849,22625852,907823243.0,1.25343382388e+11,83792952681.2
2016-03-22,'601336,新华保险,39.51,40.44,39.39,40.13,40.88,-1.37,-3.3513,1.0745,22408723,895289631.0,1.23253286166e+11,82395708323.4
2016-03-21,'601336,新华保险,40.88,41.97,38.8,38.98,38.48,2.4,6.237,2.2231,46361428,1887479659.0,1.27527065008e+11,85252760219.2
2016-03-18,'601336,新华保险,38.48,39.06,37.38,37.72,37.63,0.85,2.2588,1.6262,33913838,1304275393.0,1.20040153168e+11,80247705803.2
2016-03-17,'601336,新华保险,37.63,38.19,36.8,37.21,36.97,0.66,1.7852,1.1764,24532657,920309278.0,1.17388538558e+11,78475082364.2
2016-03-16,'601336,新华保险,36.97,37.48,36.32,36.39,36.86,0.11,0.2984,1.226,25567942,947474113.0,1.15329637802e+11,77098692399.8
2016-03-15,'601336,新华保险,36.86,36.9,35.57,36.04,36.44,0.42,1.1526,0.8055,16797377,607505705.0,1.14986487676e+11,76869294072.4
2016-03-14,'601336,新华保险,36.44,37.41,36.02,36.38,35.72,0.72,2.0157,0.8759,18266078,670847159.0,1.13676278104e+11,75993409549.6
2016-03-11,'601336,新华保险,35.72,35.77,34.91,35.01,35.49,0.23,0.6481,0.6064,12645556,447601598.0,1.11430204552e+11,74491893224.8
2016-03-10,'601336,新华保险,35.49,36.43,35.41,36.15,36.46,-0.97,-2.6604,0.4235,8830967,317236626.0,1.10712708834e+11,74012242176.6
2016-03-09,'601336,新华保险,36.46,36.75,35.6,36.41,37.41,-0.95,-2.5394,0.7362,15352970,555322056.0,1.13738669036e+11,76035118336.4
2016-03-08,'601336,新华保险,37.41,37.52,35.5,37.37,37.75,-0.34,-0.9007,0.8652,18042716,655723621.0,1.16702238306e+11,78016285709.4
2016-03-07,'601336,新华保险,37.75,38.28,37.21,37.5,37.8,-0.05,-0.1323,0.8034,16753449,632245018.0,1.1776288415e+11,78725335085.0
2016-03-04,'601336,新华保险,37.8,38.25,36.31,36.61,36.77,1.03,2.8012,1.5734,32812116,1228479316.0,1.1791886148e+11,78829607052.0
2016-03-03,'601336,新华保险,36.77,37.4,36.28,36.77,36.49,0.28,0.7673,0.8569,17869972,658311537.0,1.14705728482e+11,76681604531.8
2016-03-02,'601336,新华保险,36.49,36.81,34.75,34.86,34.86,1.63,4.6758,1.0901,22733407,816389982.0,1.13832255434e+11,76097681516.6
2016-03-01,'601336,新华保险,34.86,35.56,33.4,33.72,33.82,1.04,3.0751,0.9187,19159048,658589535.0,1.08747394476e+11,72698415392.4
2016-02-29,'601336,新华保险,33.82,35.54,33.01,35.2,35.72,-1.9,-5.3191,1.1263,23489139,792186705.0,1.05503066012e+11,70529558478.8
2016-02-26,'601336,新华保险,35.72,36.35,35.01,36.11,35.69,0.03,0.0841,0.741,15452171,553257318.0,1.11430204552e+11,74491893224.8
2016-02-25,'601336,新华保险,35.69,39.0,35.51,39.0,39.28,-3.59,-9.1395,1.1061,23066219,854596088.0,1.11336618154e+11,74429330044.6
2016-02-24,'601336,新华保险,39.28,39.48,38.02,39.0,39.22,0.06,0.153,0.8066,16821117,652504508.0,1.22535790448e+11,81916057275.2
2016-02-23,'601336,新华保险,39.22,39.98,38.64,39.66,40.11,-0.89,-2.2189,0.7998,16678370,653111727.0,1.22348617652e+11,81790930914.8
2016-02-22,'601336,新华保险,40.11,41.58,37.86,38.5,37.85,2.26,5.9709,1.5631,32598424,1295265863.0,1.25125014126e+11,83646971927.4
2016-02-19,'601336,新华保险,37.85,38.45,37.31,37.82,37.76,0.09,0.2383,0.4546,9480422,358747626.0,1.1807483881e+11,78933879019.0
2016-02-18,'601336,新华保险,37.76,39.23,37.64,38.35,38.09,-0.33,-0.8664,1.0236,21346540,823841507.0,1.17794079616e+11,78746189478.4
2016-02-17,'601336,新华保险,38.09,38.46,37.48,37.59,37.83,0.26,0.6873,0.7409,15450018,587844421.0,1.18823529994e+11,79434384460.6
2016-02-16,'601336,新华保险,37.83,38.18,36.6,36.79,36.37,1.46,4.0143,0.8465,17653906,664453174.0,1.18012447878e+11,78892170232.2
2016-02-15,'601336,新华保险,36.37,36.84,35.05,35.05,36.73,-0.36,-0.9801,0.5592,11660826,417650460.0,1.13457909842e+11,75847428795.8
2016-02-05,'601336,新华保险,36.73,37.32,36.55,37.0,37.02,-0.29,-0.7834,0.6469,13491051,498148123.0,1.14580946618e+11,76598186958.2
2016-02-04,'601336,新华保险,37.02,37.46,36.43,36.43,36.3,0.72,1.9835,0.852,17768245,657640892.0,1.15485615132e+11,77202964366.8
2016-02-03,'601336,新华保险,36.3,36.4,35.6,36.35,36.88,-0.58,-1.5727,0.6603,13770915,496449497.0,1.1323954158e+11,75701448042.0
2016-02-02,'601336,新华保险,36.88,37.22,36.06,36.06,35.9,0.98,2.7298,0.7585,15818027,581942255.0,1.15048878608e+11,76911002859.2
2016-02-01,'601336,新华保险,35.9,36.78,35.08,36.45,36.82,-0.92,-2.4986,0.8036,16758074,604859117.0,1.1199172294e+11,74867272306.0
2016-01-29,'601336,新华保险,36.82,37.52,35.13,35.33,35.15,1.67,4.7511,1.3361,27864400,1021414026.0,1.14861705812e+11,76785876498.8
2016-01-28,'601336,新华保险,35.15,36.7,34.8,35.21,35.67,-0.52,-1.4578,0.9927,20701355,740073173.0,1.0965206299e+11,73303192801.0
2016-01-27,'601336,新华保险,35.67,36.84,34.42,36.61,36.62,-0.95,-2.5942,1.0476,21847586,777920346.0,1.11274227222e+11,74387621257.8
2016-01-26,'601336,新华保险,36.62,39.0,36.01,38.83,39.32,-2.7,-6.8667,1.4204,29621429,1107016689.0,1.14237796492e+11,76368788630.8
2016-01-25,'601336,新华保险,39.32,39.88,38.81,39.45,39.14,0.18,0.4599,0.6752,14081095,554620268.0,1.22660572312e+11,81999474848.8
2016-01-22,'601336,新华保险,39.14,39.74,37.91,38.98,38.34,0.8,2.0866,0.8979,18725017,727515211.0,1.22099053924e+11,81624095767.6
2016-01-21,'601336,新华保险,38.34,40.82,38.25,38.9,39.76,-1.42,-3.5714,1.2285,25620451,1014846694.0,1.19603416644e+11,79955744295.6
2016-01-20,'601336,新华保险,39.76,40.78,39.53,40.31,40.93,-1.17,-2.8585,1.3627,28419301,1138818450.0,1.24033172816e+11,82917068158.4
2016-01-19,'601336,新华保险,40.93,41.65,38.6,39.09,39.29,1.64,4.1741,1.3625,28413160,1142565498.0,1.27683042338e+11,85357032186.2
2016-01-18,'601336,新华保险,39.29,39.99,38.15,38.15,39.29,0.0,0.0,1.1242,23445231,916580427.0,1.22566985914e+11,81936911668.6
2016-01-15,'601336,新华保险,39.29,41.6,39.0,41.38,42.09,-2.8,-6.6524,1.285,26796976,1076400716.0,1.22566985914e+11,81936911668.6
2016-01-14,'601336,新华保险,42.09,42.48,39.58,39.8,41.25,0.84,2.0364,1.201,25046729,1025775172.0,1.31301716394e+11,87776141820.6
2016-01-13,'601336,新华保险,41.25,43.2,41.0,42.96,42.46,-1.21,-2.8497,1.0629,22165432,937299323.0,1.2868129725e+11,86024372775.0
2016-01-12,'601336,新华保险,42.46,43.85,42.15,42.78,42.15,0.31,0.7355,1.1026,22993664,984657192.0,1.32455948636e+11,88547754376.4
2016-01-11,'601336,新华保险,42.15,45.47,41.8,44.06,45.38,-3.23,-7.1177,1.3389,27922891,1222985420.0,1.3148888919e+11,87901268181.0
2016-01-08,'601336,新华保险,45.38,47.89,43.01,45.0,43.57,1.81,4.1542,1.5101,31492594,1427466388.0,1.41565024708e+11,94637237249.2
2016-01-07,'601336,新华保险,43.57,47.2,43.4,47.0,48.11,-4.54,-9.4367,0.325,6777700,308155596.0,1.35918645362e+11,90862592043.8
2016-01-06,'601336,新华保险,48.11,48.49,46.7,47.7,48.06,0.05,0.104,1.3173,27471799,1308765782.0,1.50081386926e+11,1.00330486647e+11
2016-01-05,'601336,新华保险,48.06,48.6,45.36,45.51,47.0,1.06,2.2553,1.6017,33402968,1579432233.0,1.49925409596e+11,1.0022621468e+11
2016-01-04,'601336,新华保险,47.0,51.77,46.99,51.75,52.21,-5.21,-9.9789,1.1193,23342816,1145982302.0,1.466186902e+11,98015648980.0
2015-12-31,'601336,新华保险,52.21,53.55,52.0,52.38,52.22,-0.01,-0.0191,1.0916,22763784,1202087881.0,1.62871527986e+11,1.08880787941e+11
2015-12-30,'601336,新华保险,52.22,52.55,51.6,52.5,52.63,-0.41,-0.779,0.7572,15791053,821628985.0,1.62902723452e+11,1.08901642335e+11
2015-12-29,'601336,新华保险,52.63,52.98,51.9,52.33,52.08,0.55,1.0561,0.7983,16647036,871918525.0,1.64181737558e+11,1.09756672464e+11
2015-12-28,'601336,新华保险,52.08,54.55,51.99,54.51,54.37,-2.29,-4.2119,1.066,22231722,1177506487.0,1.62465986928e+11,1.08609680827e+11
2015-12-25,'601336,新华保险,54.37,55.32,53.75,54.68,55.2,-0.83,-1.5036,0.8188,17075133,928220095.0,1.69609748642e+11,1.13385336916e+11
2015-12-24,'601336,新华保险,55.2,57.02,53.8,55.0,55.17,0.03,0.0544,1.4985,31249823,1732052524.0,1.7219897232e+11,1.15116251568e+11
2015-12-23,'601336,新华保险,55.17,57.6,54.15,54.3,54.37,0.8,1.4714,1.958,40832833,2293445016.0,1.72105385922e+11,1.15053688388e+11
2015-12-22,'601336,新华保险,54.37,54.7,53.22,54.0,54.33,0.04,0.0736,1.0636,22180323,1196934429.0,1.69609748642e+11,1.13385336916e+11
2015-12-21,'601336,新华保险,54.33,55.72,51.19,51.4,51.89,2.44,4.7023,2.2349,46608094,2514717557.0,1.69484966778e+11,1.13301919342e+11
2015-12-18,'601336,新华保险,51.89,54.2,50.89,51.3,51.83,0.06,0.1158,1.5649,32634532,1710854253.0,1.61873273074e+11,1.08213447353e+11
2015-12-17,'601336,新华保险,51.83,53.49,51.18,51.55,51.01,0.82,1.6075,1.8086,37717954,1973523967.0,1.61686100278e+11,1.08088320992e+11
2015-12-16,'601336,新华保险,51.01,52.28,50.55,51.5,51.18,-0.17,-0.3322,1.1503,23988106,1231000918.0,1.59128072066e+11,1.06378260733e+11
2015-12-15,'601336,新华保险,51.18,52.4,50.5,52.0,52.42,-1.24,-2.3655,1.6296,33983684,1748162344.0,1.59658394988e+11,1.06732785421e+11
2015-12-14,'601336,新华保险,52.42,52.42,46.62,46.78,47.65,4.77,10.0105,2.185,45567400,2281775645.0,1.63526632772e+11,1.09318730203e+11
2015-12-11,'601336,新华保险,47.65,48.39,46.08,47.33,48.04,-0.39,-0.8118,1.081,22543758,1062693819.0,1.4864639549e+11,99371184551.0
2015-12-10,'601336,新华保险,48.04,51.74,48.0,48.84,49.62,-1.58,-3.1842,1.588,33115741,1649736621.0,1.49863018664e+11,1.00184505894e+11
2015-12-09,'601336,新华保险,49.62,50.1,47.45,47.7,47.8,1.82,3.8075,1.5484,32291519,1569250446.0,1.54791902292e+11,1.03479500051e+11
2015-12-08,'601336,新华保险,47.8,48.8,47.0,48.66,49.05,-1.25,-2.5484,1.22,25442819,1216854086.0,1.4911432748e+11,99684000452.0
2015-12-07,'601336,新华保险,49.05,50.2,48.22,49.82,49.66,-0.61,-1.2284,1.4342,29909688,1467465896.0,1.5301376073e+11,1.02290799627e+11
2015-12-04,'601336,新华保险,49.66,51.12,49.61,50.5,51.81,-2.15,-4.1498,1.8995,39613927,1989369491.0,1.54916684156e+11,1.03562917624e+11
2015-12-03,'601336,新华保险,51.81,53.7,48.98,49.5,49.05,2.76,5.6269,3.7333,77854979,3972810361.0,1.61623709346e+11,1.08046612205e+11
2015-12-02,'601336,新华保险,49.05,49.05,44.0,44.3,44.59,4.46,10.0022,3.0395,63387169,3050023674.0,1.5301376073e+11,1.02290799627e+11
2015-12-01,'601336,新华保险,44.59,45.67,42.88,43.5,44.01,0.58,1.3179,1.0665,22240466,983110011.0,1.39100582894e+11,92989740170.6
2015-11-30,'601336,新华保险,44.01,45.19,42.2,45.15,44.59,-0.58,-1.3007,1.2585,26244394,1146721108.0,1.37291245866e+11,91780185353.4
2015-11-27,'601336,新华保险,44.59,48.28,44.11,47.7,48.06,-3.47,-7.2201,1.4132,29470580,1353520418.0,1.39100582894e+11,92989740170.6
2015-11-26,'601336,新华保险,48.06,49.96,47.98,49.19,48.68,-0.62,-1.2736,0.8634,18006675,881776982.0,1.49925409596e+11,1.0022621468e+11
2015-11-25,'601336,新华保险,48.68,48.95,47.57,47.6,48.02,0.66,1.3744,0.7614,15877890,767675965.0,1.51859528488e+11,1.01519187071e+11
2015-11-24,'601336,新华保险,48.02,48.54,47.02,47.59,47.94,0.08,0.1669,0.7515,15673086,747265681.0,1.49800627732e+11,1.00142797107e+11
2015-11-23,'601336,新华保险,47.94,49.28,47.51,47.68,47.66,0.28,0.5875,1.0179,21226871,1026000426.0,1.49551064004e+11,99975961959.6
2015-11-20,'601336,新华保险,47.66,48.55,47.11,48.45,48.29,-0.63,-1.3046,0.9238,19265581,921990168.0,1.48677590956e+11,99392038944.4
2015-11-19,'601336,新华保险,48.29,48.32,46.66,47.45,47.01,1.28,2.7228,0.9932,20713263,988634722.0,1.50642905314e+11,1.00705865729e+11
2015-11-18,'601336,新华保险,47.01,48.5,46.6,47.56,47.66,-0.65,-1.3638,1.1547,24080846,1140043012.0,1.46649885666e+11,98036503373.4
2015-11-17,'601336,新华保险,47.66,50.99,47.56,48.4,47.83,-0.17,-0.3554,2.0288,42310380,2094028345.0,1.48677590956e+11,99392038944.4
2015-11-16,'601336,新华保险,47.83,47.89,46.37,46.6,47.89,-0.06,-0.1253,0.9287,19367451,912668352.0,1.49207913878e+11,99746563632.2
2015-11-13,'601336,新华保险,47.89,48.94,46.93,47.33,47.83,0.06,0.1254,1.3091,27300643,1315128210.0,1.49395086674e+11,99871689992.6
2015-11-12,'601336,新华保险,47.83,49.98,47.5,49.3,49.47,-1.64,-3.3151,1.2461,25987596,1251093184.0,1.49207913878e+11,99746563632.2
2015-11-11,'601336,新华保险,49.47,49.62,47.5,49.18,49.62,-0.15,-0.3023,1.4774,30810127,1495971654.0,1.54323970302e+11,1.0316668415e+11
2015-11-10,'601336,新华保险,49.62,52.04,48.52,48.97,49.74,-0.12,-0.2413,1.5424,32165397,1606715663.0,1.54791902292e+11,1.03479500051e+11
2015-11-09,'601336,新华保险,49.74,52.5,48.84,50.18,50.37,-0.63,-1.2507,2.5289,52737752,2675908614.0,1.55166247884e+11,1.03729752772e+11
2015-11-06,'601336,新华保险,50.37,51.45,46.56,47.01,47.43,2.94,6.1986,2.5452,53077911,2596085462.0,1.57131562242e+11,1.05043579556e+11
2015-11-05,'601336,新华保险,47.43,49.57,45.06,45.2,45.06,2.37,5.2597,4.0176,83783784,4003296919.0,1.47960095238e+11,98912387896.2
2015-11-04,'601336,新华保险,45.06,45.06,41.25,41.29,40.96,4.1,10.0098,2.0076,41866847,1831576826.0,1.40566769796e+11,93969896660.4
2015-11-03,'601336,新华保险,40.96,42.47,40.77,41.15,41.14,-0.18,-0.4375,0.6855,14294753,596006950.0,1.27776628736e+11,85419595366.4
2015-11-02,'601336,新华保险,41.14,42.45,41.1,41.7,42.5,-1.36,-3.2,0.6532,13621423,568430958.0,1.28338147124e+11,85794974447.6
2015-10-30,'601336,新华保险,42.5,43.61,41.04,41.6,42.0,0.5,1.1905,0.972,20269566,860201503.0,1.325807305e+11,88631171950.0
2015-10-29,'601336,新华保险,42.0,42.66,41.09,42.41,42.52,-0.52,-1.223,0.884,18434915,770173537.0,1.310209572e+11,87588452280.0
2015-10-28,'601336,新华保险,42.52,43.8,42.28,43.7,44.29,-1.77,-3.9964,0.5594,11665545,502329822.0,1.32643121432e+11,88672880736.8
2015-10-27,'601336,新华保险,44.29,44.5,42.46,44.15,44.61,-0.32,-0.7173,0.7839,16347360,707870885.0,1.38164718914e+11,92364108368.6
2015-10-26,'601336,新华保险,44.61,46.58,44.53,45.58,44.57,0.04,0.0897,1.14,23774272,1081859762.0,1.39162973826e+11,93031448957.4
2015-10-23,'601336,新华保险,44.57,44.97,42.5,43.55,43.44,1.13,2.6013,0.9675,20176194,880679039.0,1.39038191962e+11,92948031383.8
2015-10-22,'601336,新华保险,43.44,44.26,42.0,42.05,42.69,0.75,1.7569,0.9603,20026849,860807547.0,1.35513104304e+11,90591484929.6
2015-10-21,'601336,新华保险,42.69,45.5,41.58,42.09,42.12,0.57,1.3533,1.4403,30036415,1304456914.0,1.33173444354e+11,89027405424.6
2015-10-20,'601336,新华保险,42.12,42.26,40.79,41.56,42.01,0.11,0.2618,0.5969,12448689,518389827.0,1.31395302792e+11,87838705000.8
2015-10-19,'601336,新华保险,42.01,43.28,40.51,41.13,41.13,0.88,2.1396,0.9859,20561129,867397914.0,1.31052152666e+11,87609306673.4
2015-10-16,'601336,新华保险,41.13,41.54,39.99,40.36,39.91,1.22,3.0569,0.91,18977766,778543866.0,1.28306951658e+11,85774120054.2
2015-10-15,'601336,新华保险,39.91,40.05,38.71,38.71,38.77,1.14,2.9404,0.5999,12511267,496233081.0,1.24501104806e+11,83229884059.4
2015-10-14,'601336,新华保险,38.77,40.01,38.7,39.68,40.31,-1.54,-3.8204,0.574,11970490,471562709.0,1.20944821682e+11,80852483211.8
2015-10-13,'601336,新华保险,40.31,40.56,39.12,39.94,40.2,0.11,0.2736,0.6252,13038079,519300788.0,1.25748923446e+11,84064059795.4
2015-10-12,'601336,新华保险,40.2,41.18,38.68,39.0,38.55,1.65,4.2802,0.9027,18826098,753719000.0,1.2540577332e+11,83834661468.0
2015-10-09,'601336,新华保险,38.55,38.6,36.99,37.3,36.98,1.57,4.2455,0.7586,15820439,603078689.0,1.2025852143e+11,80393686557.0
2015-10-08,'601336,新华保险,36.98,38.24,36.39,38.2,35.83,1.15,3.2096,0.8384,17484308,656204262.0,1.15360833268e+11,77119546793.2
2015-09-30,'601336,新华保险,35.83,36.68,35.8,36.38,36.07,-0.24,-0.6654,0.4152,8657921,312939898.0,1.11773354678e+11,74721291552.2
2015-09-29,'601336,新华保险,36.07,37.32,35.82,37.32,37.8,-1.73,-4.5767,0.4694,9788397,357161194.0,1.12522045862e+11,75221796993.8
2015-09-28,'601336,新华保险,37.8,38.15,36.99,38.01,38.15,-0.35,-0.9174,0.2669,5565220,209011438.0,1.1791886148e+11,78829607052.0
2015-09-25,'601336,新华保险,38.15,39.17,37.61,38.3,38.36,-0.21,-0.5474,0.4824,10061023,386914520.0,1.1901070279e+11,79559510821.0
2015-09-24,'601336,新华保险,38.36,38.99,38.06,38.4,37.93,0.43,1.1337,0.4688,9776229,376474052.0,1.19665807576e+11,79997453082.4
2015-09-23,'601336,新华保险,37.93,39.1,37.88,38.65,39.29,-1.36,-3.4614,0.622,12971121,498388961.0,1.18324402538e+11,79100714166.2
2015-09-22,'601336,新华保险,39.29,40.18,37.17,37.38,37.45,1.84,4.9132,0.9387,19575000,763048474.0,1.22566985914e+11,81936911668.6
2015-09-21,'601336,新华保险,37.45,37.5,36.31,36.77,37.16,0.29,0.7804,0.5025,10478354,387827027.0,1.1682702017e+11,78099703283.0
2015-09-18,'601336,新华保险,37.16,37.69,36.11,36.33,36.24,0.92,2.5386,0.7489,15618827,580514568.0,1.15922351656e+11,77494925874.4
2015-09-17,'601336,新华保险,36.24,37.78,36.01,36.89,36.96,-0.72,-1.9481,0.838,17476682,644180218.0,1.13052368784e+11,75576321681.6
2015-09-16,'601336,新华保险,36.96,37.3,34.4,34.78,34.76,2.2,6.3291,0.8209,17119735,616635330.0,1.15298442336e+11,77077838006.4
2015-09-15,'601336,新华保险,34.76,35.98,34.51,35.63,36.46,-1.7,-4.6626,0.5676,11836552,416704980.0,1.08435439816e+11,72489871458.4
2015-09-14,'601336,新华保险,36.46,37.26,34.8,37.05,36.91,-0.45,-1.2192,1.3265,27664339,997570050.0,1.13738669036e+11,76035118336.4
2015-09-11,'601336,新华保险,36.91,37.63,36.69,37.11,36.84,0.07,0.19,0.4941,10304967,382597714.0,1.15142465006e+11,76973566039.4
2015-09-10,'601336,新华保险,36.84,37.58,36.71,37.2,37.82,-0.98,-2.5912,0.648,13513968,502000145.0,1.14924096744e+11,76827585285.6
2015-09-09,'601336,新华保险,37.82,38.7,37.01,37.2,37.4,0.42,1.123,1.3094,27307670,1030847955.0,1.17981252412e+11,78871315838.8
2015-09-08,'601336,新华保险,37.4,37.5,35.33,35.49,35.78,1.62,4.5277,1.0047,20952332,771813127.0,1.1667104284e+11,77995431316.0
2015-09-07,'601336,新华保险,35.78,37.98,35.7,36.9,37.39,-1.61,-4.306,0.8642,18021380,663128737.0,1.11617377348e+11,74617019585.2
2015-09-02,'601336,新华保险,37.39,37.62,35.88,36.1,38.01,-0.62,-1.6311,2.5972,54163950,2004793394.0,1.16639847374e+11,77974576922.6
2015-09-01,'601336,新华保险,38.01,38.47,35.56,37.5,38.57,-0.56,-1.4519,3.0809,64250618,2407401203.0,1.18573966266e+11,79267549313.4
2015-08-31,'601336,新华保险,38.57,38.9,35.48,36.0,36.92,1.65,4.4691,2.418,50425192,1868554541.0,1.20320912362e+11,80435395343.8
2015-08-28,'601336,新华保险,36.92,37.6,35.51,35.9,34.84,2.08,5.9701,3.0228,63038084,2297518877.0,1.15173660472e+11,76994420432.8
2015-08-27,'601336,新华保险,34.84,34.84,31.82,32.55,31.67,3.17,10.0095,2.4403,50891141,1689970695.0,1.08685003544e+11,72656706605.6
2015-08-26,'601336,新华保险,31.67,33.29,30.07,31.0,30.31,1.36,4.487,2.785,58079638,1841087090.0,98796040822.0,66045863897.8
2015-08-25,'601336,新华保险,30.31,33.99,29.88,30.99,33.11,-2.8,-8.4567,2.5381,52929601,1684053982.0,94553457446.0,63209666395.4
2015-08-24,'601336,新华保险,33.11,35.76,33.11,35.0,36.79,-3.68,-10.0027,1.7942,37416851,1262091535.0,1.03288187926e+11,69048896547.4
2015-08-21,'601336,新华保险,36.79,39.67,36.76,39.0,39.59,-2.8,-7.0725,1.3603,28367311,1081291050.0,1.14768119414e+11,76723313318.6
2015-08-20,'601336,XD新华保,39.59,41.6,39.5,41.2,40.84,-1.25,-3.0607,1.0546,21992853,894260744.0,1.23502849894e+11,82562543470.6
2015-08-19,'601336,新华保险,41.05,41.38,39.4,40.2,41.04,0.01,0.0244,1.1675,24347777,986157579.0,1.2805738793e+11,85607284907.0
2015-08-18,'601336,新华保险,41.04,44.93,40.98,43.4,43.34,-2.3,-5.3069,1.6185,33753133,1457041546.0,1.28026192464e+11,85586430513.6
2015-08-17,'601336,新华保险,43.34,44.34,42.7,44.34,44.78,-1.44,-3.2157,1.0791,22504379,972925013.0,1.35201149644e+11,90382940995.6
2015-08-14,'601336,新华保险,44.78,45.5,44.56,45.5,44.85,-0.07,-0.1561,0.8724,18192379,816978795.0,1.39693296748e+11,93385973645.2
2015-08-13,'601336,新华保险,44.85,45.2,44.0,44.28,44.58,0.27,0.6057,0.9735,20302460,904852615.0,1.3991166501e+11,93531954399.0
2015-08-12,'601336,新华保险,44.58,45.5,44.49,44.88,45.51,-0.93,-2.0435,0.8378,17472330,784450201.0,1.39069387428e+11,92968885777.2
2015-08-11,'601336,新华保险,45.51,46.68,45.08,46.0,46.48,-0.97,-2.0869,1.1108,23164743,1062188106.0,1.41970565766e+11,94908344363.4
2015-08-10,'601336,新华保险,46.48,47.23,43.71,43.98,43.99,2.49,5.6604,1.6291,33973933,1546897252.0,1.44996525968e+11,96931220523.2
2015-08-07,'601336,新华保险,43.99,44.68,42.91,42.91,42.62,1.37,3.2145,1.1221,23400007,1030798188.0,1.37228854934e+11,91738476566.6
2015-08-06,'601336,新华保险,42.62,43.68,42.1,42.59,43.24,-0.62,-1.4339,0.6093,12706260,544385350.0,1.32955076092e+11,88881424670.8
2015-08-05,'601336,新华保险,43.24,44.74,43.12,44.2,44.75,-1.51,-3.3743,0.789,16455125,723617659.0,1.34889194984e+11,90174397061.6
2015-08-04,'601336,新华保险,44.75,44.97,42.75,43.79,43.83,0.92,2.099,1.1516,24016284,1057020314.0,1.3959971035e+11,93323410465.0
2015-08-03,'601336,新华保险,43.83,43.86,42.1,42.2,43.0,0.83,1.9302,1.4752,30763768,1318389197.0,1.36729727478e+11,91404806272.2
2015-07-31,'601336,新华保险,43.0,43.59,42.0,42.9,43.67,-0.67,-1.5342,2.1874,45617775,1944450229.0,1.341405038e+11,89673891620.0
2015-07-30,'601336,新华保险,43.67,46.58,43.48,44.2,44.25,-0.58,-1.3107,2.0329,42394366,1923037868.0,1.36230600022e+11,91071135977.8
2015-07-29,'601336,新华保险,44.25,45.2,42.7,44.4,44.3,-0.05,-0.1129,1.8801,39208188,1708103421.0,1.3803993705e+11,92280690795.0
2015-07-28,'601336,新华保险,44.3,45.45,42.1,42.8,44.33,-0.03,-0.0677,1.9662,41003572,1789275541.0,1.3819591438e+11,92384962762.0
2015-07-27,'601336,新华保险,44.33,48.9,44.33,48.44,49.26,-4.93,-10.0081,1.9758,41204773,1930297394.0,1.38289500778e+11,92447525942.2
2015-07-24,'601336,新华保险,49.26,51.56,48.85,51.4,51.3,-2.04,-3.9766,2.0158,42038395,2121111829.0,1.53668865516e+11,1.02728741888e+11
2015-07-23,'601336,新华保险,51.3,51.68,48.84,49.01,48.73,2.57,5.274,2.5642,53474306,2717842678.0,1.6003274058e+11,1.06983038142e+11
2015-07-22,'601336,新华保险,48.73,49.66,48.33,48.93,49.24,-0.51,-1.0357,1.1655,24305372,1190922601.0,1.52015505818e+11,1.01623459038e+11
2015-07-21,'601336,新华保险,49.24,50.4,48.77,49.49,50.14,-0.9,-1.795,1.4704,30664730,1515190729.0,1.53606474584e+11,1.02687033102e+11
2015-07-20,'601336,新华保险,50.14,51.54,49.58,51.0,51.14,-1.0,-1.9554,1.3348,27835758,1405338048.0,1.56414066524e+11,1.04563928508e+11
2015-07-17,'601336,新华保险,51.14,51.5,49.5,49.61,49.35,1.79,3.6272,1.4837,30940778,1565353944.0,1.59533613124e+11,1.06649367848e+11
2015-07-16,'601336,新华保险,49.35,50.87,48.01,49.58,49.58,-0.23,-0.4639,1.1404,23782425,1175991584.0,1.5394962471e+11,1.02916431429e+11
2015-07-15,'601336,新华保险,49.58,52.5,48.8,50.6,51.65,-2.07,-4.0077,1.6082,33537409,1695037457.0,1.54667120428e+11,1.03396082477e+11
2015-07-14,'601336,新华保险,51.65,53.47,51.0,52.93,54.24,-2.59,-4.7751,2.2268,46437997,2430426061.0,1.6112458189e+11,1.07712941911e+11
2015-07-13,'601336,新华保险,54.24,56.5,52.88,54.0,55.82,-1.58,-2.8305,2.9496,61511263,3354065460.0,1.69204207584e+11,1.13114229802e+11
2015-07-10,'601336,新华保险,55.82,58.66,51.0,51.5,53.58,2.24,4.1807,4.3145,89976590,5046677951.0,1.74133091212e+11,1.16409223959e+11
2015-07-09,'601336,新华保险,53.58,55.17,45.35,50.3,50.39,3.19,6.3306,4.1549,86647644,4410916389.0,1.67145306828e+11,1.11737839837e+11
2015-07-08,'601336,新华保险,50.39,51.47,50.39,50.39,55.99,-5.6,-10.0018,2.124,44295073,2234462082.0,1.57193953174e+11,1.05085288343e+11
2015-07-07,'601336,新华保险,55.99,56.49,48.68,52.89,53.51,2.48,4.6346,4.5803,95519531,5102213608.0,1.74663414134e+11,1.16763748647e+11
2015-07-06,'601336,新华保险,53.51,55.2,52.0,55.0,50.36,3.15,6.255,3.3818,70524671,3777510927.0,1.66926938566e+11,1.11591859083e+11
2015-07-03,'601336,新华保险,50.36,55.39,49.0,52.2,53.41,-3.05,-5.7105,2.2214,46325292,2424925103.0,1.57100366776e+11,1.05022725162e+11
2015-07-02,'601336,新华保险,53.41,58.23,52.31,56.52,56.73,-3.32,-5.8523,2.7264,56857507,3135004058.0,1.66614983906e+11,1.11383315149e+11
2015-07-01,'601336,新华保险,56.73,60.67,56.28,59.62,61.06,-4.33,-7.0914,2.3746,49519881,2920905933.0,1.76971878618e+11,1.18306973758e+11
2015-06-30,'601336,新华保险,61.06,62.0,56.55,57.7,56.97,4.09,7.1792,3.4833,72641594,4293381802.0,1.90479515396e+11,1.273369261e+11
2015-06-29,'601336,新华保险,56.97,58.95,51.88,57.0,55.44,1.53,2.7597,2.9047,60575522,3419140379.0,1.77720569802e+11,1.188074792e+11
2015-06-26,'601336,新华保险,55.44,59.5,52.71,57.0,58.57,-3.13,-5.344,2.5077,52297440,2937281400.0,1.72947663504e+11,1.1561675701e+11
2015-06-25,'601336,新华保险,58.57,60.65,57.03,60.16,59.6,-1.03,-1.7282,1.3636,28436264,1677928618.0,1.82711844362e+11,1.22144182144e+11
2015-06-24,'601336,新华保险,59.6,59.86,57.76,59.5,59.52,0.08,0.1344,1.5711,32765129,1936293110.0,1.8592497736e+11,1.24292184664e+11
2015-06-23,'601336,新华保险,59.52,59.6,55.2,56.5,55.95,3.57,6.3807,1.8124,37796875,2160871449.0,1.85675413632e+11,1.24125349517e+11
2015-06-19,'601336,新华保险,55.95,59.5,55.0,58.0,58.92,-2.97,-5.0407,1.4567,30379027,1746368128.0,1.7453863227e+11,1.16680331073e+11
2015-06-18,'601336,新华保险,58.92,62.06,58.8,61.8,62.06,-3.14,-5.0596,1.5031,31347095,1897435222.0,1.83803685672e+11,1.22874085913e+11
2015-06-17,'601336,新华保险,62.06,62.6,60.2,62.3,61.59,0.47,0.7631,1.1931,24880706,1538542946.0,1.93599061996e+11,1.2942236544e+11
2015-06-16,'601336,新华保险,61.59,63.9,60.88,61.5,62.48,-0.89,-1.4245,1.4554,30351768,1894971322.0,1.92132875094e+11,1.28442208951e+11
2015-06-15,'601336,新华保险,62.48,65.98,62.3,65.15,65.49,-3.01,-4.5961,1.6641,34702769,2214912808.0,1.94909271568e+11,1.30298249963e+11
2015-06-12,'601336,新华保险,65.49,67.28,65.0,66.52,66.74,-1.25,-1.8729,1.6454,34313290,2255722755.0,2.04299106834e+11,1.36575422377e+11
2015-06-11,'601336,新华保险,66.74,68.24,64.38,65.9,66.07,0.67,1.0141,2.1394,44614933,2967989029.0,2.08198540084e+11,1.39182221552e+11
2015-06-10,'601336,新华保险,66.07,67.63,65.51,66.4,67.5,-1.43,-2.1185,1.8024,37588843,2496857850.0,2.06108443862e+11,1.37784977194e+11
2015-06-09,'601336,新华保险,67.5,70.6,66.6,70.55,70.06,-2.56,-3.654,2.8615,59674882,4074480219.0,2.105693955e+11,1.4076715545e+11
2015-06-08,'601336,新华保险,70.06,70.06,63.01,63.43,63.69,6.37,10.0016,4.0924,85344841,5728911904.0,2.18555434796e+11,1.4610588016e+11
2015-06-05,'601336,新华保险,63.69,67.0,62.33,66.44,64.8,-1.11,-1.713,2.3735,49498085,3183511991.0,1.98683922954e+11,1.32821631565e+11
2015-06-04,'601336,新华保险,64.8,65.3,59.0,62.22,62.68,2.12,3.3823,2.4498,51089321,3225294318.0,2.0214661968e+11,1.35136469232e+11
2015-06-03,'601336,新华保险,62.68,64.0,60.5,61.5,61.43,1.25,2.0348,2.1476,44786468,2793167255.0,1.95533180888e+11,1.30715337831e+11
2015-06-02,'601336,新华保险,61.43,61.6,60.15,61.6,62.01,-0.58,-0.9353,1.6012,33391761,2033650120.0,1.91633747638e+11,1.28108538656e+11
2015-06-01,'601336,新华保险,62.01,62.35,57.8,58.3,58.81,3.2,5.4413,2.0367,42474748,2560837978.0,1.93443084666e+11,1.29318093473e+11
2015-05-29,'601336,新华保险,58.81,60.46,57.6,60.16,59.59,-0.78,-1.3089,2.0727,43224781,2555546736.0,1.83460535546e+11,1.22644687585e+11
2015-05-28,'601336,新华保险,59.59,66.01,59.13,65.1,65.54,-5.95,-9.0784,2.4682,51472281,3253791846.0,1.85893781894e+11,1.24271330271e+11
2015-05-27,'601336,新华保险,65.54,66.96,64.88,66.94,67.07,-1.53,-2.2812,1.6842,35123904,2310949641.0,2.04455084164e+11,1.36679694344e+11
2015-05-26,'601336,新华保险,67.07,68.35,65.48,68.1,67.45,-0.38,-0.5634,2.0312,42358910,2820818382.0,2.09227990462e+11,1.39870416534e+11
2015-05-25,'601336,新华保险,67.45,68.49,65.3,66.35,65.57,1.88,2.8672,3.0031,62628118,4209086717.0,2.1041341817e+11,1.40662883483e+11
2015-05-22,'601336,新华保险,65.57,66.23,62.0,62.0,61.6,3.97,6.4448,3.3134,69099584,4444553035.0,2.04548670562e+11,1.36742257524e+11
2015-05-21,'601336,新华保险,61.6,62.45,60.31,60.98,61.47,0.13,0.2115,1.6829,35094928,2151604708.0,1.9216407056e+11,1.28463063344e+11
2015-05-20,'601336,新华保险,61.47,63.35,60.77,62.3,62.05,-0.58,-0.9347,2.1795,45452388,2805056165.0,1.91758529502e+11,1.2819195623e+11
2015-05-19,'601336,新华保险,62.05,64.15,58.67,58.67,59.06,2.99,5.0626,3.0761,64150144,3976772132.0,1.9356786653e+11,1.29401511047e+11
2015-05-18,'601336,新华保险,59.06,60.87,58.49,59.0,60.3,-1.24,-2.0564,1.7492,36478074,2167942012.0,1.84240422196e+11,1.2316604742e+11
