2016-05-13,'601599,鹿港科技,0.0,0.0,0.0,0.0,22.78,None,None,0.0,0,0.0,10184808199.6,8005756592.12
2016-05-12,'601599,鹿港科技,0.0,0.0,0.0,0.0,22.78,None,None,0.0,0,0.0,10184808199.6,8005756592.12
2016-05-11,'601599,鹿港科技,0.0,0.0,0.0,0.0,22.78,None,None,0.0,0,0.0,10184808199.6,8005756592.12
2016-05-10,'601599,鹿港科技,0.0,0.0,0.0,0.0,22.78,None,None,0.0,0,0.0,10184808199.6,8005756592.12
2016-05-09,'601599,鹿港科技,0.0,0.0,0.0,0.0,22.78,None,None,0.0,0,0.0,10184808199.6,8005756592.12
2016-05-06,'601599,鹿港科技,0.0,0.0,0.0,0.0,22.78,None,None,0.0,0,0.0,10184808199.6,8005756592.12
2016-05-05,'601599,鹿港科技,0.0,0.0,0.0,0.0,22.78,None,None,0.0,0,0.0,10184808199.6,8005756592.12
2016-05-04,'601599,鹿港科技,0.0,0.0,0.0,0.0,22.78,None,None,0.0,0,0.0,10184808199.6,8005756592.12
2016-05-03,'601599,鹿港科技,0.0,0.0,0.0,0.0,22.78,None,None,0.0,0,0.0,10184808199.6,8005756592.12
2016-04-29,'601599,鹿港科技,0.0,0.0,0.0,0.0,22.78,None,None,0.0,0,0.0,10184808199.6,8005756592.12
2016-04-28,'601599,鹿港科技,0.0,0.0,0.0,0.0,22.78,None,None,0.0,0,0.0,10184808199.6,8005756592.12
2016-04-27,'601599,鹿港科技,0.0,0.0,0.0,0.0,22.78,None,None,0.0,0,0.0,10184808199.6,8005756592.12
2016-04-26,'601599,鹿港科技,0.0,0.0,0.0,0.0,22.78,None,None,0.0,0,0.0,10184808199.6,8005756592.12
2016-04-25,'601599,鹿港科技,0.0,0.0,0.0,0.0,22.78,None,None,0.0,0,0.0,10184808199.6,8005756592.12
2016-04-22,'601599,鹿港科技,0.0,0.0,0.0,0.0,22.78,None,None,0.0,0,0.0,10184808199.6,8005756592.12
2016-04-21,'601599,鹿港科技,0.0,0.0,0.0,0.0,22.78,None,None,0.0,0,0.0,10184808199.6,8005756592.12
2016-04-20,'601599,鹿港科技,0.0,0.0,0.0,0.0,22.78,None,None,0.0,0,0.0,10184808199.6,8005756592.12
2016-04-19,'601599,鹿港科技,0.0,0.0,0.0,0.0,22.78,None,None,0.0,0,0.0,10184808199.6,8005756592.12
2016-04-18,'601599,鹿港科技,0.0,0.0,0.0,0.0,22.78,None,None,0.0,0,0.0,10184808199.6,8005756592.12
2016-04-15,'601599,鹿港科技,0.0,0.0,0.0,0.0,22.78,None,None,0.0,0,0.0,10184808199.6,8005756592.12
2016-04-14,'601599,鹿港科技,0.0,0.0,0.0,0.0,22.78,None,None,0.0,0,0.0,10184808199.6,8005756592.12
2016-04-13,'601599,鹿港科技,0.0,0.0,0.0,0.0,22.78,None,None,0.0,0,0.0,10184808199.6,8005756592.12
2016-04-12,'601599,鹿港科技,0.0,0.0,0.0,0.0,22.78,None,None,0.0,0,0.0,10184808199.6,8005756592.12
2016-04-11,'601599,鹿港科技,0.0,0.0,0.0,0.0,22.78,None,None,0.0,0,0.0,10184808199.6,8005756592.12
2016-04-08,'601599,鹿港科技,22.78,23.35,21.49,21.56,21.89,0.89,4.0658,8.0384,28250160,636871500.0,10184808199.6,8005756592.12
2016-04-07,'601599,鹿港科技,21.89,22.27,21.31,22.27,21.82,0.07,0.3208,9.4354,33159736,722729638.0,9786894270.78,7692976813.06
2016-04-06,'601599,鹿港科技,21.82,21.82,19.8,19.8,19.84,1.98,9.9798,5.3404,18768052,401421546.0,9755597669.64,7668376156.28
2016-04-05,'601599,鹿港科技,19.84,19.91,18.86,19.13,19.01,0.83,4.3661,3.2887,11557901,224316690.0,8870350951.68,6972529007.36
2016-04-01,'601599,鹿港科技,19.01,19.5,18.73,19.5,19.65,-0.64,-3.257,2.5432,8937762,170149263.0,8499262681.02,6680835505.54
2016-03-31,'601599,鹿港科技,19.65,20.38,19.62,19.92,19.8,-0.15,-0.7576,2.8192,9907621,197888121.0,8785403034.3,6905755796.1
2016-03-30,'601599,鹿港科技,19.8,19.87,19.12,19.19,18.93,0.87,4.5959,2.0352,7152362,139117481.0,8852467179.6,6958471489.2
2016-03-29,'601599,鹿港科技,18.93,20.0,18.65,19.99,19.95,-1.02,-5.1128,3.0811,10828210,208072014.0,8463495136.86,6652720469.22
2016-03-28,'601599,鹿港科技,19.95,21.1,19.8,20.83,20.65,-0.7,-3.3898,3.7737,13262352,270831273.0,8919531324.9,7011187182.3
2016-03-25,'601599,鹿港科技,20.65,21.19,20.08,20.08,20.45,0.2,0.978,2.6479,9305776,192661507.0,9232497336.3,7257193750.1
2016-03-24,'601599,鹿港科技,20.45,21.36,19.56,19.91,20.0,0.45,2.25,5.1773,18194870,375006463.0,9143078475.9,7186906159.3
2016-03-23,'601599,鹿港科技,20.0,20.07,19.57,19.7,19.8,0.2,1.0101,2.8291,9942491,197760765.0,8941886040.0,7028759080.0
2016-03-22,'601599,鹿港科技,19.8,20.38,19.69,20.0,20.4,-0.6,-2.9412,3.494,12279157,244290948.0,8852467179.6,6958471489.2
2016-03-21,'601599,鹿港科技,20.4,20.49,19.5,19.96,19.71,0.69,3.5008,5.2176,18336575,366074279.0,9120723760.8,7169334261.6
2016-03-18,'601599,鹿港科技,19.71,19.96,18.1,18.19,18.18,1.53,8.4158,4.434,15582877,298309979.0,8812228692.42,6926842073.34
2016-03-17,'601599,鹿港科技,18.18,18.28,17.2,17.25,17.24,0.94,5.4524,3.4895,12263562,219817234.0,8128174410.36,6389142003.72
2016-03-16,'601599,鹿港科技,17.24,18.08,17.0,17.98,17.77,-0.53,-2.9826,2.0481,7197627,124989205.0,7707905766.48,6058790326.96
2016-03-15,'601599,鹿港科技,17.77,18.32,17.7,18.09,18.11,-0.34,-1.8774,1.8658,6557051,117912245.0,7944865746.54,6245052442.58
2016-03-14,'601599,鹿港科技,18.11,18.38,17.18,17.5,17.33,0.78,4.5009,3.3717,11849495,212994950.0,8096877809.22,6364541346.94
2016-03-11,'601599,鹿港科技,17.33,17.78,17.09,17.37,17.63,-0.3,-1.7016,1.3877,4876843,84617785.0,7748144253.66,6090419742.82
2016-03-10,'601599,鹿港科技,17.63,18.77,17.6,18.24,18.32,-0.69,-3.7664,2.0718,7280932,131247403.0,7882272544.26,6195851129.02
2016-03-09,'601599,鹿港科技,18.32,19.07,17.7,18.01,18.56,-0.24,-1.2931,2.815,9893004,183214010.0,8190767612.64,6438343317.28
2016-03-08,'601599,鹿港科技,18.56,18.88,16.58,17.56,17.71,0.85,4.7995,3.5894,12614341,226125555.0,8298070245.12,6522688426.24
2016-03-07,'601599,鹿港科技,17.71,17.93,17.25,17.25,17.11,0.6,3.5067,1.8009,6329079,111553142.0,7918040088.42,6223966165.34
2016-03-04,'601599,鹿港科技,17.11,18.08,16.85,17.4,17.29,-0.18,-1.0411,2.9273,10287704,180799860.0,6535125540.53,6013103392.94
2016-03-03,'601599,鹿港科技,17.29,18.0,17.2,17.52,17.51,-0.22,-1.2564,2.7169,9548202,168267773.0,6603876130.67,6076362224.66
2016-03-02,'601599,鹿港科技,17.51,17.71,16.2,16.5,16.49,1.02,6.1856,3.2999,11597001,197428249.0,6687904629.73,6153678574.54
2016-03-01,'601599,鹿港科技,16.49,16.7,15.51,16.3,16.44,0.05,0.3041,3.4891,12262010,198299616.0,6298317952.27,5795211861.46
2016-02-29,'601599,鹿港科技,16.44,18.01,16.44,18.0,18.27,-1.83,-10.0164,3.2437,11399662,189727174.0,6279220566.12,5777639963.76
2016-02-26,'601599,鹿港科技,18.27,18.3,17.22,17.25,17.04,1.23,7.2183,3.226,11337429,202284543.0,6978184899.21,6420771419.58
2016-02-25,'601599,鹿港科技,17.04,18.7,16.86,18.7,18.73,-1.69,-9.023,3.6295,12755363,228753049.0,6508389199.92,5988502736.16
2016-02-24,'601599,鹿港科技,18.73,19.07,17.95,18.88,19.01,-0.28,-1.4729,3.0085,10573011,196094548.0,7153880851.79,6582432878.42
2016-02-23,'601599,鹿港科技,19.01,19.09,18.65,18.9,18.93,0.08,0.4226,2.4353,8558665,161596900.0,7260826214.23,6680835505.54
2016-02-22,'601599,鹿港科技,18.93,19.22,18.5,19.06,18.84,0.09,0.4777,3.6659,12883233,242811695.0,7230270396.39,6652720469.22
2016-02-19,'601599,鹿港科技,18.84,19.35,18.04,18.27,18.29,0.55,3.0071,3.7155,13057637,247298516.0,7195895101.32,6621091053.36
2016-02-18,'601599,鹿港科技,18.29,18.39,17.86,18.23,18.14,0.15,0.8269,3.2817,11533153,209408917.0,6985823853.67,6427800178.66
2016-02-17,'601599,鹿港科技,18.14,18.24,17.55,18.1,17.93,0.21,1.1712,3.2093,11278738,201668400.0,6928531695.22,6375084485.56
2016-02-16,'601599,鹿港科技,17.93,18.22,17.35,17.36,17.37,0.56,3.2239,3.3537,11786334,211528995.0,6848322673.39,6301282515.22
2016-02-15,'601599,鹿港科技,17.37,17.78,16.1,16.21,16.83,0.54,3.2086,3.5867,12605148,216936306.0,6634431948.51,6104477260.98
2016-02-05,'601599,鹿港科技,16.83,17.58,16.1,16.1,16.07,0.76,4.7293,3.5285,12400510,210241465.0,6428180178.09,5914700765.82
2016-02-04,'601599,鹿港科技,16.07,16.51,15.76,15.85,15.85,0.22,1.388,2.2802,8013628,129554593.0,6137899908.61,5647607920.78
2016-02-03,'601599,鹿港科技,15.85,16.02,15.3,15.39,15.74,0.11,0.6989,2.467,8670144,135831736.0,6053871409.55,5570291570.9
2016-02-02,'601599,鹿港科技,15.74,16.2,14.8,14.8,15.02,0.72,4.7936,2.3712,8333265,130596038.0,6011857160.02,5531633395.96
2016-02-01,'601599,鹿港科技,15.02,15.27,14.4,14.93,14.87,0.15,1.0087,2.2191,7798753,116796218.0,5736854799.46,5278598069.08
2016-01-29,'601599,鹿港科技,14.87,15.25,14.02,14.13,14.01,0.86,6.1385,2.7465,9652225,141481237.0,5679562641.01,5225882375.98
2016-01-28,'601599,鹿港科技,14.01,15.49,13.98,15.1,15.14,-1.13,-7.4637,2.5883,9096439,134887157.0,5351087599.23,4923645735.54
2016-01-27,'601599,鹿港科技,15.14,15.95,14.2,15.78,15.68,-0.54,-3.4439,3.1822,11183576,167098045.0,5782688526.22,5320770623.56
2016-01-26,'601599,鹿港科技,15.68,17.3,15.66,17.3,17.4,-1.72,-9.8851,2.8767,10109961,165787738.0,5988940296.64,5510547118.72
2016-01-25,'601599,鹿港科技,17.4,17.76,17.18,17.7,17.3,0.1,0.578,2.4499,8609817,150526109.0,6645890380.2,6115020399.6
2016-01-22,'601599,鹿港科技,17.3,17.47,16.6,17.34,17.01,0.29,1.7049,3.0753,10807748,185197917.0,6607695607.9,6079876604.2
2016-01-21,'601599,鹿港科技,17.01,18.36,17.0,18.11,18.72,-1.71,-9.1346,4.62,16236400,288217103.0,6496930768.23,5977959597.54
2016-01-20,'601599,鹿港科技,18.72,19.4,18.6,19.15,19.51,-0.79,-4.0492,3.568,12539281,237857517.0,7150061374.56,6578918498.88
2016-01-19,'601599,鹿港科技,19.51,19.64,18.95,19.1,18.63,0.88,4.7236,4.2062,14782181,285097581.0,7451800075.73,6856554482.54
2016-01-18,'601599,鹿港科技,18.63,18.86,17.38,17.5,18.06,0.57,3.1561,3.7905,13321319,243853630.0,7115686079.49,6547289083.02
2016-01-15,'601599,鹿港科技,18.06,18.47,17.2,18.32,18.54,-0.48,-2.589,3.2266,11339479,203706527.0,6897975877.38,6346969449.24
2016-01-14,'601599,鹿港科技,18.54,18.55,16.61,16.95,17.46,1.08,6.1856,4.083,14349232,257617872.0,7081310784.42,6515659667.16
2016-01-13,'601599,鹿港科技,17.46,18.64,17.25,17.4,17.43,0.03,0.1721,3.6098,12686317,227536572.0,6668807243.58,6136106676.84
2016-01-12,'601599,鹿港科技,17.43,17.63,16.17,16.58,16.58,0.85,5.1267,3.5738,12559551,215765806.0,6657348811.89,6125563538.22
2016-01-11,'601599,鹿港科技,16.58,17.99,16.58,17.94,18.42,-1.84,-9.9891,3.2659,11477673,197631373.0,6332693247.34,5826841277.32
2016-01-08,'601599,鹿港科技,18.42,19.38,17.13,19.01,18.7,-0.28,-1.4973,3.5153,12354126,228011905.0,7035477057.66,6473487112.68
2016-01-07,'601599,鹿港科技,18.7,20.64,18.7,20.27,20.78,-2.08,-10.0096,1.181,4150373,80535146.0,7142422420.1,6571889739.8
2016-01-06,'601599,鹿港科技,20.78,20.85,19.8,20.55,20.48,0.3,1.4648,4.9052,17238779,350752867.0,7936873683.94,7302880684.12
2016-01-05,'601599,鹿港科技,20.48,21.69,20.05,20.05,22.28,-1.8,-8.079,6.2558,21985224,452721894.0,7822289367.04,7197449297.92
2016-01-04,'601599,鹿港科技,22.28,24.6,22.28,24.6,24.76,-2.48,-10.0162,2.809,9871826,227363369.0,8509795268.44,7830037615.12
2015-12-31,'601599,鹿港科技,24.76,25.45,24.5,25.3,25.44,-0.68,-2.673,2.5246,8872513,221498608.0,9457025621.48,8701603741.04
2015-12-30,'601599,鹿港科技,25.44,25.6,24.86,25.6,25.23,0.21,0.8323,2.6565,9335807,234435254.0,9716750073.12,8940581549.76
2015-12-29,'601599,鹿港科技,25.23,25.39,24.48,25.0,25.33,-0.1,-0.3948,3.0641,10768399,268206324.0,9636541051.29,8866779579.42
2015-12-28,'601599,鹿港科技,25.33,27.16,24.8,26.76,26.84,-1.51,-5.6259,6.2312,21898718,564652087.0,9674735823.59,8901923374.82
2015-12-25,'601599,鹿港科技,26.84,27.88,25.88,25.9,26.1,0.74,2.8352,6.6029,23205189,622495022.0,10251476885.3,9432594685.36
2015-12-24,'601599,鹿港科技,26.1,26.3,23.91,24.95,24.94,1.16,4.6512,5.7267,20125936,503268715.0,9968835570.3,9172530599.4
2015-12-23,'601599,鹿港科技,24.94,25.56,24.47,25.29,25.18,-0.24,-0.9531,4.6809,16450429,411308171.0,9525776211.62,8764862572.76
2015-12-22,'601599,鹿港科技,25.18,25.43,24.56,25.3,25.77,-0.59,-2.2895,6.1404,21579618,538615823.0,9617443665.14,8849207681.72
2015-12-21,'601599,鹿港科技,25.77,28.01,25.6,26.6,26.43,-0.66,-2.4972,9.455,33228286,890287861.0,9842792821.71,9056556074.58
2015-12-18,'601599,鹿港科技,26.43,26.75,24.8,25.8,26.16,0.27,1.0321,8.0755,28380438,733147510.0,10094878318.9,9288505124.22
2015-12-17,'601599,鹿港科技,26.16,26.82,25.35,25.52,25.95,0.21,0.8092,9.9739,35052164,915389424.0,9991752433.68,9193616876.64
2015-12-16,'601599,鹿港科技,25.95,26.17,24.47,24.8,23.79,2.16,9.0794,9.9384,34927209,899929812.0,9911543411.85,9119814906.3
2015-12-15,'601599,鹿港科技,23.79,24.46,21.8,22.15,22.24,1.55,6.9694,6.208,21817366,510138165.0,9086536330.17,8360708925.66
2015-12-14,'601599,鹿港科技,22.24,22.57,20.81,20.81,20.89,1.35,6.4624,4.1793,14687821,321132064.0,8494517359.52,7815980096.96
2015-12-11,'601599,鹿港科技,20.89,21.66,20.6,21.59,21.52,-0.63,-2.9275,2.3405,8225303,172859149.0,7978887933.47,7341538859.06
2015-12-10,'601599,鹿港科技,21.52,22.21,21.23,21.6,21.76,-0.24,-1.1029,2.7207,9561525,208566784.0,8219514998.96,7562944770.08
2015-12-09,'601599,鹿港科技,21.76,23.15,21.61,22.84,23.2,-1.44,-6.2069,3.9497,13880746,309119205.0,8311182452.48,7647289879.04
2015-12-08,'601599,鹿港科技,23.2,23.88,22.9,23.31,23.75,-0.55,-2.3158,3.6234,12734042,297565261.0,8861187173.6,8153360532.8
2015-12-07,'601599,鹿港科技,23.75,24.5,22.2,22.65,22.67,1.08,4.764,5.989,21047503,497311190.0,8963894171.25,8346651407.5
2015-12-04,'601599,鹿港科技,22.67,22.81,21.8,21.93,22.02,0.65,2.9519,5.4918,19300177,432232002.0,8556272878.41,7967098417.18
2015-12-03,'601599,鹿港科技,22.02,22.45,21.4,21.61,21.58,0.44,2.0389,4.5483,15984327,351394678.0,8310945248.46,7738663747.08
2015-12-02,'601599,鹿港科技,21.58,22.18,19.87,21.13,21.13,0.45,2.1297,4.7459,16678982,354369746.0,8144877314.34,7584031047.32
2015-12-01,'601599,鹿港科技,21.13,22.18,20.4,21.17,21.08,0.05,0.2372,5.0545,17763499,381559697.0,7975035108.99,7425883968.02
2015-11-30,'601599,鹿港科技,21.08,22.5,19.67,22.02,21.81,-0.73,-3.3471,6.0011,21090064,442523686.0,7956163752.84,7408312070.32
2015-11-27,'601599,鹿港科技,21.81,24.09,21.77,24.08,24.19,-2.38,-9.8388,6.1326,21552341,495345365.0,8231685552.63,7664861776.74
2015-11-26,'601599,鹿港科技,24.19,24.97,24.01,24.83,24.63,-0.44,-1.7864,5.4545,19169060,467968885.0,9129962105.37,8501284107.26
2015-11-25,'601599,鹿港科技,24.63,25.05,23.7,23.7,23.88,0.75,3.1407,6.5028,22853313,561729643.0,9296030039.49,8655916807.02
2015-11-24,'601599,鹿港科技,23.88,24.3,23.33,24.01,24.33,-0.45,-1.8496,4.6108,16204000,383769073.0,9012959697.24,8392338341.52
2015-11-23,'601599,鹿港科技,24.33,25.5,23.81,24.0,24.35,-0.02,-0.0821,10.0778,35417338,875215127.0,9182801902.59,8550485420.82
2015-11-20,'601599,鹿港科技,24.35,24.5,23.3,24.24,24.42,-0.07,-0.2867,7.5232,25196519,603360329.0,9190350445.05,8155256489.85
2015-11-19,'601599,鹿港科技,24.42,24.49,22.84,23.26,23.26,1.16,4.9871,8.6892,29101750,691996055.0,9216770343.66,8178700759.02
2015-11-18,'601599,鹿港科技,23.26,24.38,22.4,23.99,24.07,-0.81,-3.3652,11.2647,37727551,878074699.0,8778954880.98,7790195727.06
2015-11-17,'601599,鹿港科技,24.07,27.1,24.02,26.39,26.69,-2.62,-9.8164,13.1494,44039670,1123824074.0,9084670850.61,8061479413.17
2015-11-16,'601599,鹿港科技,26.69,26.84,25.03,25.36,25.98,0.71,2.7329,9.1082,30504959,802979792.0,10073529912.9,8938964916.39
2015-11-13,'601599,鹿港科技,25.98,26.78,24.8,25.6,26.28,-0.3,-1.1416,11.7183,39246758,1011625530.0,9805556655.54,8701173043.38
2015-11-12,'601599,鹿港科技,26.28,27.04,25.16,26.42,27.55,-1.27,-4.6098,14.4319,48334949,1261027151.0,9918784792.44,8801648482.68
2015-11-11,'601599,鹿港科技,27.55,30.93,26.15,30.4,29.06,-1.51,-5.1961,18.0812,60557157,1667382761.0,10398117238.6,9226994509.05
2015-11-10,'601599,鹿港科技,29.06,29.06,27.03,28.49,26.42,2.64,9.9924,4.8157,16128719,464861888.0,10968032194.4,9732720886.86
2015-11-09,'601599,鹿港科技,26.42,26.42,24.3,25.5,24.02,2.4,9.9917,3.8668,12950633,331722549.0,9971624589.66,8848537021.02
2015-11-06,'601599,鹿港科技,24.02,24.02,22.29,22.29,21.84,2.18,9.9817,3.7016,12397362,291682527.0,9065799494.46,8044733506.62
2015-11-05,'601599,鹿港科技,21.84,22.88,20.72,20.72,20.94,0.9,4.298,5.9383,18883695,414005703.0,8243008366.32,6945120000.0
2015-11-04,'601599,鹿港科技,20.94,21.01,20.1,20.1,20.3,0.64,3.1527,6.2532,19885320,409990921.0,7903323955.62,6658920000.0
2015-11-03,'601599,鹿港科技,20.3,21.3,19.4,20.9,20.0,0.3,1.5,4.5544,14482884,293034344.0,7661770596.9,6455400000.0
2015-11-02,'601599,鹿港科技,20.0,22.09,18.72,18.72,20.74,-0.74,-3.568,5.2159,16586678,341158146.0,7548542460.0,6360000000.0
2015-10-30,'601599,鹿港科技,20.74,21.9,19.61,20.22,19.91,0.83,4.1688,6.3449,20176884,421962335.0,7827838531.02,6595320000.0
2015-10-29,'601599,鹿港科技,19.91,19.91,18.0,18.2,18.1,1.81,10.0,6.0721,19309422,370700405.0,7514574018.93,6331380000.0
2015-10-28,'601599,鹿港科技,18.1,19.62,17.95,18.2,18.85,-0.75,-3.9788,6.0798,19333770,365653103.0,6831430926.3,5755800000.0
2015-10-27,'601599,鹿港科技,18.85,19.6,16.78,18.01,18.36,0.49,2.6688,7.52,23913674,426902712.0,7114501268.55,5994300000.0
2015-10-26,'601599,鹿港科技,18.36,19.9,18.0,18.5,18.3,0.06,0.3279,8.5813,27288514,518607610.0,6929561978.28,5838480000.0
2015-10-23,'601599,鹿港科技,18.3,18.3,17.23,17.27,16.64,1.66,9.976,9.0769,28864527,522668232.0,6906916350.9,5819400000.0
2015-10-22,'601599,鹿港科技,16.64,16.65,15.11,15.14,15.14,1.5,9.9075,6.121,19464633,309423918.0,6280387326.72,5291520000.0
2015-10-21,'601599,鹿港科技,15.14,16.7,15.14,16.6,16.82,-1.68,-9.9881,4.7469,15095039,241111075.0,5714246642.22,4814520000.0
2015-10-20,'601599,鹿港科技,16.82,16.95,16.11,16.41,16.5,0.32,1.9394,6.0418,19212841,318171657.0,6348324208.86,5348760000.0
2015-10-19,'601599,鹿港科技,16.5,17.33,15.45,15.71,16.05,0.45,2.8037,9.2283,29345887,482627073.0,6227547529.5,5247000000.0
2015-10-16,'601599,鹿港科技,16.05,16.7,15.09,15.09,15.27,0.78,5.1081,11.1551,35473203,558886568.0,6057705324.15,5103900000.0
2015-10-15,'601599,鹿港科技,15.27,15.72,14.73,15.39,14.92,0.35,2.3458,11.6919,37180315,562935685.0,5763312168.21,4855860000.0
2015-10-14,'601599,鹿港科技,14.92,14.92,14.13,14.44,13.56,1.36,10.0295,14.2579,45340240,661867851.0,5631212675.16,4744560000.0
2015-10-13,'601599,鹿港科技,13.56,13.56,13.56,13.56,12.33,1.23,9.9757,0.6321,2010084,27256739.0,5117911787.88,4312080000.0
2015-10-12,'601599,鹿港科技,12.33,12.33,12.33,12.33,11.21,1.12,9.9911,0.154,489851,6039863.0,4653676426.59,3920940000.0
2015-10-09,'601599,鹿港科技,0.0,0.0,0.0,0.0,11.21,None,None,0.0,0,0.0,4230958048.83,3564780000.0
2015-10-08,'601599,鹿港科技,0.0,0.0,0.0,0.0,11.21,None,None,0.0,0,0.0,4230958048.83,3564780000.0
2015-09-30,'601599,鹿港科技,0.0,0.0,0.0,0.0,11.21,None,None,0.0,0,0.0,4230958048.83,3564780000.0
2015-09-29,'601599,鹿港科技,0.0,0.0,0.0,0.0,11.21,None,None,0.0,0,0.0,4230958048.83,3564780000.0
2015-09-28,'601599,鹿港科技,0.0,0.0,0.0,0.0,11.21,None,None,0.0,0,0.0,4230958048.83,3564780000.0
2015-09-25,'601599,鹿港科技,11.21,11.75,11.05,11.35,11.46,-0.25,-2.1815,2.7038,8598067,98100625.0,4230958048.83,3564780000.0
2015-09-24,'601599,鹿港科技,11.46,11.75,11.27,11.37,11.19,0.27,2.4129,2.5045,7964286,91421212.0,4325314829.58,3644280000.0
2015-09-23,'601599,鹿港科技,11.19,11.39,11.01,11.27,11.52,-0.33,-2.8646,2.3552,7489465,83728887.0,4223409506.37,3558420000.0
2015-09-22,'601599,鹿港科技,11.52,11.88,11.29,11.63,11.63,-0.11,-0.9458,3.3117,10531240,122126109.0,4347960456.96,3663360000.0
2015-09-21,'601599,鹿港科技,11.63,11.68,10.71,10.89,10.99,0.64,5.8235,3.7026,11774306,134159336.0,4389477440.49,3698340000.0
2015-09-18,'601599,鹿港科技,10.99,11.21,10.67,10.87,10.86,0.13,1.1971,2.2617,7192262,78537328.0,4147924081.77,3494820000.0
2015-09-17,'601599,鹿港科技,10.86,11.56,10.8,11.3,11.22,-0.36,-3.2086,3.668,11664255,131556543.0,4098858555.78,3453480000.0
2015-09-16,'601599,鹿港科技,11.22,11.22,10.3,10.38,10.2,1.02,10.0,4.0728,12951540,139238371.0,4234732320.06,3567960000.0
2015-09-15,'601599,鹿港科技,10.2,11.35,10.2,10.7,11.33,-1.13,-9.9735,3.8108,12118457,127722777.0,3849756654.6,3243600000.0
2015-09-14,'601599,鹿港科技,11.33,12.75,11.33,12.32,12.59,-1.26,-10.0079,3.8177,12140238,144316501.0,4276249303.59,3602940000.0
2015-09-11,'601599,鹿港科技,12.59,12.98,12.27,12.5,12.35,0.24,1.9433,4.7676,15160915,192023618.0,4751807478.57,4003620000.0
2015-09-10,'601599,鹿港科技,12.35,12.75,11.66,11.79,11.99,0.36,3.0025,5.047,16049464,197891641.0,4661224969.05,3927300000.0
2015-09-09,'601599,鹿港科技,11.99,12.25,11.51,11.68,11.47,0.52,4.5336,3.8065,12104693,144364690.0,4525351204.77,3812820000.0
2015-09-08,'601599,鹿港科技,11.47,11.5,10.52,10.72,10.72,0.75,6.9963,2.8703,9127400,100965320.0,4329089100.81,3647460000.0
2015-09-07,'601599,鹿港科技,10.72,11.18,10.59,10.59,10.35,0.37,3.5749,2.4174,7687250,83514534.0,4046018758.56,3408960000.0
2015-09-02,'601599,鹿港科技,10.35,11.41,10.0,10.4,11.02,-0.67,-6.0799,4.0664,12931255,136736022.0,3906370723.05,3291300000.0
2015-09-01,'601599,鹿港科技,11.02,12.28,11.02,11.99,12.24,-1.22,-9.9673,4.2786,13605980,155609085.0,4159246895.46,3504360000.0
2015-08-31,'601599,鹿港科技,12.24,13.17,11.88,11.88,12.98,-0.74,-5.7011,5.3085,16881147,210517456.0,4619707985.52,3892320000.0
2015-08-28,'601599,鹿港科技,0.0,0.0,0.0,0.0,12.98,None,None,0.0,0,0.0,4899004056.54,4127640000.0
2015-08-27,'601599,鹿港科技,0.0,0.0,0.0,0.0,12.98,None,None,0.0,0,0.0,4899004056.54,4127640000.0
2015-08-26,'601599,鹿港科技,0.0,0.0,0.0,0.0,12.98,None,None,0.0,0,0.0,4899004056.54,4127640000.0
2015-08-25,'601599,鹿港科技,0.0,0.0,0.0,0.0,12.98,None,None,0.0,0,0.0,4899004056.54,4127640000.0
2015-08-24,'601599,鹿港科技,0.0,0.0,0.0,0.0,12.98,None,None,0.0,0,0.0,4899004056.54,4127640000.0
2015-08-21,'601599,鹿港科技,12.98,13.95,12.78,13.5,13.84,-0.86,-6.2139,4.2137,13399699,180154633.0,4899004056.54,4127640000.0
2015-08-20,'601599,鹿港科技,13.84,14.78,13.8,14.78,14.87,-1.03,-6.9267,3.3203,10558416,151278271.0,5223591382.32,4401120000.0
2015-08-19,'601599,鹿港科技,14.87,15.12,13.3,13.96,14.72,0.15,1.019,5.4704,17396029,245187045.0,5612341319.01,4728660000.0
2015-08-18,'601599,鹿港科技,14.72,16.77,14.72,16.37,16.35,-1.63,-9.9694,5.4144,17217746,272744961.0,5555727250.56,4680960000.0
2015-08-17,'601599,鹿港科技,16.35,16.8,16.05,16.71,16.9,-0.55,-3.2544,5.3079,16879228,275451328.0,6170933461.05,5199300000.0
2015-08-14,'601599,鹿港科技,16.9,17.35,16.48,16.81,16.79,0.11,0.6552,5.683,18071831,304751259.0,6378518378.7,5374200000.0
2015-08-13,'601599,鹿港科技,16.79,16.83,15.81,16.5,16.67,0.12,0.7199,5.5113,17525975,288632386.0,6337001395.17,5339220000.0
2015-08-12,'601599,鹿港科技,16.67,17.48,16.62,16.83,16.99,-0.32,-1.8835,6.3369,20151215,344364002.0,6291710140.41,5301060000.0
2015-08-11,'601599,鹿港科技,16.99,17.46,16.6,17.01,17.28,-0.29,-1.6782,8.458,26896347,459105160.0,6412486819.77,5402820000.0
2015-08-10,'601599,鹿港科技,17.28,17.65,16.3,16.78,16.73,0.55,3.2875,10.435,33183247,560518784.0,6521940685.44,5495040000.0
2015-08-07,'601599,鹿港科技,16.73,16.81,15.53,15.79,15.46,1.27,8.2147,7.6586,24354505,396876449.0,6314355767.79,5320140000.0
2015-08-06,'601599,鹿港科技,15.46,15.8,15.06,15.25,15.79,-0.33,-2.0899,6.2239,19792154,305503727.0,5835023321.58,4916280000.0
2015-08-05,'601599,鹿港科技,15.79,16.57,14.77,15.23,15.16,0.63,4.1557,11.906,37860930,587413431.0,5959574272.17,5021220000.0
2015-08-04,'601599,鹿港科技,15.16,15.16,13.7,13.87,13.78,1.38,10.0145,9.3325,29677377,432870213.0,5721795184.68,4820880000.0
2015-08-03,'601599,鹿港科技,13.78,15.18,13.78,15.16,15.31,-1.53,-9.9935,7.4598,23722295,337580272.0,5200945754.94,4382040000.0
2015-07-31,'601599,鹿港科技,15.31,16.62,15.19,16.12,16.88,-1.57,-9.3009,8.3617,26590199,423544114.0,5778409253.13,4868580000.0
2015-07-30,'601599,鹿港科技,16.88,18.8,16.7,18.03,18.03,-1.15,-6.3783,11.6052,36904515,670436480.0,6370969836.24,5367840000.0
2015-07-29,'601599,鹿港科技,18.03,18.03,15.6,16.55,16.39,1.64,10.0061,14.7463,46893112,783643041.0,6805011027.69,5733540000.0
2015-07-28,'601599,鹿港科技,16.39,17.79,16.39,16.39,18.21,-1.82,-9.9945,10.908,34687512,575891901.0,6186030545.97,5212020000.0
2015-07-27,'601599,鹿港科技,18.21,20.94,18.21,19.02,20.23,-2.02,-9.9852,16.869,53643295,1061959267.0,6872947909.83,5790780000.0
2015-07-24,'601599,鹿港科技,20.23,20.23,18.5,19.0,18.39,1.84,10.0054,20.6882,65788627,1290144237.0,7635350698.29,6433140000.0
2015-07-23,'601599,鹿港科技,18.39,18.39,17.5,18.39,16.72,1.67,9.988,9.0661,28830097,529180863.0,6940884791.97,5848020000.0
2015-07-22,'601599,鹿港科技,16.72,16.72,16.72,16.72,15.2,1.52,10.0,1.563,4970388,83104887.0,6310581496.56,5316960000.0
2015-07-21,'601599,鹿港科技,15.2,15.2,15.2,15.2,13.82,1.38,9.9855,0.5003,1591094,24184629.0,5736892269.6,4833600000.0
2015-07-20,'601599,鹿港科技,13.82,13.82,13.82,13.82,12.56,1.26,10.0318,1.0994,3496165,48317000.0,5216042839.86,4394760000.0
2015-07-17,'601599,鹿港科技,12.56,12.56,11.33,11.33,11.42,1.14,9.9825,4.4784,14241415,175147128.0,4740484664.88,3994080000.0
2015-07-16,'601599,鹿港科技,11.42,11.88,10.0,10.32,11.06,0.36,3.255,4.8845,15532657,174786668.0,4310217744.66,3631560000.0
2015-07-15,'601599,鹿港科技,11.06,12.17,11.01,12.17,11.06,0.0,0.0,11.2879,35895524,421891920.0,4174343980.38,3517080000.0
2015-07-14,'601599,鹿港科技,11.06,11.06,11.06,11.06,10.05,1.01,10.0498,0.1765,561329,6208299.0,4174343980.38,3517080000.0
2015-07-13,'601599,鹿港科技,10.05,10.05,10.05,10.05,9.14,0.91,9.9562,0.5648,1796061,18050413.0,3793142586.15,3195900000.0
2015-07-10,'601599,鹿港科技,0.0,0.0,0.0,0.0,9.14,None,None,0.0,0,0.0,3449683904.22,2906520000.0
2015-07-09,'601599,鹿港科技,0.0,0.0,0.0,0.0,9.14,None,None,0.0,0,0.0,3449683904.22,2906520000.0
2015-07-08,'601599,鹿港科技,0.0,0.0,0.0,0.0,9.14,None,None,0.0,0,0.0,3449683904.22,2906520000.0
2015-07-07,'601599,鹿港科技,9.14,9.6,9.14,9.6,10.15,-1.01,-9.9507,1.2866,4091300,37636885.0,3449683904.22,2906520000.0
2015-07-06,'601599,鹿港科技,10.15,12.41,10.15,12.41,11.28,-1.13,-10.0177,4.3682,13890724,151971244.0,3830885298.45,3227700000.0
2015-07-03,'601599,鹿港科技,11.28,12.4,11.28,11.4,12.53,-1.25,-9.9761,3.5907,11418301,131150582.0,4257377947.44,3587040000.0
2015-07-02,'601599,鹿港科技,12.53,13.98,12.53,13.2,13.92,-1.39,-9.9856,4.3789,13924877,180603272.0,4729161851.19,3984540000.0
2015-07-01,'601599,鹿港科技,13.92,16.31,13.62,15.25,15.12,-1.2,-7.9365,5.6497,17966048,276800405.0,5253785552.16,4426560000.0
2015-06-30,'601599,鹿港科技,15.12,16.3,14.25,14.25,15.83,-0.71,-4.4852,7.2727,23127061,343980851.0,5706698099.76,4808160000.0
2015-06-29,'601599,鹿港科技,15.83,17.59,15.83,17.59,17.59,-1.76,-10.0057,1.5572,4951800,79497348.0,5974671357.09,5033940000.0
2015-06-26,'601599,鹿港科技,17.59,18.25,17.59,17.98,19.54,-1.95,-9.9795,3.7264,11850074,209294119.0,6638943093.57,5593620000.0
2015-06-25,'601599,鹿港科技,19.54,22.87,19.54,22.87,21.71,-2.17,-9.9954,10.3071,32776420,682862962.0,7374925983.42,6213720000.0
2015-06-24,'601599,鹿港科技,0.0,0.0,0.0,0.0,21.71,None,None,0.0,0,0.0,8193942840.33,6903780000.0
2015-06-23,'601599,鹿港科技,0.0,0.0,0.0,0.0,21.71,None,None,0.0,0,0.0,8193942840.33,6903780000.0
2015-06-19,'601599,鹿港科技,0.0,0.0,0.0,0.0,21.71,None,None,0.0,0,0.0,8193942840.33,6903780000.0
2015-06-18,'601599,鹿港科技,0.0,0.0,0.0,0.0,21.71,None,None,0.0,0,0.0,8193942840.33,6903780000.0
2015-06-17,'601599,鹿港科技,0.0,0.0,0.0,0.0,21.71,None,None,0.0,0,0.0,8193942840.33,6903780000.0
2015-06-16,'601599,鹿港科技,0.0,0.0,0.0,0.0,21.71,None,None,0.0,0,0.0,8193942840.33,6903780000.0
2015-06-15,'601599,鹿港科技,0.0,0.0,0.0,0.0,21.71,None,None,0.0,0,0.0,8193942840.33,6903780000.0
2015-06-12,'601599,鹿港科技,0.0,0.0,0.0,0.0,21.71,None,None,0.0,0,0.0,8193942840.33,6903780000.0
2015-06-11,'601599,鹿港科技,0.0,0.0,0.0,0.0,21.71,None,None,0.0,0,0.0,8193942840.33,6903780000.0
2015-06-10,'601599,鹿港科技,0.0,0.0,0.0,0.0,21.71,None,None,0.0,0,0.0,8193942840.33,6903780000.0
2015-06-09,'601599,鹿港科技,0.0,0.0,0.0,0.0,21.71,None,None,0.0,0,0.0,8193942840.33,6903780000.0
2015-06-08,'601599,鹿港科技,21.71,22.46,21.57,22.46,22.62,-0.91,-4.023,4.1724,13268159,289892883.0,8193942840.33,6903780000.0
2015-06-05,'601599,鹿港科技,22.62,23.3,21.51,22.57,22.4,0.22,0.9821,3.9974,12711706,288456653.0,8537401522.26,7193160000.0
2015-06-04,'601599,鹿港科技,22.4,23.11,21.0,22.8,22.89,-0.49,-2.1407,3.419,10872307,239185292.0,8454367555.2,7123200000.0
2015-06-03,'601599,鹿港科技,22.89,23.88,22.38,22.63,22.58,0.31,1.3729,5.2273,16622777,383868017.0,8639306845.47,7279020000.0
2015-06-02,'601599,鹿港科技,22.58,22.58,20.04,20.49,20.53,2.05,9.9854,6.7191,21366811,464190927.0,8522304437.34,7180440000.0
2015-06-01,'601599,鹿港科技,20.53,20.9,20.05,20.05,19.85,0.68,3.4257,3.2412,10307029,211618824.0,7748578835.19,6528540000.0
2015-05-29,'601599,鹿港科技,19.85,20.33,18.03,18.66,18.77,1.08,5.7539,4.7089,14974318,290663490.0,7491928391.55,6312300000.0
2015-05-28,'601599,鹿港科技,18.77,20.56,18.68,20.33,20.38,-1.61,-7.8999,4.0528,12887997,255902709.0,7084307098.71,5968860000.0
2015-05-27,'601599,鹿港科技,20.38,21.17,20.18,21.17,21.07,-0.69,-3.2748,3.8878,12363077,253685303.0,7691964766.74,6480840000.0
2015-05-26,'601599,鹿港科技,21.07,21.4,20.8,21.0,21.0,0.07,0.3333,3.1479,10010302,210583092.0,7952389481.61,6700260000.0
2015-05-25,'601599,鹿港科技,21.0,21.3,20.3,20.5,20.7,0.3,1.4493,4.9797,15835384,332466294.0,7925969583.0,6678000000.0
2015-05-22,'601599,鹿港科技,20.7,21.07,19.5,20.22,20.16,0.54,2.6786,3.6001,11448251,233999470.0,7812741446.1,6582600000.0
2015-05-21,'601599,鹿港科技,20.16,20.3,19.01,19.34,18.88,1.28,6.7797,3.7961,12071613,238703171.0,7608930799.68,6410880000.0
2015-05-20,'601599,鹿港科技,18.88,19.5,18.0,18.13,18.11,0.77,4.2518,3.3614,10689129,202456880.0,7125824082.24,6003840000.0
2015-05-19,'601599,鹿港科技,18.11,18.65,17.2,17.51,17.58,0.53,3.0148,2.7477,8737696,156762166.0,6835205197.53,5758980000.0
2015-05-18,'601599,鹿港科技,17.58,18.53,17.5,18.53,18.58,-1.0,-5.3821,5.4351,17283469,310167037.0,6635168822.34,5590440000.0
