2016-02-05,'601607,上海医药,15.69,15.85,15.51,15.54,15.56,0.13,0.8355,0.4898,9419484,147975936.0,42189006341.2,30170850432.4
2016-02-04,'601607,上海医药,15.56,15.67,15.35,15.35,15.33,0.23,1.5003,0.3605,6932032,107626571.0,41839447971.3,29920868880.1
2016-02-03,'601607,上海医药,15.33,15.42,15.12,15.33,15.51,-0.18,-1.1605,0.2581,4962957,75755777.0,41220998547.5,29478593825.9
2016-02-02,'601607,上海医药,15.51,15.62,15.16,15.21,15.21,0.3,1.9724,0.4461,8578500,132655535.0,41705002444.4,29824722129.2
2016-02-01,'601607,上海医药,15.21,15.59,15.0,15.54,15.62,-0.41,-2.6248,0.4025,7739514,118131788.0,40898329283.0,29247841623.8
2016-01-29,'601607,上海医药,15.62,15.69,15.1,15.1,15.2,0.42,2.7632,0.5453,10485223,161830300.0,42000782603.6,30036244981.2
2016-01-28,'601607,上海医药,15.2,15.76,14.87,15.11,15.33,-0.13,-0.848,0.5418,10418602,159148776.0,40871440177.6,29228612273.6
2016-01-27,'601607,上海医药,15.33,15.48,14.66,15.31,15.29,0.04,0.2616,0.5748,11053669,166279474.0,41220998547.5,29478593825.9
2016-01-26,'601607,上海医药,15.29,16.37,15.1,16.3,16.48,-1.19,-7.2209,0.5954,11448513,180443535.0,41113442126.0,29401676425.2
2016-01-25,'601607,上海医药,16.48,16.8,16.25,16.65,16.59,-0.11,-0.6631,0.3368,6475533,107223216.0,44313245666.2,31689969096.6
2016-01-22,'601607,上海医药,16.59,16.75,16.1,16.52,16.35,0.24,1.4679,0.3523,6773956,111749055.0,44609025825.4,31901491948.6
2016-01-21,'601607,上海医药,16.35,16.95,16.34,16.57,16.69,-0.34,-2.0371,0.4073,7832356,130457807.0,43963687296.3,31439987544.3
2016-01-20,'601607,上海医药,16.69,17.09,16.51,16.95,16.95,-0.26,-1.5339,0.4654,8948558,150507323.0,44877916879.2,32093785450.4
2016-01-19,'601607,上海医药,16.95,16.98,16.35,16.42,16.45,0.5,3.0395,0.432,8306176,138792704.0,45577033619.1,32593748555.1
2016-01-18,'601607,上海医药,16.45,16.55,15.86,16.0,16.24,0.21,1.2931,0.3564,6853791,111787449.0,44232578350.1,31632281046.1
2016-01-15,'601607,上海医药,16.24,16.7,16.05,16.68,16.75,-0.51,-3.0448,0.4399,8458104,138522825.0,43667907137.1,31228464692.3
2016-01-14,'601607,上海医药,16.75,16.8,15.89,16.0,16.37,0.38,2.3213,0.8052,15484338,253352164.0,45039251511.5,32209161551.5
2016-01-13,'601607,上海医药,16.37,17.3,16.19,17.2,17.04,-0.67,-3.9319,0.6931,13327060,223009304.0,44017465507.1,31478446244.7
2016-01-12,'601607,上海医药,17.04,17.33,16.81,17.09,16.85,0.19,1.1276,0.4178,8034506,137570636.0,45819035567.5,32766812706.7
2016-01-11,'601607,上海医药,16.85,18.29,16.8,18.0,18.25,-1.4,-7.6712,0.6985,13430869,237046236.0,45308142565.3,32401455053.3
2016-01-08,'601607,上海医药,18.25,18.58,17.68,18.34,18.0,0.25,1.3889,0.7876,15144923,277278893.0,49072617318.5,35093564078.5
2016-01-07,'601607,上海医药,18.0,18.65,17.91,18.65,18.93,-0.93,-4.9128,0.191,3673391,66565599.0,48400389684.0,34612830324.0
2016-01-06,'601607,上海医药,18.93,18.96,18.5,18.61,18.78,0.15,0.7987,0.5702,10964564,205620594.0,50901076484.3,36401159890.7
2016-01-05,'601607,上海医药,18.78,18.85,17.8,18.01,18.32,0.46,2.5109,1.2822,24655252,451743136.0,50497739903.6,36112719638.0
2016-01-04,'601607,上海医药,18.32,20.08,18.3,20.02,19.91,-1.59,-7.9859,0.623,11979093,231530077.0,49260841056.2,35228169529.8
2015-12-31,'601607,上海医药,19.91,20.17,19.77,19.83,19.75,0.16,0.8101,0.7648,14706770,294676621.0,53536208811.6,38285636208.4
2015-12-30,'601607,上海医药,19.75,19.83,19.54,19.58,19.54,0.21,1.0747,0.4156,7992093,157513943.0,53105983125.5,37977966605.5
2015-12-29,'601607,上海医药,19.54,19.59,19.21,19.35,19.32,0.22,1.1387,0.3954,7603314,147328875.0,52541311912.5,37574150251.7
2015-12-28,'601607,上海医药,19.32,19.98,19.3,19.93,19.86,-0.54,-2.719,0.6152,11829250,233070289.0,51949751594.2,37151104547.8
2015-12-25,'601607,上海医药,19.86,19.89,19.69,19.83,19.7,0.16,0.8122,0.3317,6379054,126233650.0,53401763284.7,38189489457.5
2015-12-24,'601607,上海医药,19.7,20.17,19.52,20.0,20.08,-0.38,-1.8924,0.4881,9385724,185319994.0,52971537598.6,37881819854.6
2015-12-23,'601607,上海医药,20.08,20.46,19.98,20.0,19.96,0.12,0.6012,0.9662,18579078,375221145.0,53993323603.0,38612535161.4
2015-12-22,'601607,上海医药,19.96,20.23,19.73,20.05,20.05,-0.09,-0.4489,0.63,12114875,241652373.0,53670654338.5,38381782959.3
2015-12-21,'601607,上海医药,20.05,20.27,19.12,19.19,19.24,0.81,4.21,1.858,35727373,713001590.0,53912656286.9,38554847110.9
2015-12-18,'601607,上海医药,19.24,19.31,18.91,18.98,19.04,0.2,1.0504,0.8956,17221331,330469216.0,51734638751.1,36997269746.3
2015-12-17,'601607,上海医药,19.04,19.09,18.76,18.77,18.67,0.37,1.9818,0.8277,15916108,301745184.0,51196856643.5,36612682742.7
2015-12-16,'601607,上海医药,18.67,18.92,18.64,18.79,18.75,-0.08,-0.4267,0.557,10710855,201248468.0,50201959744.5,35901196786.1
2015-12-15,'601607,上海医药,18.75,18.94,18.62,18.81,18.82,-0.07,-0.3719,0.6688,12861346,241496028.0,50417072587.5,36055031587.5
2015-12-14,'601607,上海医药,18.82,18.86,18.34,18.47,18.54,0.28,1.5102,0.7367,14167027,263636234.0,50605296325.2,36189637038.8
2015-12-11,'601607,上海医药,18.54,18.65,18.32,18.65,18.65,-0.11,-0.5898,0.4145,7970829,147062920.0,49852401374.5,35651215233.7
2015-12-10,'601607,上海医药,18.65,18.78,18.52,18.58,18.61,0.04,0.2149,0.4116,7914129,147568401.0,50148181533.7,35862738085.7
2015-12-09,'601607,上海医药,18.61,18.87,18.38,18.39,18.49,0.12,0.649,0.6248,12013749,224295871.0,50040625112.2,35785820685.0
2015-12-08,'601607,上海医药,18.49,19.01,18.42,18.98,19.22,-0.73,-3.7981,0.7705,14817048,278038133.0,49717955847.6,35555068482.8
2015-12-07,'601607,上海医药,19.22,19.4,18.91,18.98,18.97,0.25,1.3179,0.4827,9281828,178283028.0,51680860540.4,36958811046.0
2015-12-04,'601607,上海医药,18.97,19.33,18.93,19.3,19.43,-0.46,-2.3675,0.5167,9935773,189868451.0,51008632905.9,36478077291.5
2015-12-03,'601607,上海医药,19.43,19.51,19.12,19.3,19.35,0.08,0.4134,0.4833,9293600,179670502.0,52245531753.3,37362627399.7
2015-12-02,'601607,上海医药,19.35,19.45,18.59,18.7,18.75,0.6,3.2,0.818,15729833,299474891.0,52030418910.3,37208792598.3
2015-12-01,'601607,上海医药,18.75,18.88,18.43,18.63,18.66,0.09,0.4823,0.8828,16976138,315348082.0,50417072587.5,36055031587.5
2015-11-30,'601607,上海医药,18.66,19.19,18.31,18.94,18.83,-0.17,-0.9028,1.2877,24761372,462634111.0,50175070639.1,35881967435.9
2015-11-27,'601607,上海医药,18.83,19.8,18.71,19.8,19.87,-1.04,-5.234,0.8541,16424685,317107709.0,50632185430.5,36208866388.9
2015-11-26,'601607,上海医药,19.87,20.15,19.85,20.08,20.02,-0.15,-0.7493,0.5447,10474195,209211964.0,53428652390.1,38208718807.7
2015-11-25,'601607,上海医药,20.02,20.05,19.61,19.75,19.8,0.22,1.1111,0.6378,12265272,243904373.0,53831988970.8,38497159060.4
2015-11-24,'601607,上海医药,19.8,19.97,19.52,19.82,19.9,-0.1,-0.5025,0.6295,12104475,238058029.0,53240428652.4,38074113356.4
2015-11-23,'601607,上海医药,19.9,20.26,19.86,20.14,20.17,-0.27,-1.3386,0.6241,12000612,240156854.0,53509319706.2,38266406858.2
2015-11-20,'601607,上海医药,20.17,20.33,20.06,20.29,20.28,-0.11,-0.5424,0.4976,9568198,192936111.0,54235325551.5,38785599313.1
2015-11-19,'601607,上海医药,20.28,20.29,19.82,20.02,20.11,0.17,0.8454,0.5598,10764835,215887676.0,54531105710.6,38997122165.0
2015-11-18,'601607,上海医药,20.11,20.51,19.91,19.98,19.9,0.21,1.0553,0.8624,16584299,335228597.0,54073990919.2,38670223212.0
2015-11-17,'601607,上海医药,19.9,20.45,19.88,19.95,19.87,0.03,0.151,0.8438,16226442,327480443.0,53509319706.2,38266406858.2
2015-11-16,'601607,上海医药,19.87,19.88,19.5,19.59,19.8,0.07,0.3535,0.6732,12945494,255131944.0,53428652390.1,38208718807.7
2015-11-13,'601607,上海医药,19.8,20.14,19.76,20.02,20.23,-0.43,-2.1256,0.8141,15655502,311808752.0,53240428652.4,38074113356.4
2015-11-12,'601607,上海医药,20.23,20.61,20.15,20.55,20.48,-0.25,-1.2207,0.6997,13455337,273337587.0,54396660183.7,38900975414.1
2015-11-11,'601607,上海医药,20.48,20.55,20.06,20.48,20.54,-0.06,-0.2921,0.8948,17206239,350060387.0,55068887818.2,39381709168.6
2015-11-10,'601607,上海医药,20.54,20.95,20.12,20.2,20.32,0.22,1.0827,1.5416,29643817,610273801.0,55230222450.5,39497085269.7
2015-11-09,'601607,上海医药,20.32,20.68,19.99,19.99,20.18,0.14,0.6938,1.6442,31616688,644147041.0,54638662132.2,39074039565.8
2015-11-06,'601607,上海医药,20.18,20.2,19.63,19.73,19.7,0.48,2.4365,1.6052,30867810,616886827.0,54262214656.8,38804828663.2
2015-11-05,'601607,上海医药,19.7,20.28,19.42,19.5,19.48,0.22,1.1294,2.4254,46638070,925106698.0,52971537598.6,37881819854.6
2015-11-04,'601607,上海医药,19.48,19.5,18.73,18.73,18.63,0.85,4.5625,1.2171,23403268,449695841.0,52379977280.2,37458774150.6
2015-11-03,'601607,上海医药,18.63,19.07,18.5,18.94,18.83,-0.2,-1.0621,0.71,13653772,256718185.0,50094403322.9,35824279385.3
2015-11-02,'601607,上海医药,18.83,19.46,18.81,19.05,19.37,-0.54,-2.7878,0.8246,15857249,304507865.0,50632185430.5,36208866388.9
2015-10-30,'601607,上海医药,19.37,19.54,19.0,19.23,19.23,0.14,0.728,1.0785,20739153,401372378.0,52084197121.1,37247251298.7
2015-10-29,'601607,上海医药,19.23,19.5,19.03,19.31,19.12,0.11,0.5753,0.5371,10328959,198678677.0,51707749645.7,36978040396.1
2015-10-28,'601607,上海医药,19.12,19.69,19.05,19.2,19.32,-0.2,-1.0352,1.0659,20495945,397309205.0,51411969486.6,36766517544.2
2015-10-27,'601607,上海医药,19.32,19.67,18.8,19.45,19.69,-0.37,-1.8791,1.0349,19899972,381930427.0,51949751594.2,37151104547.8
2015-10-26,'601607,上海医药,19.69,20.18,19.61,20.15,19.94,-0.25,-1.2538,1.2051,23172928,458835101.0,52944648493.2,37862590504.4
2015-10-23,'601607,上海医药,19.94,20.25,19.71,19.75,19.5,0.44,2.2564,1.5092,29020311,579810289.0,53616876127.7,38343324258.9
2015-10-22,'601607,上海医药,19.5,19.58,18.58,18.58,18.71,0.79,4.2223,0.9479,18227186,348764288.0,52433755491.0,37497232851.0
2015-10-21,'601607,上海医药,18.71,20.22,18.62,19.5,19.36,-0.65,-3.3574,1.7477,33607202,659459626.0,50309516166.0,35978114186.8
2015-10-20,'601607,上海医药,19.36,19.45,19.05,19.17,19.15,0.21,1.0966,0.7765,14930656,287392776.0,52057308015.7,37228021948.5
2015-10-19,'601607,上海医药,19.15,19.56,19.03,19.53,19.46,-0.31,-1.593,0.914,17575764,338748338.0,51492636802.7,36824205594.7
2015-10-16,'601607,上海医药,19.46,19.5,19.0,19.28,19.25,0.21,1.0909,1.1624,22351931,430744866.0,52326199069.5,37420315450.3
2015-10-15,'601607,上海医药,19.25,19.32,18.73,18.8,18.82,0.43,2.2848,0.8095,15565871,296809320.0,51761527856.5,37016499096.5
2015-10-14,'601607,上海医药,18.82,19.07,18.78,18.96,18.97,-0.15,-0.7907,0.7564,14544984,275198149.0,50605296325.2,36189637038.8
2015-10-13,'601607,上海医药,18.97,19.02,18.7,18.89,19.07,-0.1,-0.5244,0.8903,17120080,323396737.0,51008632905.9,36478077291.5
2015-10-12,'601607,上海医药,19.07,19.45,18.66,18.67,18.63,0.44,2.3618,1.5011,28865581,548304772.0,51277523959.7,36670370793.3
2015-10-09,'601607,上海医药,18.63,18.85,18.42,18.52,18.64,-0.01,-0.0536,0.7747,14896870,278223872.0,50094403322.9,35824279385.3
2015-10-08,'601607,上海医药,18.64,18.84,18.4,18.4,17.44,1.2,6.8807,0.9628,18514595,343813038.0,50121292428.3,35843508735.5
2015-09-30,'601607,上海医药,17.44,17.62,17.39,17.45,17.4,0.04,0.2299,0.2454,4719303,82630359.0,46894599782.7,33535986713.9
2015-09-29,'601607,上海医药,17.4,17.47,17.3,17.35,17.67,-0.27,-1.528,0.3296,6337174,110192654.0,46787043361.2,33459069313.2
2015-09-28,'601607,上海医药,17.67,17.7,17.4,17.66,17.66,0.01,0.0566,0.4462,8579704,150396979.0,47513049206.5,33978261768.1
2015-09-25,'601607,上海医药,17.66,18.24,17.61,17.95,18.03,-0.37,-2.0521,0.395,7595487,135668200.0,47486160101.1,33959032417.9
2015-09-24,'601607,上海医药,18.03,18.2,17.88,18.0,17.99,0.04,0.2223,0.4294,8256495,148705250.0,48481057000.1,34670518374.5
2015-09-23,'601607,上海医药,17.99,18.38,17.9,18.26,18.6,-0.61,-3.2796,0.4003,7698403,139725107.0,48373500578.6,34593600973.8
2015-09-22,'601607,上海医药,18.6,18.8,18.44,18.55,18.53,0.07,0.3778,0.5324,10237317,190678997.0,50013736006.8,35766591334.8
2015-09-21,'601607,上海医药,18.53,18.59,17.85,18.0,18.23,0.3,1.6456,0.5317,10224435,187873940.0,49825512269.1,35631985883.5
2015-09-18,'601607,上海医药,18.23,18.37,17.8,18.13,18.04,0.19,1.0532,0.5324,10237373,185211821.0,49018839107.7,35055105378.1
2015-09-17,'601607,上海医药,18.04,18.93,18.01,18.51,18.79,-0.75,-3.9915,1.0138,19494299,361169209.0,48507946105.5,34689747724.7
2015-09-16,'601607,上海医药,18.79,19.17,17.2,17.5,17.48,1.31,7.4943,1.0614,20410349,367095564.0,50524629009.0,36131948988.2
2015-09-15,'601607,上海医药,17.48,18.74,17.26,18.71,19.18,-1.7,-8.8634,1.0102,19425664,346323330.0,47002156204.2,33612904114.6
2015-09-14,'601607,上海医药,19.18,19.49,18.55,19.12,18.77,0.41,2.1843,1.6831,32365114,616368770.0,51573304118.8,36881893645.2
2015-09-11,'601607,上海医药,18.77,18.95,18.47,18.73,18.84,-0.07,-0.3715,0.4819,9266409,173284077.0,50470850798.3,36093490287.9
2015-09-10,'601607,上海医药,18.84,19.19,18.72,19.0,19.3,-0.46,-2.3834,0.5739,11036313,209115056.0,50659074535.9,36228095739.1
2015-09-09,'601607,上海医药,19.3,19.62,18.89,19.1,19.06,0.24,1.2592,1.0313,19830985,382918813.0,51895973383.4,37112645847.4
2015-09-08,'601607,上海医药,19.06,19.19,18.08,18.3,18.4,0.66,3.587,0.67,12884104,240545139.0,51250634854.3,36651141443.1
2015-09-07,'601607,上海医药,18.4,19.68,18.24,19.12,19.05,-0.65,-3.4121,0.9357,17992053,340870775.0,49475953899.2,35382004331.2
2015-09-02,'601607,上海医药,19.05,19.28,17.93,18.05,18.75,0.3,1.6,2.3136,44489302,835509390.0,51223745748.9,36631912092.9
2015-09-01,'601607,上海医药,18.75,18.77,17.51,18.31,18.74,0.01,0.0534,1.6248,31243792,570611958.0,50417072587.5,36055031587.5
2015-08-31,'601607,上海医药,18.74,18.76,17.9,18.4,18.86,-0.12,-0.6363,1.1324,21775719,399365270.0,50390183482.1,36035802237.3
2015-08-28,'601607,上海医药,18.86,18.88,18.04,18.04,17.88,0.98,5.481,1.6015,30796412,565313669.0,50712852746.7,36266554439.5
2015-08-27,'601607,上海医药,17.88,17.91,16.86,17.2,16.72,1.16,6.9378,1.2776,24567696,425185797.0,48077720419.4,34382078121.8
2015-08-26,'601607,上海医药,16.72,17.52,16.36,17.0,16.28,0.44,2.7027,1.8433,35446253,599447663.0,44958584195.4,32151473501.0
2015-08-25,'601607,上海医药,16.28,18.04,16.18,17.08,17.98,-1.7,-9.4549,2.0072,38597664,654526397.0,43775463558.6,31305382093.0
2015-08-24,'601607,上海医药,17.98,19.26,17.96,19.0,19.95,-1.97,-9.8747,2.1215,40795479,739046598.0,48346611473.2,34574371623.6
2015-08-21,'601607,上海医药,19.95,21.25,19.88,21.01,21.26,-1.31,-6.1618,1.4107,27127569,552708616.0,53643765233.1,38362553609.1
2015-08-20,'601607,上海医药,21.26,22.12,21.18,21.51,21.79,-0.53,-2.4323,1.4162,27233048,590964999.0,57166238037.9,40881598482.7
2015-08-19,'601607,上海医药,21.79,21.88,20.41,20.65,21.04,0.75,3.5646,1.7533,33714390,713776097.0,58591360623.0,41900754042.2
2015-08-18,'601607,上海医药,21.04,23.22,21.0,23.2,23.27,-2.23,-9.5832,2.3762,45692133,1011724671.0,56574677719.5,40458552778.7
2015-08-17,'601607,上海医药,23.27,23.29,21.83,22.1,22.32,0.95,4.2563,2.0642,39693812,898570963.0,62570948219.3,44746697868.9
2015-08-14,'601607,上海医药,22.32,22.56,22.09,22.45,22.32,0.0,0.0,1.4217,27338306,610699316.0,60016483208.2,42919909601.8
2015-08-13,'601607,上海医药,22.32,22.42,21.53,21.53,21.68,0.64,2.952,1.6289,31323600,693301911.0,60016483208.2,42919909601.8
2015-08-12,'601607,上海医药,21.68,22.36,21.5,21.85,22.06,-0.38,-1.7226,1.4661,28192135,620246901.0,58295580463.8,41689231190.2
2015-08-11,'601607,上海医药,22.06,22.57,21.92,22.3,22.36,-0.3,-1.3417,1.5606,30008380,666982352.0,59317366468.3,42419946497.1
2015-08-10,'601607,上海医药,22.36,22.52,21.45,21.58,21.49,0.87,4.0484,1.7975,34564592,762284798.0,60124039629.7,42996827002.5
2015-08-07,'601607,上海医药,21.49,21.82,21.31,21.35,21.18,0.31,1.4636,1.0649,20477817,441644948.0,57784687461.6,41323873536.8
2015-08-06,'601607,上海医药,21.18,21.57,20.82,21.0,21.28,-0.1,-0.4699,0.642,12345504,263125238.0,56951125194.8,40727763681.2
2015-08-05,'601607,上海医药,21.28,21.99,21.21,21.75,21.92,-0.64,-2.9197,1.0247,19703988,425883163.0,57220016248.6,40920057183.0
2015-08-04,'601607,上海医药,21.92,21.95,20.71,21.18,21.25,0.67,3.1529,1.6941,32576573,698513240.0,58940918993.0,42150735594.6
2015-08-03,'601607,上海医药,21.25,21.28,19.9,20.43,20.44,0.81,3.9628,2.4735,47563981,980555378.0,57139348932.5,40862369132.5
2015-07-31,'601607,上海医药,20.44,20.48,19.52,19.57,19.92,0.52,2.6104,1.2618,24263368,486575447.0,54961331396.7,39304791767.9
2015-07-30,'601607,上海医药,19.92,21.0,19.69,20.61,20.65,-0.73,-3.5351,1.7507,33664854,692188990.0,53563097917.0,38304865558.6
2015-07-29,'601607,上海医药,20.65,20.74,19.26,19.67,19.61,1.04,5.3034,1.6959,32611504,647003042.0,55526002609.7,39708608121.7
2015-07-28,'601607,上海医药,19.61,20.22,17.9,19.07,19.46,0.15,0.7708,3.2772,63018446,1197400128.0,52729535650.2,37708755703.0
2015-07-27,'601607,上海医药,19.46,21.47,19.46,21.1,21.62,-2.16,-9.9907,2.3407,45009745,929358723.0,52326199069.5,37420315450.3
2015-07-24,'601607,上海医药,21.62,22.75,20.9,22.52,22.49,-0.87,-3.8684,2.5114,48293025,1076057791.0,58134245831.6,41573855089.2
2015-07-23,'601607,上海医药,22.49,22.7,21.86,21.86,22.03,0.46,2.0881,2.6057,50106340,1117834040.0,60473597999.6,43246808554.8
2015-07-22,'601607,上海医药,22.03,22.16,21.24,22.0,22.16,-0.13,-0.5866,2.2628,43511970,946480054.0,59236699152.1,42362258446.5
2015-07-21,'601607,上海医药,22.16,22.53,21.2,21.55,21.6,0.56,2.5926,2.0813,40022594,877617289.0,59586257522.1,42612239998.9
2015-07-20,'601607,上海医药,21.6,22.29,21.14,21.8,21.8,-0.2,-0.9174,2.0684,39774637,864679862.0,58080467620.8,41535396388.8
2015-07-17,'601607,上海医药,21.8,21.99,20.49,20.62,20.48,1.32,6.4453,1.899,36516971,781771364.0,58618249728.4,41919983392.4
2015-07-16,'601607,上海医药,20.48,20.86,18.66,19.44,19.44,1.04,5.3498,2.1248,40858742,823439345.0,55068887818.2,39381709168.6
2015-07-15,'601607,上海医药,19.44,21.24,19.3,21.01,21.41,-1.97,-9.2013,2.5394,48830950,985872704.0,52272420858.7,37381856749.9
2015-07-14,'601607,上海医药,21.41,22.87,20.88,21.0,21.79,-0.38,-1.7439,4.0683,78231109,1713182974.0,57569574618.6,41170038735.4
2015-07-13,'601607,上海医药,21.79,21.79,20.33,20.94,19.81,1.98,9.995,4.7024,90423985,1931363199.0,58591360623.0,41900754042.2
2015-07-10,'601607,上海医药,19.81,19.81,18.78,19.38,18.01,1.8,9.9944,1.3502,25963769,508051047.0,53267317757.8,38093342706.6
2015-07-09,'601607,上海医药,18.01,18.01,15.88,16.37,16.37,1.64,10.0183,3.41,65572749,1136394949.0,48427278789.4,34632059674.2
2015-07-08,'601607,上海医药,16.37,16.9,16.37,16.37,18.19,-1.82,-10.0055,4.3318,83297812,1368268340.0,44017465507.1,31478446244.7
2015-07-07,'601607,上海医药,18.19,18.75,16.55,17.81,18.36,-0.17,-0.9259,4.4453,85480979,1521029918.0,48911282686.2,34978187977.4
2015-07-06,'601607,上海医药,18.36,19.4,16.91,19.4,17.64,0.72,4.0816,3.9548,76048075,1389861069.0,49368397477.7,35305086930.5
2015-07-03,'601607,上海医药,17.64,20.4,17.57,19.52,19.52,-1.88,-9.6311,3.2316,62141615,1162151033.0,47432381890.3,33920573717.5
2015-07-02,'601607,上海医药,19.52,21.28,18.81,21.0,20.89,-1.37,-6.5582,2.3915,45987677,925098741.0,52487533701.8,37535691551.4
2015-07-01,'601607,上海医药,20.89,22.87,20.81,22.28,22.27,-1.38,-6.1967,2.2002,42308836,937452026.0,56171341138.8,40170112526.0
2015-06-30,'601607,上海医药,22.27,22.31,19.01,20.7,20.73,1.54,7.4288,2.6245,50466510,1057431738.0,59882037681.3,42823762850.9
2015-06-29,'601607,上海医药,20.73,23.08,20.13,23.0,22.37,-1.64,-7.3312,2.8505,54813610,1167328459.0,55741115452.7,39862442923.1
2015-06-26,'601607,上海医药,22.37,24.3,22.37,24.3,24.85,-2.48,-9.9799,2.0164,38774990,895011312.0,60150928735.1,43016056352.7
2015-06-25,'601607,上海医药,24.85,26.13,24.45,26.13,26.03,-1.18,-4.5332,1.7225,33123107,842395240.0,66819426869.3,47784935197.3
2015-06-24,'601607,上海医药,26.03,26.26,25.31,25.8,25.56,0.47,1.8388,1.8745,36044727,931553910.0,69992341304.1,50053998518.5
2015-06-23,'601607,上海医药,25.56,25.65,23.25,25.0,25.26,0.3,1.1876,1.9712,37905284,932355903.0,68728553351.3,49150219060.1
2015-06-19,'601607,XD上海医,25.26,27.12,25.05,26.52,27.13,-1.87,-6.8927,1.5501,29807711,784029061.0,67921880189.9,48573338554.7
2015-06-18,'601607,上海医药,27.42,28.5,27.08,28.06,28.18,-0.76,-2.6969,2.0536,39489338,1094635360.0,73729926952.0,52726878193.6
2015-06-17,'601607,上海医药,28.18,28.2,26.69,28.0,27.92,0.26,0.9312,1.973,37939490,1041034268.0,75773498960.8,54188308807.2
2015-06-16,'601607,上海医药,27.92,28.96,27.51,28.96,28.96,-1.04,-3.5912,1.9712,37905047,1067408384.0,75074382221.0,53688345702.6
2015-06-15,'601607,上海医药,28.96,30.29,28.8,30.11,29.93,-0.97,-3.2409,2.6936,51795630,1522207475.0,77870849180.5,55688198121.3
2015-06-12,'601607,上海医药,29.93,30.15,29.2,29.32,29.19,0.74,2.5351,3.6199,69607389,2068799019.0,80479092402.3,57553445088.7
2015-06-11,'601607,上海医药,29.19,29.69,28.85,29.61,29.58,-0.39,-1.3185,2.6463,50886759,1482939944.0,78489298604.2,56130473175.4
2015-06-10,'601607,上海医药,29.58,29.98,28.5,29.0,29.23,0.35,1.1974,2.7758,53376683,1575471312.0,79537973714.0,56880417832.4
2015-06-09,'601607,上海医药,29.23,30.3,28.9,30.2,30.07,-0.84,-2.7935,2.9577,56873790,1676429964.0,78596855025.7,56207390576.1
2015-06-08,'601607,上海医药,30.07,30.25,28.59,28.76,28.73,1.34,4.6641,4.6601,89610062,2657273647.0,80855539877.7,57822655991.3
2015-06-05,'601607,上海医药,28.73,29.3,28.3,28.42,28.08,0.65,2.3148,2.9274,56292777,1617006132.0,77252399756.7,55245923067.1
2015-06-04,'601607,上海医药,28.08,28.68,26.68,28.61,28.66,-0.58,-2.0237,2.5793,49598739,1371082228.0,75504607907.0,53996015305.4
2015-06-03,'601607,上海医药,28.66,29.56,28.21,29.39,29.24,-0.58,-1.9836,2.5787,49586576,1424003325.0,77064176019.1,55111317615.9
2015-06-02,'601607,上海医药,29.24,29.46,28.55,29.02,28.82,0.42,1.4573,2.9863,57425496,1665275416.0,78623744131.1,56226619926.3
2015-06-01,'601607,上海医药,28.82,29.5,27.6,27.7,26.97,1.85,6.8595,2.9622,56960973,1629865664.0,77494401705.2,55418987218.8
2015-05-29,'601607,上海医药,26.97,27.85,25.7,27.11,27.21,-0.24,-0.882,3.0291,58247112,1572389098.0,72519917209.9,51861557435.5
2015-05-28,'601607,上海医药,27.21,30.0,27.18,30.0,30.16,-2.95,-9.7812,3.7162,71460086,2065988837.0,73165255739.0,52323061839.8
2015-05-27,'601607,上海医药,30.16,31.07,29.71,31.07,31.08,-0.92,-2.9601,4.1596,79986762,2408077194.0,81097541826.1,57995720142.9
2015-05-26,'601607,上海医药,31.08,31.25,30.21,31.0,30.75,0.33,1.0732,3.6857,70874529,2181785564.0,83571339521.0,59764820359.4
2015-05-25,'601607,上海医药,30.75,31.26,29.56,29.56,29.52,1.23,4.1667,3.757,72244512,2222365623.0,82683999043.5,59130251803.5
2015-05-22,'601607,上海医药,29.52,29.79,28.67,29.3,29.1,0.42,1.4433,3.642,70033024,2048286347.0,79376639081.8,56765041731.4
2015-05-21,'601607,上海医药,29.1,29.46,28.66,29.28,29.08,0.02,0.0688,3.1317,60220006,1746606132.0,78247296655.8,55957409023.8
2015-05-20,'601607,上海医药,29.08,30.17,28.79,29.35,29.23,-0.15,-0.5132,3.959,76128049,2242489335.0,78193518445.0,55918950323.4
2015-05-19,'601607,上海医药,29.23,29.26,27.85,29.15,29.27,-0.04,-0.1367,4.2863,82422369,2353823378.0,78596855025.7,56207390576.1
2015-05-18,'601607,上海医药,29.27,32.1,29.2,31.1,31.05,-1.78,-5.7327,6.3659,122413069,3680640964.0,78704411447.3,56284307976.9
2015-05-15,'601607,上海医药,31.05,31.59,28.71,29.5,29.39,1.66,5.6482,4.374,84109163,2539851822.0,83490672204.9,59707132308.9
2015-05-14,'601607,上海医药,29.39,29.9,28.1,28.1,27.9,1.49,5.3405,3.2889,63243883,1845603652.0,79027080711.8,56515060179.0
2015-05-13,'601607,上海医药,27.9,28.67,27.51,28.0,27.9,0.0,0.0,2.9836,57372163,1612509217.0,75020604010.2,53649887002.2
2015-05-12,'601607,上海医药,27.9,28.35,25.9,25.9,25.9,2.0,7.722,3.6366,69929327,1908817226.0,75020604010.2,53649887002.2
2015-05-11,'601607,上海医药,25.9,25.9,25.01,25.36,24.91,0.99,3.9743,2.0698,39800441,1016925333.0,69642782934.2,49804016966.2
2015-05-08,'601607,上海医药,24.91,24.98,24.1,24.1,24.0,0.91,3.7917,1.6224,31197302,767636150.0,66980761501.6,47900311298.4
2015-05-07,'601607,上海医药,24.0,24.6,23.81,24.56,24.61,-0.61,-2.4787,1.2894,24793621,597922535.0,64533852912.0,46150440432.0
2015-05-06,'601607,上海医药,24.61,25.82,24.5,25.55,25.34,-0.73,-2.8808,1.3426,25817093,653358433.0,66174088340.2,47323430793.0
2015-05-05,'601607,上海医药,25.34,26.49,25.04,26.41,26.28,-0.94,-3.5769,2.0072,38597956,983732039.0,68136993032.9,48727173356.1
2015-05-04,'601607,上海医药,26.28,26.52,25.89,26.52,26.52,-0.24,-0.905,1.5707,30204353,787429869.0,70664568938.6,50534732273.0
2015-04-30,'601607,上海医药,26.52,27.79,26.44,27.6,27.04,-0.52,-1.9231,1.7723,34080842,923258984.0,71309907467.8,50996236677.4
2015-04-29,'601607,上海医药,27.04,27.16,26.0,26.15,26.16,0.88,3.3639,1.911,36747488,973786012.0,72708140947.5,51996162886.7
2015-04-28,'601607,上海医药,26.16,27.35,25.9,27.35,27.36,-1.2,-4.386,2.0799,39995839,1056669918.0,70341899674.1,50303980070.9
2015-04-27,'601607,上海医药,27.36,28.51,27.24,28.0,27.24,0.12,0.4405,2.7944,53734788,1492277065.0,73568592319.7,52611502092.5
2015-04-24,'601607,上海医药,27.24,27.29,25.43,25.84,26.19,1.05,4.0092,3.3626,64660366,1715707484.0,73245923055.1,52380749890.3
2015-04-23,'601607,上海医药,26.19,26.49,25.2,25.65,25.59,0.6,2.3447,2.7273,52444240,1356621683.0,70422566990.2,50361668121.4
2015-04-22,'601607,上海医药,25.59,25.85,25.15,25.15,25.25,0.34,1.3465,1.8062,34731519,888884242.0,68809220667.4,49207907110.6
2015-04-21,'601607,上海医药,25.25,25.3,24.35,24.4,24.52,0.73,2.9772,1.7552,33751833,845107009.0,67894991084.5,48554109204.5
2015-04-20,'601607,上海医药,24.52,25.89,24.45,25.8,25.75,-1.23,-4.7767,2.6189,50359512,1263869717.0,65932086391.8,47150366641.4
2015-04-17,'601607,上海医药,25.75,26.29,25.6,25.66,25.52,0.23,0.9013,2.0898,40184735,1040034191.0,69239446353.5,49515576713.5
2015-04-16,'601607,上海医药,25.52,26.55,24.35,25.25,25.5,0.02,0.0784,1.9285,37083837,944211276.0,68620996929.8,49073301659.4
2015-04-15,'601607,上海医药,25.5,27.1,25.2,26.83,26.69,-1.19,-4.4586,2.2988,44203883,1147492114.0,68567218719.0,49034842959.0
2015-04-14,'601607,上海医药,26.69,27.44,26.03,26.03,25.98,0.71,2.7329,2.3268,44743414,1193438227.0,71767022259.2,51323135630.4
2015-04-13,'601607,上海医药,25.98,26.76,24.31,24.8,24.8,1.18,4.7581,3.2015,61562368,1569773223.0,69857895777.2,49957851767.6
2015-04-10,'601607,上海医药,24.8,25.17,23.96,24.2,24.31,0.49,2.0156,1.886,36266745,899808101.0,66684981342.4,47688788446.4
2015-04-09,'601607,上海医药,24.31,24.96,23.62,24.9,24.98,-0.67,-2.6821,2.4004,46157902,1111623305.0,65367415178.8,46746550287.6
2015-04-08,'601607,上海医药,24.98,25.88,24.4,25.48,25.33,-0.35,-1.3818,2.1434,41215696,1035780606.0,67168985239.2,48034916749.6
2015-04-07,'601607,上海医药,25.33,25.66,24.3,24.52,24.51,0.82,3.3456,2.5862,49730257,1243657208.0,68110103927.5,48707944005.9
2015-04-03,'601607,上海医药,24.51,24.63,24.0,24.1,24.39,0.12,0.492,2.12,40766360,990343653.0,65905197286.4,47131137291.2
2015-04-02,'601607,上海医药,24.39,24.79,23.6,23.6,23.0,1.39,6.0435,3.7694,72482718,1756833160.0,65582528021.8,46900385089.0
2015-04-01,'601607,上海医药,23.0,23.25,22.55,22.65,22.72,0.28,1.2324,1.7748,34128815,783382351.0,61844942374.0,44227505414.0
2015-03-31,'601607,上海医药,22.72,23.45,22.5,23.4,23.06,-0.34,-1.4744,2.678,51495723,1180074655.0,61092047423.4,43689083609.0
2015-03-30,'601607,上海医药,23.06,23.58,22.52,22.55,22.53,0.53,2.3524,3.0327,58317010,1344768754.0,62006277006.3,44342881515.1
2015-03-27,'601607,上海医药,22.53,23.25,21.86,21.94,21.84,0.69,3.1593,2.7457,52798515,1195622602.0,60581154421.1,43323725955.5
2015-03-26,'601607,上海医药,21.84,22.2,21.41,21.73,21.78,0.06,0.2755,1.8823,36196282,791700647.0,58725806149.9,41996900793.1
2015-03-25,'601607,上海医药,21.78,22.2,21.58,22.04,22.4,-0.62,-2.7679,2.6835,51601032,1124949956.0,58564471517.6,41881524692.0
2015-03-24,'601607,上海医药,22.4,22.96,21.81,22.75,22.98,-0.58,-2.5239,2.4382,46884137,1048871319.0,60231596051.2,43073744403.2
2015-03-23,'601607,上海医药,22.98,23.06,22.08,22.3,22.23,0.75,3.3738,2.93,56342345,1268209236.0,61791164163.2,44189046713.6
2015-03-20,'601607,上海医药,22.23,22.73,22.0,22.51,22.49,-0.26,-1.1561,1.8558,35686123,794000097.0,59774481259.7,42746845450.1
2015-03-19,'601607,上海医药,22.49,23.1,22.4,23.08,23.07,-0.58,-2.5141,1.8262,35117128,794646214.0,60473597999.6,43246808554.8
2015-03-18,'601607,上海医药,23.07,23.11,22.51,22.9,22.84,0.23,1.007,1.9602,37694120,858760273.0,62033166111.7,44362110865.3
2015-03-17,'601607,上海医药,22.84,23.5,22.48,22.97,22.93,-0.09,-0.3925,2.074,39882037,912748359.0,61414716687.9,43919835811.1
2015-03-16,'601607,上海医药,22.93,23.39,21.46,21.46,21.32,1.61,7.5516,2.8025,53890049,1228263864.0,61656718636.3,44092899962.7
2015-03-13,'601607,上海医药,21.32,21.51,20.59,21.39,21.11,0.21,0.9948,2.278,43804923,919926729.0,57327572670.2,40996974583.8
2015-03-12,'601607,上海医药,21.11,21.85,20.86,21.21,21.63,-0.52,-2.4041,2.3081,44384115,941044271.0,56762901457.2,40593158230.0
2015-03-11,'601607,上海医药,21.63,22.08,21.01,21.39,21.01,0.62,2.951,4.3508,83663738,1802304242.0,58161134936.9,41593084439.3
2015-03-10,'601607,上海医药,21.01,21.01,20.37,21.01,19.1,1.91,10.0,5.7197,109987023,2294733827.0,56494010403.4,40400864728.2
2015-03-09,'601607,上海医药,19.1,19.18,18.15,18.4,18.48,0.62,3.355,1.7435,33526456,633531033.0,51358191275.8,36728058843.8
2015-03-06,'601607,上海医药,18.48,19.36,18.47,19.04,19.02,-0.54,-2.8391,1.6056,30874749,578203076.0,49691066742.2,35535839132.6
2015-03-05,'601607,上海医药,19.02,19.8,18.76,18.87,18.86,0.16,0.8484,2.6159,50301193,966916120.0,51143078432.8,36574224042.4
2015-03-04,'601607,上海医药,18.86,19.07,18.2,18.31,18.26,0.6,3.2859,2.6511,50978049,958657332.0,50712852746.7,36266554439.5
2015-03-03,'601607,上海医药,18.26,18.47,17.69,17.77,17.91,0.35,1.9542,2.6042,50076327,910309759.0,49099506423.9,35112793428.7
2015-03-02,'601607,上海医药,17.91,18.14,17.5,17.78,17.78,0.13,0.7312,1.789,34400939,611503506.0,48158387735.6,34439766172.4
2015-02-27,'601607,上海医药,17.78,18.17,17.7,17.81,17.93,-0.15,-0.8366,1.5434,29678556,529688746.0,47808829365.6,34189784620.0
2015-02-26,'601607,上海医药,17.93,18.38,17.74,18.0,17.27,0.66,3.8217,2.4669,47437674,853822201.0,48212165946.3,34478224872.7
2015-02-25,'601607,上海医药,17.27,17.73,17.15,17.67,17.66,-0.39,-2.2084,1.0949,21054421,364923513.0,46437484991.3,33209087760.9
2015-02-17,'601607,上海医药,17.66,18.07,17.61,17.86,17.84,-0.18,-1.009,1.2642,24309078,432346394.0,47486160101.1,33959032417.9
2015-02-16,'601607,上海医药,17.84,17.86,17.26,17.28,17.24,0.6,3.4803,1.8758,36071155,638856152.0,47970163997.9,34305160721.1
2015-02-13,'601607,上海医药,17.24,17.63,17.05,17.05,17.07,0.17,0.9959,1.6555,31833746,553678234.0,46356817675.1,33151399710.3
2015-02-12,'601607,上海医药,17.07,17.25,16.76,17.06,17.05,0.02,0.1173,1.1942,22963277,391790295.0,45899702883.7,32824500757.3
2015-02-11,'601607,上海医药,17.05,17.08,16.5,16.51,16.51,0.54,3.2707,1.2715,24449710,412860344.0,45845924672.9,32786042056.9
2015-02-10,'601607,上海医药,16.51,16.52,16.15,16.3,16.23,0.28,1.7252,0.6962,13386600,219075598.0,44393912982.4,31747657147.2
2015-02-09,'601607,上海医药,16.23,16.39,16.03,16.35,16.34,-0.11,-0.6732,0.5207,10012436,162359919.0,43641018031.7,31209235342.1
2015-02-06,'601607,上海医药,16.34,16.68,16.17,16.25,16.24,0.1,0.6158,0.8868,17053447,279442389.0,43936798190.9,31420758194.1
2015-02-05,'601607,上海医药,16.24,16.67,16.22,16.61,16.41,-0.17,-1.036,0.796,15307018,251976032.0,43667907137.1,31228464692.3
