2016-02-05,'601677,明泰铝业,12.66,13.25,12.56,12.95,12.9,-0.24,-1.8605,0.4839,1972896,25472697.0,6111690960.0,5161512384.0
2016-02-04,'601677,明泰铝业,12.9,13.27,12.4,12.48,12.37,0.53,4.2846,0.6085,2480916,32153824.0,6227552400.0,5259360960.0
2016-02-03,'601677,明泰铝业,12.37,12.43,12.12,12.19,12.34,0.03,0.2431,0.2462,1003610,12341056.0,5971691720.0,5043278688.0
2016-02-02,'601677,明泰铝业,12.34,12.42,11.9,11.9,11.91,0.43,3.6104,0.3253,1326124,16254301.0,5957209040.0,5031047616.0
2016-02-01,'601677,明泰铝业,11.91,12.5,11.75,11.96,11.96,-0.05,-0.4181,0.3947,1609283,19473745.0,5749623960.0,4855735584.0
2016-01-29,'601677,明泰铝业,11.96,12.1,11.55,11.98,11.54,0.42,3.6395,0.3069,1251130,14913115.0,5773761760.0,4876120704.0
2016-01-28,'601677,明泰铝业,11.54,12.27,11.5,12.08,12.14,-0.6,-4.9423,0.3885,1583722,18958475.0,5571004240.0,4704885696.0
2016-01-27,'601677,明泰铝业,12.14,12.35,11.5,11.94,11.79,0.35,2.9686,0.4212,1717197,20365835.0,5860657840.0,4949507136.0
2016-01-26,'601677,明泰铝业,11.79,12.82,11.76,12.6,12.89,-1.1,-8.5337,0.5124,2088893,25727850.0,5691693240.0,4806811296.0
2016-01-25,'601677,明泰铝业,12.89,13.09,12.78,12.9,12.77,0.12,0.9397,0.3254,1326661,17181738.0,6222724840.0,5255283936.0
2016-01-22,'601677,明泰铝业,12.77,12.8,12.2,12.5,12.4,0.37,2.9839,0.4238,1727713,21734384.0,6164794120.0,5206359648.0
2016-01-21,'601677,明泰铝业,12.4,12.83,12.4,12.6,12.79,-0.39,-3.0493,0.4822,1965971,24765952.0,5986174400.0,5055509760.0
2016-01-20,'601677,明泰铝业,12.79,12.99,12.51,12.7,12.74,0.05,0.3925,0.4914,2003618,25615504.0,6174449240.0,5214513696.0
2016-01-19,'601677,明泰铝业,12.74,12.78,12.09,12.1,12.16,0.58,4.7697,0.5363,2186452,27404394.0,6150311440.0,5194128576.0
2016-01-18,'601677,明泰铝业,12.16,12.44,11.7,12.0,12.11,0.05,0.4129,0.4652,1896783,23129339.0,5870312960.0,4957661184.0
2016-01-15,'601677,明泰铝业,12.11,13.0,12.01,12.73,12.85,-0.74,-5.7588,0.6095,2485082,30964735.0,5846175160.0,4937276064.0
2016-01-14,'601677,明泰铝业,12.85,12.89,12.0,12.3,12.61,0.24,1.9033,0.7795,3177878,39380141.0,6203414600.0,5238975840.0
2016-01-13,'601677,明泰铝业,12.61,14.1,12.56,13.86,13.88,-1.27,-9.1499,0.6968,2840771,38389490.0,6087553160.0,5141127264.0
2016-01-12,'601677,明泰铝业,13.88,14.67,13.3,14.31,14.4,-0.52,-3.6111,1.4686,5987414,82504018.0,6700653280.0,5658909312.0
2016-01-11,'601677,明泰铝业,14.4,15.38,14.22,14.79,15.02,-0.62,-4.1278,2.0782,8472741,126388626.0,6951686400.0,5870914560.0
2016-01-08,'601677,明泰铝业,15.02,15.25,13.53,14.55,14.0,1.02,7.2857,1.5993,6520485,95693442.0,7250995120.0,6123690048.0
2016-01-07,'601677,明泰铝业,14.0,15.3,13.98,15.3,15.51,-1.51,-9.7357,0.291,1186584,17376373.0,6758584000.0,5707833600.0
2016-01-06,'601677,明泰铝业,15.51,15.53,14.41,14.78,14.67,0.84,5.726,1.4133,5761887,86941828.0,7487545560.0,6323464224.0
2016-01-05,'601677,明泰铝业,14.67,14.78,13.73,14.0,14.45,0.22,1.5225,1.1325,4617100,66238321.0,7082030520.0,5980994208.0
2016-01-04,'601677,明泰铝业,14.45,15.97,14.42,15.97,16.0,-1.55,-9.6875,0.7988,3256925,49577883.0,6975824200.0,5891299680.0
2015-12-31,'601677,明泰铝业,16.0,16.2,15.72,15.8,16.01,-0.01,-0.0625,1.3412,5467925,87182963.0,7724096000.0,6523238400.0
2015-12-30,'601677,明泰铝业,16.01,16.09,15.1,15.15,15.09,0.92,6.0968,1.9948,8132900,126413740.0,7728923560.0,6527315424.0
2015-12-29,'601677,明泰铝业,15.09,15.11,14.74,14.97,14.97,0.12,0.8016,0.6691,2727994,40738953.0,7284788040.0,6152229216.0
2015-12-28,'601677,明泰铝业,14.97,15.46,14.93,15.04,15.28,-0.31,-2.0288,1.1328,4618443,70336346.0,7226857320.0,6103304928.0
2015-12-25,'601677,明泰铝业,15.28,15.38,14.93,15.12,15.14,0.14,0.9247,1.1258,4589744,69799664.0,7376511680.0,6229692672.0
2015-12-24,'601677,明泰铝业,15.14,15.29,14.88,15.29,15.14,0.0,0.0,0.6124,2455605,36818368.0,7308925840.0,6071140000.0
2015-12-23,'601677,明泰铝业,15.14,15.48,15.0,15.48,15.38,-0.24,-1.5605,0.9483,3802616,57778084.0,7308925840.0,6071140000.0
2015-12-22,'601677,明泰铝业,15.38,15.53,15.11,15.38,15.21,0.17,1.1177,1.2854,5154407,79123500.0,7424787280.0,6167380000.0
2015-12-21,'601677,明泰铝业,15.21,15.25,14.59,14.68,14.61,0.6,4.1068,1.6147,6475126,96580300.0,7342718760.0,6099210000.0
2015-12-18,'601677,明泰铝业,14.61,14.85,14.56,14.85,14.92,-0.31,-2.0777,0.8206,3290554,48363512.0,7053065160.0,5858610000.0
2015-12-17,'601677,明泰铝业,14.92,14.98,14.71,14.71,14.72,0.2,1.3587,1.3652,5474607,81349671.0,7202719520.0,5982920000.0
2015-12-16,'601677,明泰铝业,14.72,14.98,14.58,14.77,14.67,0.05,0.3408,0.9918,3977305,58940290.0,7106168320.0,5902720000.0
2015-12-15,'601677,明泰铝业,14.67,14.75,14.36,14.36,14.35,0.32,2.23,0.8155,3270047,47750067.0,7082030520.0,5882670000.0
2015-12-14,'601677,明泰铝业,14.35,14.5,13.82,14.01,13.96,0.39,2.7937,0.7857,3150790,44785467.0,6927548600.0,5754350000.0
2015-12-11,'601677,明泰铝业,13.96,14.47,13.74,14.31,14.3,-0.34,-2.3776,0.8351,3348728,46986732.0,6739273760.0,5597960000.0
2015-12-10,'601677,明泰铝业,14.3,14.64,14.28,14.5,14.58,-0.28,-1.9204,0.4632,1857305,26824840.0,6903410800.0,5734300000.0
2015-12-09,'601677,明泰铝业,14.58,14.63,14.2,14.38,14.42,0.16,1.1096,0.7837,3142440,45401160.0,7038582480.0,5846580000.0
2015-12-08,'601677,明泰铝业,14.42,14.95,14.37,14.83,14.9,-0.48,-3.2215,0.8498,3407685,49693381.0,6961341520.0,5782420000.0
2015-12-07,'601677,明泰铝业,14.9,14.98,14.29,14.55,14.54,0.36,2.4759,0.8358,3351498,49629811.0,7193064400.0,5974900000.0
2015-12-04,'601677,明泰铝业,14.54,14.76,14.4,14.51,14.49,0.05,0.3451,0.86,3448564,50285392.0,6074172240.0,5830540000.0
2015-12-03,'601677,明泰铝业,14.49,14.57,14.29,14.34,14.34,0.15,1.046,0.6626,2657053,38337770.0,6053284440.0,5810490000.0
2015-12-02,'601677,明泰铝业,14.34,14.8,13.7,14.45,14.45,-0.11,-0.7612,0.7177,2877862,41008712.0,5990621040.0,5750340000.0
2015-12-01,'601677,明泰铝业,14.45,14.74,14.12,14.34,14.26,0.19,1.3324,1.0152,4071096,58692509.0,6036574200.0,5794450000.0
2015-11-30,'601677,明泰铝业,14.26,14.7,13.54,14.3,14.44,-0.18,-1.2465,1.1757,4714679,67007977.0,5957200560.0,5718260000.0
2015-11-27,'601677,明泰铝业,14.44,15.4,14.14,15.13,15.35,-0.91,-5.9283,1.6751,6717113,99432872.0,6032396640.0,5790440000.0
2015-11-26,'601677,明泰铝业,15.35,15.6,14.89,14.97,14.97,0.38,2.5384,2.3576,9453907,144711102.0,6412554600.0,6155350000.0
2015-11-25,'601677,明泰铝业,14.97,15.18,14.75,14.97,14.72,0.25,1.6984,1.0442,4187247,62612392.0,6253807320.0,6002970000.0
2015-11-24,'601677,明泰铝业,14.72,14.94,14.32,14.88,14.88,-0.16,-1.0753,0.9297,3728074,54527120.0,6149368320.0,5902720000.0
2015-11-23,'601677,明泰铝业,14.88,14.99,14.51,14.68,14.7,0.18,1.2245,1.3196,5291786,78224993.0,6216209280.0,5966880000.0
2015-11-20,'601677,明泰铝业,14.7,14.84,14.38,14.43,14.45,0.25,1.7301,1.0124,4059879,59602675.0,6141013200.0,5894700000.0
2015-11-19,'601677,明泰铝业,14.45,14.46,14.14,14.16,14.16,0.29,2.048,0.8129,3259840,46768288.0,6036574200.0,5794450000.0
2015-11-18,'601677,明泰铝业,14.16,14.76,14.11,14.5,14.39,-0.23,-1.5983,1.24,4972220,71895658.0,5915424960.0,5678160000.0
2015-11-17,'601677,明泰铝业,14.39,15.02,14.33,14.75,14.38,0.01,0.0695,2.5047,10043813,147891083.0,6011508840.0,5770390000.0
2015-11-16,'601677,明泰铝业,14.38,14.45,13.21,13.21,13.71,0.67,4.8869,1.5327,6145978,85386754.0,6007331280.0,5766380000.0
2015-11-13,'601677,明泰铝业,13.71,14.12,13.51,14.12,14.25,-0.54,-3.7895,1.4391,5770772,79824822.0,5727434760.0,5497710000.0
2015-11-12,'601677,明泰铝业,14.25,14.68,14.09,14.09,14.09,0.16,1.1356,2.0747,8319722,119629043.0,5953023000.0,5714250000.0
2015-11-11,'601677,明泰铝业,14.09,14.33,13.54,13.85,13.81,0.28,2.0275,2.802,11236114,157076245.0,5886182040.0,5650090000.0
2015-11-10,'601677,明泰铝业,13.81,13.97,13.16,13.28,13.39,0.42,3.1367,2.5538,10240922,138638047.0,5769210360.0,5537810000.0
2015-11-09,'601677,明泰铝业,13.39,13.4,12.9,13.1,13.35,0.04,0.2996,1.9534,7833141,103347821.0,5593752840.0,5369390000.0
2015-11-06,'601677,明泰铝业,13.35,13.39,13.11,13.22,13.28,0.07,0.5271,1.8599,7458019,99153167.0,5577042600.0,5353350000.0
2015-11-05,'601677,明泰铝业,13.28,13.45,13.17,13.4,13.46,-0.18,-1.3373,1.7622,7066599,93935103.0,5547799680.0,5325280000.0
2015-11-04,'601677,明泰铝业,13.46,13.5,12.61,12.7,12.64,0.82,6.4873,1.9954,8001629,105775600.0,5622995760.0,5397460000.0
2015-11-03,'601677,明泰铝业,12.64,12.82,12.5,12.7,12.55,0.09,0.7171,0.6738,2701881,34165085.0,5280435840.0,5068640000.0
2015-11-02,'601677,明泰铝业,12.55,13.0,12.43,12.5,12.77,-0.22,-1.7228,1.0151,4070746,51748259.0,5242837800.0,5032550000.0
2015-10-30,'601677,明泰铝业,12.77,13.0,12.61,13.0,13.06,-0.29,-2.2205,1.3013,5218221,66822989.0,5334744120.0,5120770000.0
2015-10-29,'601677,明泰铝业,13.06,13.49,12.85,13.49,13.31,-0.25,-1.8783,1.5322,6144208,80690597.0,5455893360.0,5237060000.0
2015-10-28,'601677,明泰铝业,13.31,13.88,12.85,13.29,13.42,-0.11,-0.8197,2.4625,9874704,131701868.0,5560332360.0,5337310000.0
2015-10-27,'601677,明泰铝业,13.42,13.57,12.53,12.7,12.83,0.59,4.5986,3.3794,13551262,178929142.0,5606285520.0,5381420000.0
2015-10-26,'601677,明泰铝业,12.83,12.85,12.29,12.68,12.34,0.49,3.9708,2.5802,10346670,130964073.0,5359809480.0,5144830000.0
2015-10-23,'601677,明泰铝业,12.34,12.49,11.64,11.64,11.65,0.69,5.9227,1.9376,7769716,93647432.0,5155109040.0,4948340000.0
2015-10-22,'601677,明泰铝业,11.65,11.73,10.96,10.97,10.96,0.69,6.2956,1.4587,5849409,66796345.0,4866857400.0,4671650000.0
2015-10-21,'601677,明泰铝业,10.96,12.03,10.8,11.98,11.98,-1.02,-8.5142,1.8685,7492649,86501092.0,4578605760.0,4394960000.0
2015-10-20,'601677,明泰铝业,11.98,12.06,11.69,11.73,11.82,0.16,1.3536,1.249,5008533,59225784.0,5004716880.0,4803980000.0
2015-10-19,'601677,明泰铝业,11.82,12.13,11.65,12.0,12.01,-0.19,-1.582,1.3974,5603566,66536263.0,4937875920.0,4739820000.0
2015-10-16,'601677,明泰铝业,12.01,12.07,11.62,11.75,11.67,0.34,2.9135,1.8479,7409903,87530846.0,5017249560.0,4816010000.0
2015-10-15,'601677,明泰铝业,11.67,11.75,11.31,11.31,11.4,0.27,2.3684,1.2522,5021368,58134311.0,4875212520.0,4679670000.0
2015-10-14,'601677,明泰铝业,11.4,11.71,11.38,11.47,11.47,-0.07,-0.6103,1.3596,5451971,62808967.0,4762418400.0,4571400000.0
2015-10-13,'601677,明泰铝业,11.47,11.57,11.23,11.34,11.34,0.13,1.1464,1.4108,5657438,64606486.0,4791661320.0,4599470000.0
2015-10-12,'601677,明泰铝业,11.34,11.49,10.91,10.98,10.93,0.41,3.7511,1.9483,7812842,87886391.0,4737353040.0,4547340000.0
2015-10-09,'601677,明泰铝业,10.93,11.05,10.51,10.59,10.59,0.34,3.2106,1.4392,5771113,62622726.0,4566073080.0,4382930000.0
2015-10-08,'601677,明泰铝业,10.59,10.76,10.47,10.59,10.27,0.32,3.1159,1.0475,4200327,44686028.0,4424036040.0,4246590000.0
2015-09-30,'601677,明泰铝业,10.27,10.38,10.2,10.2,10.17,0.1,0.9833,0.5194,2082707,21463119.0,4290354120.0,4118270000.0
2015-09-29,'601677,明泰铝业,10.17,10.28,10.11,10.13,10.31,-0.14,-1.3579,0.4832,1937674,19769512.0,4248578520.0,4078170000.0
2015-09-28,'601677,明泰铝业,10.31,10.39,10.06,10.06,10.11,0.2,1.9782,0.565,2265450,23256572.0,4307064360.0,4134310000.0
2015-09-25,'601677,明泰铝业,10.11,10.49,10.05,10.36,10.42,-0.31,-2.975,0.8022,3216862,33003041.0,4223513160.0,4054110000.0
2015-09-24,'601677,明泰铝业,10.42,10.54,10.26,10.38,10.23,0.19,1.8573,0.8222,3297092,34316172.0,4353017520.0,4178420000.0
2015-09-23,'601677,明泰铝业,10.23,10.45,10.17,10.25,10.6,-0.37,-3.4906,1.3346,5351708,55072760.0,4273643880.0,4102230000.0
2015-09-22,'601677,明泰铝业,10.6,10.93,10.25,10.38,10.4,0.2,1.9231,1.827,7326338,77381468.0,4428213600.0,4250600000.0
2015-09-21,'601677,明泰铝业,10.4,10.47,9.91,10.01,10.15,0.25,2.4631,1.1161,4475398,45786222.0,4344662400.0,4170400000.0
2015-09-18,'601677,明泰铝业,10.15,10.33,9.91,10.12,10.04,0.11,1.0956,1.2793,5129821,51761404.0,4240223400.0,4070150000.0
2015-09-17,'601677,明泰铝业,10.04,10.6,9.96,10.1,10.17,-0.13,-1.2783,1.5515,6221594,63763766.0,4194270240.0,4026040000.0
2015-09-16,'601677,明泰铝业,10.17,10.27,9.36,9.42,9.34,0.83,8.8865,1.2698,5092052,49601900.0,4248578520.0,4078170000.0
2015-09-15,'601677,明泰铝业,9.34,9.88,9.28,9.79,9.84,-0.5,-5.0813,0.9367,3756239,36065665.0,3901841040.0,3745340000.0
2015-09-14,'601677,明泰铝业,9.84,11.05,9.84,10.96,10.93,-1.09,-9.9726,1.4323,5743374,58874514.0,4110719040.0,3945840000.0
2015-09-11,'601677,明泰铝业,10.93,11.09,10.72,10.92,10.92,0.01,0.0916,0.8247,3306977,36123048.0,4566073080.0,4382930000.0
2015-09-10,'601677,明泰铝业,10.92,11.26,10.65,10.65,11.08,-0.16,-1.444,1.2114,4857646,53821771.0,4561895520.0,4378920000.0
2015-09-09,'601677,明泰铝业,11.08,11.17,10.75,10.8,10.72,0.36,3.3582,1.7506,7019857,77056625.0,4628736480.0,4443080000.0
2015-09-08,'601677,明泰铝业,10.72,10.75,10.17,10.37,10.36,0.36,3.4749,1.0793,4328190,45301212.0,4478344320.0,4298720000.0
2015-09-07,'601677,明泰铝业,10.36,10.63,10.15,10.15,10.08,0.28,2.7778,0.797,3196050,33359239.0,4327952160.0,4154360000.0
2015-09-02,'601677,明泰铝业,10.08,10.59,9.9,10.15,10.34,-0.26,-2.5145,0.7816,3134185,32017524.0,4210980480.0,4042080000.0
2015-09-01,'601677,明泰铝业,10.34,10.88,10.11,10.88,10.93,-0.59,-5.398,1.099,4406843,45879173.0,4319597040.0,4146340000.0
2015-08-31,'601677,明泰铝业,10.93,11.28,10.78,11.2,11.37,-0.44,-3.8698,1.1466,4597878,50474576.0,4566073080.0,4382930000.0
2015-08-28,'601677,明泰铝业,11.37,11.45,10.75,10.85,10.65,0.72,6.7606,1.6434,6589907,72510562.0,4749885720.0,4559370000.0
2015-08-27,'601677,明泰铝业,10.65,10.76,10.03,10.31,10.24,0.41,4.0039,1.2843,5150168,53636238.0,4449101400.0,4270650000.0
2015-08-26,'601677,明泰铝业,10.24,10.87,9.8,10.38,10.16,0.08,0.7874,1.5705,6297648,65383877.0,4277821440.0,4106240000.0
2015-08-25,'601677,明泰铝业,10.16,10.9,10.16,10.4,11.29,-1.13,-10.0089,1.1636,4665936,48603870.0,4244400960.0,4074160000.0
2015-08-24,'601677,明泰铝业,11.29,12.1,11.29,12.1,12.54,-1.25,-9.9681,1.2297,4930983,56589547.0,4716465240.0,4527290000.0
2015-08-21,'601677,明泰铝业,12.54,13.23,12.5,12.91,13.16,-0.62,-4.7112,1.1503,4612542,59011097.0,5238660240.0,5028540000.0
2015-08-20,'601677,明泰铝业,13.16,13.73,12.91,13.01,13.24,-0.08,-0.6042,1.2766,5119272,68359254.0,5497668960.0,5277160000.0
2015-08-19,'601677,明泰铝业,13.24,13.32,12.2,12.6,13.02,0.22,1.6897,1.3391,5369786,68672163.0,5531089440.0,5309240000.0
2015-08-18,'601677,明泰铝业,13.02,14.56,13.02,14.5,14.47,-1.45,-10.0207,1.8858,7562103,104752096.0,5439183120.0,5221020000.0
2015-08-17,'601677,明泰铝业,14.47,14.55,14.1,14.33,14.44,0.03,0.2078,1.4868,5962086,85474146.0,6044929320.0,5802470000.0
2015-08-14,'601677,明泰铝业,14.44,14.71,14.26,14.7,14.46,-0.02,-0.1383,1.8977,7609641,109800508.0,6032396640.0,5790440000.0
2015-08-13,'601677,明泰铝业,14.46,14.5,13.81,13.85,13.94,0.52,3.7303,1.88,7538638,106666458.0,6040751760.0,5798460000.0
2015-08-12,'601677,明泰铝业,13.94,14.12,13.71,13.81,14.04,-0.1,-0.7123,1.4825,5944640,82842541.0,5823518640.0,5589940000.0
2015-08-11,'601677,明泰铝业,14.04,14.27,13.83,13.9,14.03,0.01,0.0713,2.071,8304725,116586367.0,5865294240.0,5630040000.0
2015-08-10,'601677,明泰铝业,14.03,14.17,13.33,13.49,13.36,0.67,5.015,2.245,9002639,123994280.0,5861116680.0,5626030000.0
2015-08-07,'601677,明泰铝业,13.36,13.49,13.0,13.0,12.7,0.66,5.1969,1.8656,7481010,99109810.0,5581220160.0,5357360000.0
2015-08-06,'601677,明泰铝业,12.7,12.84,12.05,12.35,12.67,0.03,0.2368,1.0682,4283528,53905078.0,5305501200.0,5092700000.0
2015-08-05,'601677,明泰铝业,12.67,13.27,12.6,12.8,12.89,-0.22,-1.7067,1.4945,5992917,77576991.0,5292968520.0,5080670000.0
2015-08-04,'601677,明泰铝业,12.89,12.91,11.89,11.89,11.89,1.0,8.4104,1.4839,5950461,73749540.0,5384874840.0,5168890000.0
2015-08-03,'601677,明泰铝业,11.89,12.59,11.55,12.59,12.59,-0.7,-5.56,1.5865,6361800,76564869.0,4967118840.0,4767890000.0
2015-07-31,'601677,明泰铝业,12.59,13.11,12.4,12.91,12.99,-0.4,-3.0793,1.1868,4759004,60812807.0,5259548040.0,5048590000.0
2015-07-30,'601677,明泰铝业,12.99,13.63,12.77,13.41,13.57,-0.58,-4.2741,1.8743,7516083,100584513.0,5426650440.0,5208990000.0
2015-07-29,'601677,明泰铝业,13.57,13.61,12.52,12.88,12.8,0.77,6.0156,1.4294,5731820,75095061.0,5668948920.0,5441570000.0
2015-07-28,'601677,明泰铝业,12.8,13.26,11.75,12.32,13.01,-0.21,-1.6141,2.3451,9404023,117477873.0,5347276800.0,5132800000.0
2015-07-27,'601677,明泰铝业,13.01,14.47,13.01,14.06,14.46,-1.45,-10.0277,2.3302,9344276,128984636.0,5435005560.0,5217010000.0
2015-07-24,'601677,明泰铝业,14.46,15.09,14.31,14.7,14.92,-0.46,-3.0831,2.9777,11940525,176150490.0,6040751760.0,5798460000.0
2015-07-23,'601677,明泰铝业,14.92,15.2,14.2,14.51,14.4,0.52,3.6111,3.3358,13376604,195454809.0,6232919520.0,5982920000.0
2015-07-22,'601677,明泰铝业,14.4,14.98,14.12,14.51,13.88,0.52,3.7464,3.5974,14425660,209272161.0,6015686400.0,5774400000.0
2015-07-21,'601677,明泰铝业,13.88,14.1,13.4,13.44,13.91,-0.03,-0.2157,1.7805,7139727,98996189.0,5798453280.0,5565880000.0
2015-07-20,'601677,明泰铝业,13.91,14.34,13.35,13.9,13.7,0.21,1.5328,2.4691,9900923,137845084.0,5810985960.0,5577910000.0
2015-07-17,'601677,明泰铝业,13.7,13.92,12.8,12.8,12.76,0.94,7.3668,1.8454,7399996,98976844.0,5723257200.0,5493700000.0
2015-07-16,'601677,明泰铝业,12.76,13.18,11.68,11.71,12.46,0.3,2.4077,2.2328,8953421,112024713.0,5330566560.0,5116760000.0
2015-07-15,'601677,明泰铝业,12.46,13.68,12.46,13.43,13.84,-1.38,-9.9711,2.2004,8823787,114115582.0,5205239760.0,4996460000.0
2015-07-14,'601677,明泰铝业,13.84,14.87,13.61,14.1,13.94,-0.1,-0.7174,3.8023,15247050,215235147.0,5781743040.0,5549840000.0
2015-07-13,'601677,明泰铝业,13.94,13.94,13.1,13.2,12.67,1.27,10.0237,3.1521,12639871,170988333.0,5823518640.0,5589940000.0
2015-07-10,'601677,明泰铝业,12.67,12.67,11.9,12.0,11.52,1.15,9.9826,2.9197,11707975,146695540.0,5292968520.0,5080670000.0
2015-07-09,'601677,明泰铝业,11.52,11.52,9.43,9.43,10.47,1.05,10.0287,2.7933,11200990,121202282.0,4812549120.0,4619520000.0
2015-07-08,'601677,明泰铝业,10.47,10.47,10.47,10.47,11.63,-1.16,-9.9742,0.9414,3774900,39523203.0,4373905320.0,4198470000.0
2015-07-07,'601677,明泰铝业,11.63,12.69,11.63,12.58,12.92,-1.29,-9.9845,1.7632,7070340,83798160.0,4858502280.0,4663630000.0
2015-07-06,'601677,明泰铝业,12.92,14.61,12.2,14.6,13.28,-0.36,-2.7108,2.1474,8611139,114945628.0,5397407520.0,5180920000.0
2015-07-03,'601677,明泰铝业,13.28,14.77,12.65,13.77,13.94,-0.66,-4.7346,2.0248,8119620,110459443.0,5547799680.0,5325280000.0
2015-07-02,'601677,明泰铝业,13.94,15.59,13.89,15.31,15.3,-1.36,-8.8889,2.0556,8243025,120541937.0,5823518640.0,5589940000.0
2015-07-01,'601677,明泰铝业,15.3,16.65,15.03,16.01,16.37,-1.07,-6.5363,2.0993,8418267,136343347.0,6391666800.0,6135300000.0
2015-06-30,'601677,明泰铝业,16.37,16.4,14.02,15.21,15.29,1.08,7.0634,2.4407,9787176,149396540.0,6838665720.0,6564370000.0
2015-06-29,'601677,明泰铝业,15.29,17.4,15.1,17.4,16.78,-1.49,-8.8796,2.343,9395626,151934296.0,6387489240.0,6131290000.0
2015-06-26,'601677,明泰铝业,16.78,18.17,16.77,18.17,18.63,-1.85,-9.9302,2.266,9086716,157487807.0,7009945680.0,6728780000.0
2015-06-25,'601677,明泰铝业,18.63,19.8,18.1,19.55,19.87,-1.24,-6.2406,1.9495,7817602,150304021.0,7782794280.0,7470630000.0
2015-06-24,'601677,明泰铝业,19.87,20.5,19.37,20.0,18.71,1.16,6.1999,3.0293,12147659,242016016.0,8300811720.0,7967870000.0
2015-06-23,'601677,明泰铝业,18.71,18.8,17.27,17.48,17.93,0.78,4.3503,1.4206,5696592,103082355.0,7816214760.0,7502710000.0
2015-06-19,'601677,明泰铝业,17.93,19.48,17.9,19.1,19.39,-1.46,-7.5297,1.5863,6361065,120118329.0,7490365080.0,7189930000.0
2015-06-18,'601677,明泰铝业,19.39,20.4,19.36,20.07,20.24,-0.85,-4.1996,1.6047,6434999,128702601.0,8100288840.0,7775390000.0
2015-06-17,'601677,明泰铝业,20.24,20.4,19.12,19.95,19.95,0.29,1.4536,2.072,8308776,163961636.0,8455381440.0,8116240000.0
2015-06-16,'601677,明泰铝业,19.95,21.2,19.56,21.2,21.58,-1.63,-7.5533,2.4911,9989235,202859428.0,8334232200.0,7999950000.0
2015-06-15,'601677,明泰铝业,21.58,22.19,21.01,21.69,21.63,-0.05,-0.2312,2.392,9591824,208667634.0,9015174480.0,8653580000.0
2015-06-12,'601677,明泰铝业,21.63,22.37,21.5,21.93,21.95,-0.32,-1.4579,2.8679,11500159,251442779.0,9036062280.0,8673630000.0
2015-06-11,'601677,明泰铝业,21.95,21.97,20.51,20.77,20.95,1.0,4.7733,3.2177,12903121,275225256.0,9169744200.0,8801950000.0
2015-06-10,'601677,明泰铝业,20.95,21.29,20.15,20.41,20.51,0.44,2.1453,2.3117,9269953,192273746.0,8751988200.0,8400950000.0
2015-06-09,'601677,明泰铝业,20.51,20.62,20.02,20.5,20.62,-0.11,-0.5335,2.3461,9407942,190617817.0,8568175560.0,8224510000.0
2015-06-08,'601677,明泰铝业,20.62,21.98,20.3,21.43,21.59,-0.97,-4.4928,3.5103,14076359,295382716.0,8614128720.0,8268620000.0
2015-06-05,'601677,明泰铝业,21.59,22.28,20.5,20.8,20.44,1.15,5.6262,3.9576,15870169,339166964.0,9019352040.0,8657590000.0
2015-06-04,'601677,明泰铝业,20.44,20.88,18.69,20.7,20.7,-0.26,-1.256,2.6735,10720917,213741739.0,8538932640.0,8196440000.0
2015-06-03,'601677,明泰铝业,20.7,21.27,20.11,21.19,21.15,-0.45,-2.1277,3.1615,12677758,262119307.0,8647549200.0,8300700000.0
2015-06-02,'601677,明泰铝业,21.15,21.38,19.78,20.2,19.68,1.47,7.4695,4.2224,16931944,347171295.0,8835539400.0,8481150000.0
2015-06-01,'601677,明泰铝业,19.68,19.68,17.7,17.7,17.89,1.79,10.0056,3.7824,15167256,289040484.0,8221438080.0,7891680000.0
2015-05-29,'601677,明泰铝业,17.89,18.25,16.94,17.85,17.73,0.16,0.9024,2.709,10863151,193131276.0,7473654840.0,7173890000.0
2015-05-28,'601677,明泰铝业,17.73,19.79,17.65,19.2,19.07,-1.34,-7.0267,3.5771,14344239,272551820.0,7406813880.0,7109730000.0
2015-05-27,'601677,明泰铝业,19.07,19.1,18.19,18.42,18.51,0.56,3.0254,3.1207,12514039,232706131.0,7966606920.0,7647070000.0
2015-05-26,'601677,明泰铝业,18.51,18.6,18.11,18.18,18.28,0.23,1.2582,3.2356,12974822,238666405.0,7732663560.0,7422510000.0
2015-05-25,'601677,明泰铝业,18.28,18.43,17.53,17.63,17.72,0.56,3.1603,3.1463,12616695,227160587.0,7636579680.0,7330280000.0
2015-05-22,'601677,明泰铝业,17.72,17.96,17.4,17.88,17.68,0.04,0.2262,2.7824,11157230,196437957.0,7402636320.0,7105720000.0
2015-05-21,'601677,明泰铝业,17.68,17.8,17.05,17.17,17.08,0.6,3.5129,2.6082,10458945,182964969.0,7385926080.0,7089680000.0
2015-05-20,'601677,明泰铝业,17.08,17.39,16.82,16.99,16.92,0.16,0.9456,2.3579,9455352,162914747.0,7135272480.0,6849080000.0
2015-05-19,'601677,明泰铝业,16.92,16.95,16.45,16.48,16.42,0.5,3.0451,2.267,9090587,152427396.0,7068431520.0,6784920000.0
2015-05-18,'601677,明泰铝业,16.42,16.61,16.3,16.6,16.62,-0.2,-1.2034,1.4842,5951792,97699672.0,6859553520.0,6584420000.0
2015-05-15,'601677,明泰铝业,16.62,17.3,16.47,16.79,16.93,-0.31,-1.8311,2.0254,8121970,136514310.0,6943104720.0,6664620000.0
2015-05-14,'601677,明泰铝业,16.93,17.0,16.4,16.54,16.54,0.39,2.3579,2.0381,8172880,136788980.0,7072609080.0,6788930000.0
2015-05-13,'601677,明泰铝业,16.54,16.75,16.23,16.41,16.46,0.08,0.486,1.4701,5895195,97535077.0,6909684240.0,6632540000.0
2015-05-12,'601677,明泰铝业,16.46,16.49,16.18,16.46,16.44,0.02,0.1217,1.486,5958859,97336673.0,6876263760.0,6600460000.0
2015-05-11,'601677,明泰铝业,16.44,16.47,16.1,16.1,15.95,0.49,3.0721,1.4958,5998214,97674408.0,6867908640.0,6592440000.0
2015-05-08,'601677,明泰铝业,15.95,16.0,15.56,15.75,15.54,0.41,2.6384,1.2776,5123117,81107318.0,6663208200.0,6395950000.0
2015-05-07,'601677,XD明泰铝,15.54,15.75,15.22,15.53,15.59,-0.05,-0.3207,1.0167,4077046,63392508.0,6491928240.0,6231540000.0
2015-05-06,'601677,明泰铝业,15.69,16.64,15.55,16.22,16.2,-0.51,-3.1481,1.626,6520161,105438442.0,6554591640.0,6291690000.0
2015-05-05,'601677,明泰铝业,16.2,17.18,16.13,17.15,17.21,-1.01,-5.8687,2.0152,8080797,134298545.0,6767647200.0,6496200000.0
2015-05-04,'601677,明泰铝业,17.21,17.23,16.83,17.07,16.98,0.23,1.3545,1.9011,7623477,130180308.0,7189580760.0,6901210000.0
2015-04-30,'601677,明泰铝业,16.98,17.65,16.92,17.52,17.51,-0.53,-3.0268,2.4576,9854839,169125797.0,7093496880.0,6808980000.0
2015-04-29,'601677,明泰铝业,17.51,17.67,17.11,17.11,17.23,0.28,1.6251,1.7778,7128934,124567511.0,7314907560.0,7021510000.0
2015-04-28,'601677,明泰铝业,17.23,18.28,17.0,18.21,18.34,-1.11,-6.0523,2.9612,11874356,207617419.0,7197935880.0,6909230000.0
2015-04-27,'601677,明泰铝业,18.34,18.86,18.0,18.16,17.97,0.37,2.059,3.0913,12395997,226691382.0,7661645040.0,7354340000.0
2015-04-24,'601677,明泰铝业,17.97,18.55,17.72,17.9,18.28,-0.31,-1.6958,2.7457,11010211,198997344.0,7507075320.0,7205970000.0
2015-04-23,'601677,明泰铝业,18.28,18.85,17.42,17.71,17.62,0.66,3.7457,4.3879,17595628,319836746.0,7636579680.0,7330280000.0
2015-04-22,'601677,明泰铝业,17.62,18.0,17.11,17.11,17.14,0.48,2.8005,2.7319,10954991,192798768.0,7360860720.0,7065620000.0
2015-04-21,'601677,明泰铝业,17.14,17.17,16.62,16.74,16.78,0.36,2.1454,1.7431,6989886,118362654.0,7160337840.0,6873140000.0
2015-04-20,'601677,明泰铝业,16.78,17.56,16.73,17.49,17.65,-0.87,-4.9292,3.1305,12553350,214887198.0,7009945680.0,6728780000.0
2015-04-17,'601677,明泰铝业,17.65,18.08,17.49,17.79,17.42,0.23,1.3203,3.7812,15162535,269599036.0,7373393400.0,7077650000.0
2015-04-16,'601677,明泰铝业,17.42,17.44,16.42,17.2,17.42,0.0,0.0,3.136,12575514,214308718.0,7277309520.0,6985420000.0
2015-04-15,'601677,明泰铝业,17.42,18.25,17.06,17.07,16.59,0.83,5.003,4.8022,19256626,341490443.0,7277309520.0,6985420000.0
2015-04-14,'601677,明泰铝业,16.59,17.03,16.46,17.02,17.02,-0.43,-2.5264,1.906,7642946,127767256.0,6930572040.0,6652590000.0
2015-04-13,'601677,明泰铝业,17.02,17.13,16.5,16.65,16.69,0.33,1.9772,2.1022,8430006,142074698.0,7110207120.0,6825020000.0
2015-04-10,'601677,明泰铝业,16.69,16.86,16.12,16.25,16.28,0.41,2.5184,1.8955,7601087,126080369.0,6972347640.0,6692690000.0
2015-04-09,'601677,明泰铝业,16.28,17.11,16.02,17.02,16.8,-0.52,-3.0952,3.176,12735595,208957987.0,6801067680.0,6528280000.0
2015-04-08,'601677,明泰铝业,16.8,17.59,16.5,17.57,17.37,-0.57,-3.2815,3.0163,12095266,205811046.0,7018300800.0,6736800000.0
2015-04-07,'601677,明泰铝业,17.37,17.46,16.44,16.57,16.4,0.97,5.9146,3.8951,15619407,265575085.0,7256421720.0,6965370000.0
2015-04-03,'601677,明泰铝业,16.4,16.68,16.16,16.35,16.48,-0.08,-0.4854,2.328,9335402,153709330.0,6851198400.0,6576400000.0
2015-04-02,'601677,明泰铝业,16.48,16.59,16.01,16.17,16.24,0.24,1.4778,2.8338,11363442,185147894.0,6884618880.0,6608480000.0
2015-04-01,'601677,明泰铝业,16.24,16.4,15.7,15.75,15.8,0.44,2.7848,2.4363,9769382,158052012.0,6784357440.0,6512240000.0
2015-03-31,'601677,明泰铝业,15.8,16.23,15.58,15.88,15.82,-0.02,-0.1264,2.9666,11896238,189350893.0,6600544800.0,6335800000.0
2015-03-30,'601677,明泰铝业,15.82,15.93,15.49,15.89,15.73,0.09,0.5722,2.3997,9622807,151211324.0,6608899920.0,6343820000.0
2015-03-27,'601677,明泰铝业,15.73,15.9,15.36,15.4,15.43,0.3,1.9443,2.1733,8714836,136388130.0,6571301880.0,6307730000.0
2015-03-26,'601677,明泰铝业,15.43,15.57,15.18,15.3,15.61,-0.18,-1.1531,2.1951,8802400,135439524.0,6445975080.0,6187430000.0
2015-03-25,'601677,明泰铝业,15.61,15.86,15.24,15.85,16.28,-0.67,-4.1155,4.6469,18634014,288722105.0,6521171160.0,6259610000.0
2015-03-24,'601677,明泰铝业,16.28,16.76,15.6,16.41,16.44,-0.16,-0.9732,2.9128,11680460,189658183.0,6801067680.0,6528280000.0
2015-03-23,'601677,明泰铝业,16.44,16.52,15.8,15.92,15.85,0.59,3.7224,3.2023,12841080,207917143.0,6867908640.0,6592440000.0
2015-03-20,'601677,明泰铝业,15.85,16.35,15.66,16.03,16.0,-0.15,-0.9375,2.565,10285827,163868646.0,6621432600.0,6355850000.0
2015-03-19,'601677,明泰铝业,16.0,16.44,15.56,15.56,15.93,0.07,0.4394,2.9545,11847679,190063907.0,6684096000.0,6416000000.0
2015-03-18,'601677,明泰铝业,15.93,15.95,15.1,15.2,15.22,0.71,4.6649,2.7043,10844417,169065032.0,6654853080.0,6387930000.0
2015-03-17,'601677,明泰铝业,15.22,15.63,15.03,15.25,15.2,0.02,0.1316,2.3693,9500761,144965202.0,6358246320.0,6103220000.0
2015-03-16,'601677,明泰铝业,15.2,15.24,14.71,14.86,14.81,0.39,2.6334,2.0196,8098530,122191766.0,6349891200.0,6095200000.0
2015-03-13,'601677,明泰铝业,14.81,15.13,14.6,14.77,14.71,0.1,0.6798,1.8596,7456899,110688964.0,6186966360.0,5938810000.0
2015-03-12,'601677,明泰铝业,14.71,15.65,14.65,14.97,15.02,-0.31,-2.0639,2.7287,10942226,165554828.0,6145190760.0,5898710000.0
2015-03-11,'601677,明泰铝业,15.02,15.47,14.91,15.22,15.32,-0.3,-1.9582,2.5371,10173761,153753558.0,6274695120.0,6023020000.0
2015-03-10,'601677,明泰铝业,15.32,15.67,14.9,15.16,15.42,-0.1,-0.6485,2.9618,11876941,181092319.0,6400021920.0,6143320000.0
2015-03-09,'601677,明泰铝业,15.42,15.46,14.65,15.0,15.06,0.36,2.3904,5.5392,22212340,335448071.0,6441797520.0,6183420000.0
2015-03-06,'601677,明泰铝业,15.06,15.06,13.69,13.69,13.69,1.37,10.0073,6.0237,24155218,354848708.0,6291405360.0,6039060000.0
2015-03-05,'601677,明泰铝业,13.69,13.71,13.37,13.6,13.72,-0.03,-0.2187,1.7943,7195331,97261294.0,5719079640.0,5489690000.0
2015-03-04,'601677,明泰铝业,13.72,13.82,13.23,13.45,13.57,0.15,1.1054,2.7286,10941691,149761338.0,5731612320.0,5501720000.0
2015-03-03,'601677,明泰铝业,13.57,14.05,12.78,12.95,13.12,0.45,3.4299,3.8947,15617741,209349243.0,5668948920.0,5441570000.0
2015-03-02,'601677,明泰铝业,13.12,13.3,13.09,13.2,13.05,0.07,0.5364,1.9123,7668156,101083842.0,5480958720.0,5261120000.0
2015-02-27,'601677,明泰铝业,13.05,13.08,12.9,12.98,12.98,0.07,0.5393,1.2151,4872362,63438037.0,5451715800.0,5233050000.0
2015-02-26,'601677,明泰铝业,12.98,12.98,12.74,12.74,12.74,0.24,1.8838,1.0682,4283431,55297577.0,5422472880.0,5204980000.0
2015-02-25,'601677,明泰铝业,12.74,12.96,12.72,12.96,12.94,-0.2,-1.5456,0.727,2915180,37226351.0,5322211440.0,5108740000.0
2015-02-17,'601677,明泰铝业,12.94,13.03,12.8,12.84,12.86,0.08,0.6221,0.8331,3340814,43285008.0,5405762640.0,5188940000.0
2015-02-16,'601677,明泰铝业,12.86,12.93,12.49,12.49,12.49,0.37,2.9624,1.0132,4062872,51861625.0,5372342160.0,5156860000.0
2015-02-13,'601677,明泰铝业,12.49,12.63,12.4,12.47,12.46,0.03,0.2408,0.8545,3426623,42876341.0,5217772440.0,5008490000.0
2015-02-12,'601677,明泰铝业,12.46,12.48,12.23,12.28,12.28,0.18,1.4658,0.5212,2090120,25909706.0,5205239760.0,4996460000.0
2015-02-11,'601677,明泰铝业,12.28,12.3,12.02,12.15,12.16,0.12,0.9868,0.8101,3248333,39385443.0,5130043680.0,4924280000.0
2015-02-10,'601677,明泰铝业,12.16,12.26,11.83,12.25,12.25,-0.09,-0.7347,1.0314,4136076,49963221.0,5079912960.0,4876160000.0
2015-02-09,'601677,明泰铝业,12.25,12.32,12.08,12.12,12.21,0.04,0.3276,0.5275,2115127,25795828.0,5117511000.0,4912250000.0
2015-02-06,'601677,明泰铝业,12.21,12.65,12.13,12.59,12.59,-0.38,-3.0183,0.8634,3462320,42654757.0,5100800760.0,4896210000.0
2015-02-05,'601677,明泰铝业,12.59,13.1,12.51,13.1,12.83,-0.24,-1.8706,1.2825,5142979,65447450.0,5259548040.0,5048590000.0
2016-02-15,'601677,明泰铝业,12.83,13.09,12.12,12.38,12.66,0.17,1.3428,0.4079,1662824,21014928.0,6193759480.0,5230821792.0

