2016-05-13,'601633,长城汽车,8.44,8.57,8.4,8.43,8.54,-0.1,-1.171,0.117,7053009,59764848.0,77034150360.0,50874032760.0
2016-05-12,'601633,长城汽车,8.54,8.57,8.28,8.4,8.49,0.05,0.5889,0.1955,11783989,99730070.0,77946877260.0,51476805660.0
2016-05-11,'601633,长城汽车,8.49,8.67,8.27,8.37,8.34,0.15,1.7986,0.2872,17310502,147134749.0,77490513810.0,51175419210.0
2016-05-10,'601633,长城汽车,8.34,8.41,8.28,8.3,8.35,-0.01,-0.1198,0.1228,7402781,61714587.0,76121423460.0,50271259860.0
2016-05-09,'601633,长城汽车,8.35,8.6,8.3,8.6,8.6,-0.25,-2.907,0.2378,14332870,120005352.0,76212696150.0,50331537150.0
2016-05-06,'601633,长城汽车,8.6,9.0,8.57,8.99,8.94,-0.34,-3.8031,0.2715,16362367,143398875.0,78494513400.0,51838469400.0
2016-05-05,'601633,长城汽车,8.94,8.97,8.83,8.9,8.99,-0.05,-0.5562,0.2204,13286421,118064056.0,81597784860.0,53887897260.0
2016-05-04,'601633,长城汽车,8.99,9.14,8.64,8.64,8.63,0.36,4.1715,0.5,30141063,270857277.0,82054148310.0,54189283710.0
2016-05-03,'601633,长城汽车,8.63,8.64,8.42,8.47,8.47,0.16,1.889,0.1758,10595645,90812885.0,78768331470.0,52019301270.0
2016-04-29,'601633,长城汽车,8.47,8.53,8.45,8.51,8.52,-0.05,-0.5869,0.1193,7192425,60983316.0,77307968430.0,51054864630.0
2016-04-28,'601633,长城汽车,8.52,8.65,8.44,8.61,8.6,-0.08,-0.9302,0.1275,7683563,65402458.0,77764331880.0,51356251080.0
2016-04-27,'601633,长城汽车,8.6,8.72,8.55,8.62,8.61,-0.01,-0.1161,0.1641,9894338,85564012.0,78494513400.0,51838469400.0
2016-04-26,'601633,长城汽车,8.61,8.64,8.52,8.61,8.61,0.0,0.0,0.1112,6700917,57532705.0,78585786090.0,51898746690.0
2016-04-25,'601633,长城汽车,8.61,8.67,8.42,8.56,8.59,0.02,0.2328,0.167,10068453,85971294.0,78585786090.0,51898746690.0
2016-04-22,'601633,长城汽车,8.59,8.59,8.41,8.47,8.51,0.08,0.9401,0.1112,6703600,57088693.0,78403240710.0,51778192110.0
2016-04-21,'601633,长城汽车,8.51,8.65,8.48,8.64,8.67,-0.16,-1.8454,0.1477,8903453,76308915.0,77673059190.0,51295973790.0
2016-04-20,'601633,长城汽车,8.67,8.98,8.25,8.96,8.95,-0.28,-3.1285,0.3689,22235765,191623023.0,79133422230.0,52260410430.0
2016-04-19,'601633,长城汽车,8.95,9.01,8.9,8.94,8.94,0.01,0.1119,0.1192,7186288,64244188.0,81689057550.0,53948174550.0
2016-04-18,'601633,长城汽车,8.94,9.09,8.89,9.09,9.09,-0.15,-1.6502,0.1783,10750149,96023833.0,81597784860.0,53887897260.0
2016-04-15,'601633,长城汽车,9.09,9.19,9.01,9.16,9.11,-0.02,-0.2195,0.2172,13094825,119214078.0,82966875210.0,54792056610.0
2016-04-14,'601633,长城汽车,9.11,9.2,9.07,9.11,9.05,0.06,0.663,0.2671,16100589,146910928.0,83149420590.0,54912611190.0
2016-04-13,'601633,长城汽车,9.05,9.09,8.92,8.95,8.91,0.14,1.5713,0.3423,20635896,186754022.0,82601784450.0,54550947450.0
2016-04-12,'601633,长城汽车,8.91,9.0,8.84,8.98,8.98,-0.07,-0.7795,0.1772,10680671,94970242.0,81323966790.0,53707065390.0
2016-04-11,'601633,长城汽车,8.98,9.02,8.87,8.87,8.85,0.13,1.4689,0.2048,12346101,110663625.0,81962875620.0,54129006420.0
2016-04-08,'601633,长城汽车,8.85,8.97,8.73,8.95,9.02,-0.17,-1.8847,0.2599,15666397,139014961.0,80776330650.0,53345401650.0
2016-04-07,'601633,长城汽车,9.02,9.19,9.0,9.18,9.13,-0.11,-1.2048,0.2748,16565964,150247270.0,82327966380.0,54370115580.0
2016-04-06,'601633,长城汽车,9.13,9.2,9.09,9.15,9.18,-0.05,-0.5447,0.2854,17200217,157126384.0,83331965970.0,55033165770.0
2016-04-05,'601633,长城汽车,9.18,9.19,9.03,9.08,9.09,0.09,0.9901,0.4452,26835294,244947327.0,83788329420.0,55334552220.0
2016-04-01,'601633,长城汽车,9.09,9.1,8.92,9.04,9.12,-0.03,-0.3289,0.2238,13487869,121440099.0,82966875210.0,54792056610.0
2016-03-31,'601633,长城汽车,9.12,9.2,9.09,9.16,9.13,-0.01,-0.1095,0.2372,14300460,130769743.0,83240693280.0,54972888480.0
2016-03-30,'601633,长城汽车,9.13,9.13,8.95,8.98,8.89,0.24,2.6997,0.2806,16911740,153612533.0,83331965970.0,55033165770.0
2016-03-29,'601633,长城汽车,8.89,9.01,8.81,8.96,8.99,-0.1,-1.1123,0.2407,14511648,129025055.0,81141421410.0,53586510810.0
2016-03-28,'601633,长城汽车,8.99,9.16,8.95,9.05,9.1,-0.11,-1.2088,0.2994,18047957,163582528.0,82054148310.0,54189283710.0
2016-03-25,'601633,长城汽车,9.1,9.2,9.02,9.18,9.19,-0.09,-0.9793,0.3196,19262629,175518771.0,83058147900.0,54852333900.0
2016-03-24,'601633,长城汽车,9.19,9.38,9.01,9.2,9.23,-0.04,-0.4334,0.5232,31539555,291049632.0,83879602110.0,55394829510.0
2016-03-23,'601633,长城汽车,9.23,9.37,9.03,9.05,9.1,0.13,1.4286,0.4082,24603457,226611832.0,84244692870.0,55635938670.0
2016-03-22,'601633,长城汽车,9.1,9.24,9.06,9.24,9.27,-0.17,-1.8339,0.3691,22249473,203384469.0,83058147900.0,54852333900.0
2016-03-21,'601633,长城汽车,9.27,9.34,9.15,9.21,9.17,0.1,1.0905,0.5668,34164970,315253853.0,84609783630.0,55877047830.0
2016-03-18,'601633,长城汽车,9.17,9.34,9.1,9.15,9.13,0.04,0.4381,0.6182,37265832,343181514.0,83697056730.0,55274274930.0
2016-03-17,'601633,长城汽车,9.13,9.22,9.0,9.08,9.08,0.05,0.5507,0.3122,18820306,171884489.0,83331965970.0,55033165770.0
2016-03-16,'601633,长城汽车,9.08,9.24,8.93,9.03,9.14,-0.06,-0.6565,0.4034,24317653,221014493.0,82875602520.0,54731779320.0
2016-03-15,'601633,长城汽车,9.14,9.17,8.67,8.77,8.77,0.37,4.2189,0.4582,27617497,245721739.0,83423238660.0,55093443060.0
2016-03-14,'601633,长城汽车,8.77,8.87,8.59,8.6,8.51,0.26,3.0552,0.3032,18275213,160424576.0,80046149130.0,52863183330.0
2016-03-11,'601633,长城汽车,8.51,8.57,8.32,8.46,8.5,0.01,0.1176,0.1527,9207026,77907351.0,77673059190.0,51295973790.0
2016-03-10,'601633,长城汽车,8.5,8.76,8.48,8.69,8.71,-0.21,-2.411,0.1832,11045348,94885036.0,77581786500.0,51235696500.0
2016-03-09,'601633,长城汽车,8.71,8.74,8.5,8.65,8.85,-0.14,-1.5819,0.2296,13842415,119413409.0,79498512990.0,52501519590.0
2016-03-08,'601633,长城汽车,8.85,8.91,8.45,8.9,8.85,0.0,0.0,0.3084,18589188,160709242.0,80776330650.0,53345401650.0
2016-03-07,'601633,长城汽车,8.85,9.09,8.73,9.08,8.82,0.03,0.3401,0.3655,22030434,195630482.0,80776330650.0,53345401650.0
2016-03-04,'601633,长城汽车,8.82,8.96,8.42,8.73,8.69,0.13,1.496,0.6109,36824796,323386001.0,80502512580.0,53164569780.0
2016-03-03,'601633,长城汽车,8.69,8.75,8.51,8.56,8.55,0.14,1.6374,0.3822,23038968,198676393.0,79315967610.0,52380965010.0
2016-03-02,'601633,长城汽车,8.55,8.56,8.18,8.21,8.18,0.37,4.5232,0.376,22664904,190704817.0,78038149950.0,51537082950.0
2016-03-01,'601633,长城汽车,8.18,8.32,8.01,8.25,8.21,-0.03,-0.3654,0.2987,18002083,146928211.0,74661060420.0,49306823220.0
2016-02-29,'601633,长城汽车,8.21,8.45,7.85,8.28,8.5,-0.29,-3.4118,0.3539,21334605,172129901.0,74934878490.0,49487655090.0
2016-02-26,'601633,长城汽车,8.5,8.56,8.22,8.41,8.35,0.15,1.7964,0.2917,17585170,148052134.0,77581786500.0,51235696500.0
2016-02-25,'601633,长城汽车,8.35,9.29,8.24,9.15,9.1,-0.75,-8.2418,0.5582,33644001,296623776.0,76212696150.0,50331537150.0
2016-02-24,'601633,长城汽车,9.1,9.15,8.91,9.0,9.02,0.08,0.8869,0.2966,17879533,161651545.0,83058147900.0,54852333900.0
2016-02-23,'601633,长城汽车,9.02,9.29,8.9,9.21,9.19,-0.17,-1.8498,0.3807,22948566,207190349.0,82327966380.0,54370115580.0
2016-02-22,'601633,长城汽车,9.19,9.39,8.66,8.66,8.54,0.65,7.6112,0.666,40146750,365795409.0,83879602110.0,55394829510.0
2016-02-19,'601633,长城汽车,8.54,8.69,8.43,8.48,8.47,0.07,0.8264,0.2533,15265695,130549954.0,77946877260.0,51476805660.0
2016-02-18,'601633,长城汽车,8.47,8.66,8.46,8.63,8.6,-0.13,-1.5116,0.3843,23162481,197642095.0,77307968430.0,51054864630.0
2016-02-17,'601633,长城汽车,8.6,8.7,8.16,8.24,8.25,0.35,4.2424,0.4627,27892167,234258341.0,78494513400.0,51838469400.0
2016-02-16,'601633,长城汽车,8.25,8.25,8.0,8.0,7.94,0.31,3.9043,0.289,17418860,142524581.0,75299969250.0,49728764250.0
2016-02-15,'601633,长城汽车,7.94,8.02,7.69,7.79,8.06,-0.12,-1.4888,0.1927,11615299,91441207.0,72470515860.0,47860168260.0
2016-02-05,'601633,长城汽车,8.06,8.15,8.01,8.14,8.13,-0.07,-0.861,0.2032,12246465,98952578.0,73565788140.0,48583495740.0
2016-02-04,'601633,长城汽车,8.13,8.22,8.06,8.09,8.04,0.09,1.1194,0.2878,17345853,141113276.0,74204696970.0,49005436770.0
2016-02-03,'601633,长城汽车,8.04,8.09,7.9,8.04,8.14,-0.1,-1.2285,0.2034,12263181,97916428.0,73383242760.0,48462941160.0
2016-02-02,'601633,长城汽车,8.14,8.2,7.9,8.0,7.99,0.15,1.8773,0.2798,16868505,136778761.0,74295969660.0,49065714060.0
2016-02-01,'601633,长城汽车,7.99,8.26,7.86,8.25,8.34,-0.35,-4.1966,0.3588,21624597,174045040.0,72926879310.0,48161554710.0
2016-01-29,'601633,长城汽车,8.34,8.47,7.6,7.94,8.01,0.33,4.1199,0.5464,32936773,264524674.0,76121423460.0,50271259860.0
2016-01-28,'601633,长城汽车,8.01,8.35,8.0,8.26,8.35,-0.34,-4.0719,0.1921,11578845,94528115.0,73109424690.0,48282109290.0
2016-01-27,'601633,长城汽车,8.35,8.6,7.88,8.48,8.45,-0.1,-1.1834,0.3445,20767153,170177365.0,76212696150.0,50331537150.0
2016-01-26,'601633,长城汽车,8.45,9.3,8.43,9.3,9.37,-0.92,-9.8186,0.3714,22386864,198509174.0,77125423050.0,50934310050.0
2016-01-25,'601633,长城汽车,9.37,9.46,9.3,9.43,9.34,0.03,0.3212,0.1533,9240637,86719149.0,85522510530.0,56479820730.0
2016-01-22,'601633,长城汽车,9.34,9.46,9.16,9.36,9.26,0.08,0.8639,0.1529,9214654,85787064.0,85248692460.0,56298988860.0
2016-01-21,'601633,长城汽车,9.26,9.73,9.24,9.5,9.63,-0.37,-3.8422,0.2183,13158065,124847106.0,84518510940.0,55816770540.0
2016-01-20,'601633,长城汽车,9.63,9.85,9.6,9.84,9.83,-0.2,-2.0346,0.2461,14831601,143929535.0,87895600470.0,58047030270.0
2016-01-19,'601633,长城汽车,9.83,9.85,9.51,9.61,9.58,0.25,2.6096,0.2468,14878741,144537313.0,89721054270.0,59252576070.0
2016-01-18,'601633,长城汽车,9.58,9.69,9.38,9.45,9.55,0.03,0.3141,0.2041,12302345,117661557.0,87439237020.0,57745643820.0
2016-01-15,'601633,长城汽车,9.55,9.95,9.5,9.95,9.95,-0.4,-4.0201,0.2068,12466837,120758705.0,87165418950.0,57564811950.0
2016-01-14,'601633,长城汽车,9.95,9.97,9.45,9.52,9.72,0.23,2.3663,0.255,15372564,149338614.0,90816326550.0,59975903550.0
2016-01-13,'601633,长城汽车,9.72,10.14,9.71,10.0,9.95,-0.23,-2.3116,0.2391,14414964,143426520.0,88717054680.0,58589525880.0
2016-01-12,'601633,长城汽车,9.95,10.14,9.71,10.0,9.94,0.01,0.1006,0.2548,15356276,152573691.0,90816326550.0,59975903550.0
2016-01-11,'601633,长城汽车,9.94,10.56,9.9,10.47,10.67,-0.73,-6.8416,0.3886,23423939,238535484.0,90725053860.0,59915626260.0
2016-01-08,'601633,长城汽车,10.67,11.05,9.97,10.75,10.5,0.17,1.619,0.3652,22011546,234272610.0,97387960230.0,64315868430.0
2016-01-07,'601633,长城汽车,10.5,11.3,10.41,11.3,11.42,-0.92,-8.056,0.0759,4577714,49540435.0,95836324500.0,63291154500.0
2016-01-06,'601633,长城汽车,11.42,11.45,11.17,11.22,11.22,0.2,1.7825,0.2846,17155007,195034712.0,1.0423341198e+11,68836665180.0
2016-01-05,'601633,长城汽车,11.22,11.4,10.35,10.78,10.97,0.25,2.2789,0.4662,28101994,306789005.0,1.0240795818e+11,67631119380.0
2016-01-04,'601633,长城汽车,10.97,12.07,10.91,12.0,12.04,-1.07,-8.887,0.336,20254385,233992706.0,1.0012614093e+11,66124187130.0
2015-12-31,'601633,长城汽车,12.04,12.13,12.02,12.1,12.1,-0.06,-0.4959,0.2125,12811531,154695198.0,1.0989231876e+11,72573857160.0
2015-12-30,'601633,长城汽车,12.1,12.14,12.01,12.09,12.08,0.02,0.1656,0.2496,15047062,181946019.0,1.104399549e+11,72935520900.0
2015-12-29,'601633,长城汽车,12.08,12.11,11.98,12.0,12.05,0.03,0.249,0.2211,13324426,160462770.0,1.1025740952e+11,72814966320.0
2015-12-28,'601633,长城汽车,12.05,12.24,12.01,12.18,12.14,-0.09,-0.7414,0.4029,24284481,294007598.0,1.0998359145e+11,72634134450.0
2015-12-25,'601633,长城汽车,12.14,12.25,12.05,12.18,12.16,-0.02,-0.1645,0.367,22119974,268156842.0,1.1080504566e+11,73176630060.0
2015-12-24,'601633,长城汽车,12.16,12.4,12.1,12.33,12.43,-0.27,-2.1722,0.4692,28284711,345102942.0,1.1098759104e+11,73297184640.0
2015-12-23,'601633,长城汽车,12.43,12.55,12.2,12.34,12.33,0.1,0.811,0.6991,42140394,520137861.0,1.1345195367e+11,74924671470.0
2015-12-22,'601633,长城汽车,12.33,12.54,12.22,12.36,12.35,-0.02,-0.1619,0.4961,29902989,369487729.0,1.1253922677e+11,74321898570.0
2015-12-21,'601633,长城汽车,12.35,12.48,12.11,12.16,12.16,0.19,1.5625,0.6156,37108896,457288059.0,1.1272177215e+11,74442453150.0
2015-12-18,'601633,长城汽车,12.16,12.27,12.07,12.22,12.22,-0.06,-0.491,0.4333,26121085,317733839.0,1.1098759104e+11,73297184640.0
2015-12-17,'601633,长城汽车,12.22,12.26,12.08,12.11,12.08,0.14,1.1589,0.5237,31567790,384676764.0,1.1153522718e+11,73658848380.0
2015-12-16,'601633,长城汽车,12.08,12.23,12.02,12.19,12.17,-0.09,-0.7395,0.4402,26532120,320613358.0,1.1025740952e+11,72814966320.0
2015-12-15,'601633,长城汽车,12.17,12.36,12.07,12.26,12.25,-0.08,-0.6531,0.3636,21917860,266666482.0,1.1107886373e+11,73357461930.0
2015-12-14,'601633,长城汽车,12.25,12.27,11.9,12.0,12.08,0.17,1.4073,0.3665,22093080,267705348.0,1.1180904525e+11,73839680250.0
2015-12-11,'601633,长城汽车,12.08,12.3,12.03,12.13,12.15,-0.07,-0.5761,0.2732,16470428,199441195.0,1.1025740952e+11,72814966320.0
2015-12-10,'601633,长城汽车,12.15,12.5,12.1,12.4,12.46,-0.31,-2.488,0.4387,26442951,324007460.0,1.1089631835e+11,73236907350.0
2015-12-09,'601633,长城汽车,12.46,12.7,12.07,12.08,12.19,0.27,2.2149,0.4694,28296871,351240380.0,1.1372577174e+11,75105503340.0
2015-12-08,'601633,长城汽车,12.19,12.46,12.14,12.46,12.54,-0.35,-2.7911,0.2967,17881477,219212678.0,1.1126140911e+11,73478016510.0
2015-12-07,'601633,长城汽车,12.54,12.66,12.35,12.55,12.52,0.02,0.1597,0.3225,19439246,242814195.0,1.1445595326e+11,75587721660.0
2015-12-04,'601633,长城汽车,12.52,12.75,12.44,12.75,12.8,-0.28,-2.1875,0.3913,23583498,295829886.0,1.1427340788e+11,75467167080.0
2015-12-03,'601633,长城汽车,12.8,12.87,12.54,12.83,12.83,-0.03,-0.2338,0.4527,27288088,345862912.0,1.168290432e+11,77154931200.0
2015-12-02,'601633,长城汽车,12.83,13.14,12.06,12.17,12.17,0.66,5.4232,0.6769,40801988,518465402.0,1.1710286127e+11,77335763070.0
2015-12-01,'601633,长城汽车,12.17,12.3,11.99,12.2,12.21,-0.04,-0.3276,0.3627,21864895,264658770.0,1.1107886373e+11,73357461930.0
2015-11-30,'601633,长城汽车,12.21,12.39,11.5,12.15,12.28,-0.07,-0.57,0.5697,34337951,413473143.0,1.1144395449e+11,73598571090.0
2015-11-27,'601633,长城汽车,12.28,13.45,12.15,13.0,13.13,-0.85,-6.4737,0.7288,43933012,564734087.0,1.1208286332e+11,74020512120.0
2015-11-26,'601633,长城汽车,13.13,13.67,13.11,13.65,13.54,-0.41,-3.0281,0.6929,41764047,555233713.0,1.1984104197e+11,79144081770.0
2015-11-25,'601633,长城汽车,13.54,13.58,13.4,13.58,13.65,-0.11,-0.8059,0.5492,33104867,446250000.0,1.2358322226e+11,81615450660.0
2015-11-24,'601633,长城汽车,13.65,14.18,13.4,13.93,13.9,-0.25,-1.7986,0.6925,41741768,567712606.0,1.2458722185e+11,82278500850.0
2015-11-23,'601633,长城汽车,13.9,14.38,13.15,13.23,13.34,0.56,4.1979,1.3379,80647200,1118288012.0,1.268690391e+11,83785433100.0
2015-11-20,'601633,长城汽车,13.34,13.49,12.3,12.51,12.51,0.83,6.6347,1.4969,90231093,1177917022.0,1.2175776846e+11,80409904860.0
2015-11-19,'601633,长城汽车,12.51,12.54,12.17,12.24,12.21,0.3,2.457,0.6213,37450350,462497222.0,1.1418213519e+11,75406889790.0
2015-11-18,'601633,长城汽车,12.21,12.43,12.13,12.43,12.24,-0.03,-0.2451,0.3815,22995913,281574917.0,1.1144395449e+11,73598571090.0
2015-11-17,'601633,长城汽车,12.24,12.48,12.21,12.39,12.36,-0.12,-0.9709,0.6872,41424457,511439597.0,1.1171777256e+11,73779402960.0
2015-11-16,'601633,长城汽车,12.36,12.38,12.11,12.36,12.54,-0.18,-1.4354,0.6379,38448959,471000375.0,1.1281304484e+11,74502730440.0
2015-11-13,'601633,长城汽车,12.54,12.87,12.03,12.05,12.09,0.45,3.7221,1.2882,77651761,970624669.0,1.1445595326e+11,75587721660.0
2015-11-12,'601633,长城汽车,12.09,12.25,12.03,12.23,12.17,-0.08,-0.6574,0.4622,27859591,337271306.0,1.1034868221e+11,72875243610.0
2015-11-11,'601633,长城汽车,12.17,12.25,12.03,12.15,12.15,0.02,0.1646,0.4751,28635302,347474450.0,1.1107886373e+11,73357461930.0
2015-11-10,'601633,长城汽车,12.15,12.25,11.99,12.24,12.28,-0.13,-1.0586,0.7047,42479386,513709447.0,1.1089631835e+11,73236907350.0
2015-11-09,'601633,长城汽车,12.28,12.48,12.12,12.3,12.3,-0.02,-0.1626,0.7926,47772819,586814614.0,1.1208286332e+11,74020512120.0
2015-11-06,'601633,长城汽车,12.3,12.44,12.02,12.2,12.23,0.07,0.5724,0.6686,40299192,494822234.0,1.122654087e+11,74141066700.0
2015-11-05,'601633,长城汽车,12.23,12.49,12.02,12.07,12.05,0.18,1.4938,1.0275,61932776,759777449.0,1.1162649987e+11,73719125670.0
2015-11-04,'601633,长城汽车,12.05,12.07,11.7,11.75,11.72,0.33,2.8157,0.5893,35519258,423809924.0,1.0998359145e+11,72634134450.0
2015-11-03,'601633,长城汽车,11.72,11.82,11.6,11.66,11.69,0.03,0.2566,0.2631,15860570,185226158.0,1.0697159268e+11,70644983880.0
2015-11-02,'601633,长城汽车,11.69,11.94,11.36,11.43,11.69,0.0,0.0,0.4049,24406158,287422322.0,1.0669777461e+11,70464152010.0
2015-10-30,'601633,长城汽车,11.69,11.86,11.57,11.86,11.88,-0.19,-1.5993,0.3291,19835431,231888221.0,1.0669777461e+11,70464152010.0
2015-10-29,'601633,长城汽车,11.88,11.98,11.76,11.9,11.77,0.11,0.9346,0.3235,19499954,231637117.0,1.0843195572e+11,71609420520.0
2015-10-28,'601633,长城汽车,11.77,12.13,11.7,12.08,12.07,-0.3,-2.4855,0.484,29172900,346721916.0,1.0742795613e+11,70946370330.0
2015-10-27,'601633,长城汽车,12.07,12.16,11.71,12.16,12.29,-0.22,-1.7901,0.5364,32335349,386543352.0,1.1016613683e+11,72754689030.0
2015-10-26,'601633,长城汽车,12.29,12.49,12.02,12.24,12.02,0.27,2.2463,0.8289,49966295,612914546.0,1.1217413601e+11,74080789410.0
2015-10-23,'601633,长城汽车,12.02,12.08,11.8,11.8,11.7,0.32,2.735,0.6291,37921693,454031602.0,1.0970977338e+11,72453302580.0
2015-10-22,'601633,长城汽车,11.7,11.75,11.26,11.33,11.36,0.34,2.993,0.5703,34378655,397663507.0,1.067890473e+11,70524429300.0
2015-10-21,'601633,长城汽车,11.36,12.32,11.25,12.29,12.39,-1.03,-8.3132,0.9986,60191113,713314848.0,1.0368577584e+11,68475001440.0
2015-10-20,'601633,长城汽车,12.39,12.54,12.15,12.54,12.63,-0.24,-1.9002,0.8294,49995704,614965898.0,1.1308686291e+11,74683562310.0
2015-10-19,'601633,长城汽车,12.63,12.74,11.86,12.06,12.06,0.57,4.7264,1.1052,66616615,819506085.0,1.1527740747e+11,76130217270.0
2015-10-16,'601633,长城汽车,12.06,12.35,11.86,12.3,12.27,-0.21,-1.7115,0.7862,47390964,571457169.0,1.1007486414e+11,72694411740.0
2015-10-15,'601633,长城汽车,12.27,12.35,11.76,12.06,12.21,0.06,0.4914,0.86,51840563,625879783.0,1.1199159063e+11,73960234830.0
2015-10-14,'601633,长城汽车,12.21,12.73,12.2,12.27,13.19,-0.98,-7.4299,1.2073,72772028,903005538.0,1.1144395449e+11,73598571090.0
2015-10-13,'601633,DR长城汽,13.19,13.49,12.34,12.43,12.34,0.85,6.8882,0.5488,33079695,432888542.0,1.2038867811e+11,79505745510.0
2015-10-12,'601633,长城汽车,37.27,38.19,35.3,35.8,35.34,1.93,5.4612,1.2611,25339534,925133769.0,1.1339110521e+11,74884486610.0
2015-10-09,'601633,长城汽车,35.34,35.8,34.61,35.45,35.58,-0.24,-0.6745,0.7943,15959356,560802978.0,1.0751922882e+11,71006647620.0
2015-10-08,'601633,长城汽车,35.58,36.0,35.01,35.99,32.73,2.85,8.7076,1.3818,27763646,991069713.0,1.0824941034e+11,71488865940.0
2015-09-30,'601633,长城汽车,32.73,32.73,30.4,31.49,29.75,2.98,10.0168,1.2317,24748617,782864467.0,99578504790.0,65762523390.0
2015-09-29,'601633,长城汽车,29.75,30.02,28.86,29.2,29.89,-0.14,-0.4684,0.5819,11692435,343964416.0,90512084250.0,59774979250.0
2015-09-28,'601633,长城汽车,29.89,30.38,27.9,27.9,28.0,1.89,6.75,0.802,16113790,473206082.0,90938023470.0,60056273270.0
2015-09-25,'601633,长城汽车,28.0,29.0,27.6,28.8,29.12,-1.12,-3.8462,0.4646,9334576,264721215.0,85187844000.0,56258804000.0
2015-09-24,'601633,长城汽车,29.12,29.47,27.79,27.79,27.79,1.33,4.7859,0.6847,13758007,396299883.0,88595357760.0,58509156160.0
2015-09-23,'601633,长城汽车,27.79,28.05,26.82,27.6,27.89,-0.1,-0.3586,0.4342,8724334,239846595.0,84548935170.0,55836862970.0
2015-09-22,'601633,长城汽车,27.89,28.1,27.51,27.95,27.86,0.03,0.1077,0.355,7131901,198756257.0,84853177470.0,56037787270.0
2015-09-21,'601633,长城汽车,27.86,27.99,25.75,26.0,26.31,1.55,5.8913,0.4073,8183774,220766060.0,84761904780.0,55977509980.0
2015-09-18,'601633,长城汽车,26.31,27.33,25.94,27.0,26.7,-0.39,-1.4607,0.3721,7477231,198170814.0,80046149130.0,52863183330.0
2015-09-17,'601633,长城汽车,26.7,27.99,26.57,27.0,27.02,-0.32,-1.1843,0.4308,8655406,236603256.0,81232694100.0,53646788100.0
2015-09-16,'601633,长城汽车,27.02,27.48,24.97,25.18,25.01,2.01,8.0368,0.3826,7687616,200110659.0,82206269460.0,54289745860.0
2015-09-15,'601633,长城汽车,25.01,27.06,24.95,27.06,27.39,-2.38,-8.6893,0.4204,8446424,220205797.0,76090999230.0,50251167430.0
2015-09-14,'601633,长城汽车,27.39,29.0,26.3,28.8,28.54,-1.15,-4.0294,0.6259,12575712,347576353.0,83331965970.0,55033165770.0
2015-09-11,'601633,长城汽车,28.54,29.0,28.15,28.5,28.49,0.05,0.1755,0.3303,6635720,189709923.0,86830752420.0,57343795220.0
2015-09-10,'601633,长城汽车,28.49,29.29,27.92,28.0,28.41,0.08,0.2816,0.5059,10165156,292563628.0,86678631270.0,57243333070.0
2015-09-09,'601633,长城汽车,28.41,29.16,27.78,28.01,27.99,0.42,1.5005,0.7143,14352396,409730875.0,86435237430.0,57082593630.0
2015-09-08,'601633,长城汽车,27.99,28.3,26.22,26.6,26.92,1.07,3.9747,0.6132,12320299,337757343.0,85157419770.0,56238711570.0
2015-09-07,'601633,长城汽车,26.92,29.49,26.7,28.85,29.23,-2.31,-7.9028,0.8621,17321484,490589098.0,81902027160.0,54088821560.0
2015-09-02,'601633,长城汽车,29.23,29.35,26.64,26.75,28.36,0.87,3.0677,1.1808,23724153,674474425.0,88930024290.0,58730172890.0
2015-09-01,'601633,长城汽车,28.36,28.48,25.93,27.9,28.28,0.08,0.2829,1.3105,26331685,724730512.0,86283116280.0,56982131480.0
2015-08-31,'601633,长城汽车,28.28,28.28,26.45,27.0,25.71,2.57,9.9961,1.2286,24685516,673353418.0,86039722440.0,56821392040.0
2015-08-28,'601633,长城汽车,25.71,26.2,24.8,24.95,24.73,0.98,3.9628,0.8848,17777565,451135396.0,78220695330.0,51657637530.0
2015-08-27,'601633,长城汽车,24.73,24.79,22.75,23.19,22.77,1.96,8.6078,0.7445,14959437,352738876.0,75239120790.0,49688579390.0
2015-08-26,'601633,长城汽车,22.77,23.85,21.4,22.62,22.27,0.5,2.2452,0.8465,17007532,388440200.0,69275971710.0,45750463110.0
2015-08-25,'601633,长城汽车,22.27,24.14,22.27,23.0,24.74,-2.47,-9.9838,0.8439,16956850,388704942.0,67754760210.0,44745841610.0
2015-08-24,'601633,长城汽车,24.74,26.59,24.74,26.01,27.49,-2.75,-10.0036,1.0755,21608753,539987603.0,75269545020.0,49708671820.0
2015-08-21,'601633,长城汽车,27.49,29.55,27.31,29.02,29.63,-2.14,-7.2224,0.6714,13490449,383510461.0,83636208270.0,55234090070.0
2015-08-20,'601633,长城汽车,29.63,30.79,29.44,30.55,30.87,-1.24,-4.0168,0.4734,9510983,286812273.0,90146993490.0,59533870090.0
2015-08-19,'601633,长城汽车,30.87,30.98,28.92,29.99,30.62,0.25,0.8165,0.7023,14110470,426338664.0,93919598010.0,62025331410.0
2015-08-18,'601633,长城汽车,30.62,34.07,30.0,33.26,33.23,-2.61,-7.8543,0.7785,15641606,509648332.0,93158992260.0,61523020660.0
2015-08-17,'601633,长城汽车,33.23,33.47,32.83,33.47,33.51,-0.28,-0.8356,0.4782,9607981,318525868.0,1.0109971629e+11,66767144890.0
2015-08-14,'601633,长城汽车,33.51,33.86,33.11,33.64,33.63,-0.12,-0.3568,0.574,11533251,386887483.0,1.0195159473e+11,67329732930.0
2015-08-13,'601633,长城汽车,33.63,33.7,32.9,33.08,33.39,0.24,0.7188,0.4264,8566917,285499002.0,1.0231668549e+11,67570842090.0
2015-08-12,'601633,长城汽车,33.39,34.31,33.29,34.01,34.33,-0.94,-2.7381,0.5572,11196142,378481206.0,1.0158650397e+11,67088623770.0
2015-08-11,'601633,长城汽车,34.33,34.95,34.1,34.88,34.64,-0.31,-0.8949,0.7974,16022104,554665180.0,1.0444638159e+11,68977312190.0
2015-08-10,'601633,长城汽车,34.64,34.9,33.46,33.46,33.4,1.24,3.7126,0.8144,16364167,559895971.0,1.0538953272e+11,69600177520.0
2015-08-07,'601633,长城汽车,33.4,33.95,32.55,32.55,33.06,0.34,1.0284,0.5479,11008403,368100081.0,1.016169282e+11,67108716200.0
2015-08-06,'601633,长城汽车,33.06,34.2,32.42,32.8,33.43,-0.37,-1.1068,0.4646,9335319,312583959.0,1.0058250438e+11,66425573580.0
2015-08-05,'601633,长城汽车,33.43,34.67,33.4,34.36,34.8,-1.37,-3.9368,0.5604,11259612,382928796.0,1.0170820089e+11,67168993490.0
2015-08-04,'601633,长城汽车,34.8,34.97,33.3,34.31,34.25,0.55,1.6058,0.7869,15810370,542826867.0,1.058763204e+11,69921656400.0
2015-08-03,'601633,长城汽车,34.25,34.29,32.3,32.35,32.99,1.26,3.8193,0.8695,17470733,585862105.0,1.0420298775e+11,68816572750.0
2015-07-31,'601633,长城汽车,32.99,33.23,31.45,31.57,32.1,0.89,2.7726,1.0307,20710159,671141434.0,1.0036953477e+11,66284926570.0
2015-07-30,'601633,长城汽车,32.1,33.95,31.3,33.95,34.0,-1.9,-5.5882,0.8098,16270118,540816874.0,97661778300.0,64496700300.0
2015-07-29,'601633,长城汽车,34.0,34.1,31.8,33.8,33.2,0.8,2.4096,1.3891,27910647,919061464.0,1.03442382e+11,68314262000.0
2015-07-28,'601633,长城汽车,33.2,34.12,31.19,33.6,34.65,-1.45,-4.1847,1.4897,29930909,981739840.0,1.010084436e+11,66706867600.0
2015-07-27,'601633,长城汽车,34.65,38.25,34.65,37.35,38.5,-3.85,-10.0,1.2195,24501779,896898356.0,1.0541995695e+11,69620269950.0
2015-07-24,'601633,长城汽车,38.5,39.66,37.26,37.77,38.51,-0.01,-0.026,2.0917,42026888,1613352238.0,1.171332855e+11,77355855500.0
2015-07-23,'601633,长城汽车,38.51,39.15,35.02,35.57,35.59,2.92,8.2046,1.8637,37446276,1372844403.0,1.1716370973e+11,77375947930.0
2015-07-22,'601633,长城汽车,35.59,36.49,34.76,35.83,35.6,-0.01,-0.0281,1.1208,22518856,802906359.0,1.0827983457e+11,71508958370.0
2015-07-21,'601633,长城汽车,35.6,35.76,34.02,34.5,35.09,0.51,1.4534,1.0512,21121168,736856826.0,1.083102588e+11,71529050800.0
2015-07-20,'601633,长城汽车,35.09,36.5,34.6,36.24,36.2,-1.11,-3.0663,1.365,27426695,973223960.0,1.0675862307e+11,70504336870.0
2015-07-17,'601633,长城汽车,36.2,36.95,34.27,34.28,34.27,1.93,5.6317,1.2522,25159071,892359294.0,1.101357126e+11,72734596600.0
2015-07-16,'601633,长城汽车,34.27,36.36,32.72,36.36,36.36,-2.09,-5.7481,1.4881,29899029,1034107432.0,1.0426383621e+11,68856757610.0
2015-07-15,'601633,长城汽车,36.36,38.39,36.36,37.18,40.4,-4.04,-10.0,1.266,25436457,935632710.0,1.1062250028e+11,73056075480.0
2015-07-14,'601633,长城汽车,40.4,43.45,40.4,42.66,44.89,-4.49,-10.0022,2.3931,48082719,1994822561.0,1.229138892e+11,81173417200.0
2015-07-13,'601633,长城汽车,44.89,46.88,38.5,38.5,42.76,2.13,4.9813,3.4089,68492936,2952629408.0,1.3657436847e+11,90194918270.0
2015-07-10,'601633,长城汽车,0.0,0.0,0.0,0.0,42.76,None,None,0.0,0,0.0,1.3009400748e+11,85915230680.0
2015-07-09,'601633,长城汽车,0.0,0.0,0.0,0.0,42.76,None,None,0.0,0,0.0,1.3009400748e+11,85915230680.0
2015-07-08,'601633,长城汽车,0.0,0.0,0.0,0.0,42.76,None,None,0.0,0,0.0,1.3009400748e+11,85915230680.0
2015-07-07,'601633,长城汽车,0.0,0.0,0.0,0.0,42.76,None,None,0.0,0,0.0,1.3009400748e+11,85915230680.0
2015-07-06,'601633,长城汽车,0.0,0.0,0.0,0.0,42.76,None,None,0.0,0,0.0,1.3009400748e+11,85915230680.0
2015-07-03,'601633,长城汽车,0.0,0.0,0.0,0.0,42.76,None,None,0.0,0,0.0,1.3009400748e+11,85915230680.0
2015-07-02,'601633,长城汽车,0.0,0.0,0.0,0.0,42.76,None,None,0.0,0,0.0,1.3009400748e+11,85915230680.0
2015-07-01,'601633,长城汽车,0.0,0.0,0.0,0.0,42.76,None,None,0.0,0,0.0,1.3009400748e+11,85915230680.0
2015-06-30,'601633,长城汽车,0.0,0.0,0.0,0.0,42.76,None,None,0.0,0,0.0,1.3009400748e+11,85915230680.0
2015-06-29,'601633,长城汽车,0.0,0.0,0.0,0.0,42.76,None,None,0.0,0,0.0,1.3009400748e+11,85915230680.0
2015-06-26,'601633,长城汽车,0.0,0.0,0.0,0.0,42.76,None,None,0.0,0,0.0,1.3009400748e+11,85915230680.0
2015-06-25,'601633,长城汽车,0.0,0.0,0.0,0.0,42.76,None,None,0.0,0,0.0,1.3009400748e+11,85915230680.0
2015-06-24,'601633,长城汽车,0.0,0.0,0.0,0.0,42.76,None,None,0.0,0,0.0,1.3009400748e+11,85915230680.0
2015-06-23,'601633,长城汽车,0.0,0.0,0.0,0.0,42.76,None,None,0.0,0,0.0,1.3009400748e+11,85915230680.0
2015-06-19,'601633,长城汽车,0.0,0.0,0.0,0.0,42.76,None,None,0.0,0,0.0,1.3009400748e+11,85915230680.0
2015-06-18,'601633,长城汽车,42.76,46.17,42.7,46.17,46.02,-3.26,-7.0839,0.839,16857673,750745063.0,1.3009400748e+11,85915230680.0
2015-06-17,'601633,长城汽车,46.02,46.39,44.64,46.13,46.13,-0.11,-0.2385,0.7332,14730913,671899374.0,1.4001230646e+11,92465362860.0
2015-06-16,'601633,长城汽车,46.13,46.36,45.52,45.93,46.49,-0.36,-0.7744,0.615,12357750,568154012.0,1.4034697299e+11,92686379590.0
2015-06-15,'601633,长城汽车,46.49,48.1,46.33,47.99,47.97,-1.48,-3.0853,0.9485,19057233,896229243.0,1.4144224527e+11,93409707070.0
2015-06-12,'601633,长城汽车,47.97,48.45,47.63,48.18,47.99,-0.02,-0.0417,0.7974,16021232,769082798.0,1.4594503131e+11,96383386710.0
2015-06-11,'601633,长城汽车,47.99,48.78,47.63,48.78,48.65,-0.66,-1.3566,0.907,18224674,874126922.0,1.4600587977e+11,96423571570.0
2015-06-10,'601633,长城汽车,48.65,49.07,47.51,48.5,48.95,-0.3,-0.6129,1.0073,20239062,978666578.0,1.4801387895e+11,97749671950.0
2015-06-09,'601633,长城汽车,48.95,50.29,48.59,50.28,49.92,-0.97,-1.9431,1.2636,25389294,1249181404.0,1.4892660585e+11,98352444850.0
2015-06-08,'601633,长城汽车,49.92,50.1,48.38,48.48,47.97,1.95,4.065,2.0003,40191291,1987177129.0,1.5187775616e+11,1.0030141056e+11
2015-06-05,'601633,长城汽车,47.97,48.35,47.22,47.56,47.26,0.71,1.5023,1.5117,30374536,1450674890.0,1.4594503131e+11,96383386710.0
2015-06-04,'601633,长城汽车,47.26,48.58,45.58,47.8,47.78,-0.52,-1.0883,1.3644,27414752,1287274620.0,1.4378491098e+11,94956824180.0
2015-06-03,'601633,长城汽车,47.78,48.52,46.5,47.07,47.08,0.7,1.4868,1.0753,21605099,1030252827.0,1.4536697094e+11,96001630540.0
2015-06-02,'601633,长城汽车,47.08,47.75,46.13,47.6,47.85,-0.77,-1.6092,1.1738,23585140,1107589155.0,1.4323727484e+11,94595160440.0
2015-06-01,'601633,长城汽车,47.85,47.94,45.73,46.2,46.28,1.57,3.3924,1.0998,22098025,1037337856.0,1.4557994055e+11,96142277550.0
2015-05-29,'601633,长城汽车,46.28,47.48,44.77,47.01,47.06,-0.78,-1.6575,0.8488,17054280,788572287.0,1.4080333644e+11,92987766040.0
2015-05-28,'601633,长城汽车,47.06,49.4,46.93,49.39,49.43,-2.37,-4.7947,1.2367,24848262,1195499338.0,1.4317642638e+11,94554975580.0
2015-05-27,'601633,长城汽车,49.43,51.0,49.3,50.75,50.75,-1.32,-2.601,1.2032,24175244,1205026079.0,1.5038696889e+11,99316881490.0
2015-05-26,'601633,XD长城汽,50.75,51.98,50.0,51.98,51.53,-0.78,-1.5137,1.3219,26559543,1342865443.0,1.5440296725e+11,1.0196908225e+11
2015-05-25,'601633,长城汽车,52.33,52.83,51.45,51.45,51.42,0.91,1.7697,1.1279,22662528,1180680191.0,1.5920999559e+11,1.0514368619e+11
2015-05-22,'601633,长城汽车,51.42,51.5,49.4,49.97,49.34,2.08,4.2156,1.2676,25468659,1279340753.0,1.5644139066e+11,1.0331527506e+11
2015-05-21,'601633,长城汽车,49.34,49.38,48.16,48.72,48.81,0.53,1.0858,0.959,19267882,935489650.0,1.5011315082e+11,99136049620.0
2015-05-20,'601633,长城汽车,48.81,49.92,48.61,49.6,49.13,-0.32,-0.6513,1.031,20714656,1017525457.0,1.4850066663e+11,98071150830.0
2015-05-19,'601633,长城汽车,49.13,49.22,47.86,47.86,47.66,1.47,3.0843,0.9926,19943499,973404329.0,1.4947424199e+11,98714108590.0
2015-05-18,'601633,长城汽车,47.66,48.67,47.13,47.17,47.08,0.58,1.2319,0.9764,19618963,940991149.0,1.4500188018e+11,95760521380.0
