2016-02-05,'601600,中国铝业,3.96,4.09,3.95,4.07,4.07,-0.11,-2.7027,0.6905,66149249,264780484.0,59019041014.6,37938866819.0
2016-02-04,'601600,中国铝业,4.07,4.2,4.03,4.03,4.07,0.0,0.0,0.9715,93071098,382071037.0,60658458820.5,38992724230.7
2016-02-03,'601600,中国铝业,4.07,4.32,3.95,4.04,4.04,0.03,0.7426,1.5682,150240938,611399582.0,60658458820.5,38992724230.7
2016-02-02,'601600,中国铝业,4.04,4.04,3.64,3.64,3.67,0.37,10.0817,1.1785,112907318,439318847.0,60211344873.4,38705308573.0
2016-02-01,'601600,中国铝业,3.67,3.79,3.55,3.78,3.76,-0.09,-2.3936,0.6161,59026336,217440514.0,54696939526.1,35160515461.1
2016-01-29,'601600,中国铝业,3.76,3.81,3.62,3.66,3.6,0.16,4.4444,0.6945,66536548,247441218.0,56038281367.4,36022762434.2
2016-01-28,'601600,中国铝业,3.6,3.88,3.49,3.83,3.85,-0.25,-6.4935,0.8576,82159413,303800516.0,53653673649.6,34489878926.4
2016-01-27,'601600,中国铝业,3.85,4.04,3.65,4.01,3.98,-0.13,-3.2663,0.8505,81486864,315167086.0,57379623208.6,36885009407.4
2016-01-26,'601600,中国铝业,3.98,4.35,3.94,4.33,4.37,-0.39,-8.9245,0.9009,86314010,360229461.0,59317116979.3,38130477257.5
2016-01-25,'601600,中国铝业,4.37,4.44,4.34,4.38,4.37,0.0,0.0,0.7975,76400238,335116505.0,65129598291.3,41866880807.9
2016-01-22,'601600,中国铝业,4.37,4.47,4.24,4.39,4.36,0.01,0.2294,0.8843,84724442,370395814.0,65129598291.3,41866880807.9
2016-01-21,'601600,中国铝业,4.36,4.54,4.35,4.37,4.44,-0.08,-1.8018,0.8154,78120332,345206239.0,64980560309.0,41771075588.6
2016-01-20,'601600,中国铝业,4.44,4.56,4.36,4.48,4.51,-0.07,-1.5521,0.7657,73358887,327071786.0,66172864167.8,42537517342.6
2016-01-19,'601600,中国铝业,4.51,4.54,4.35,4.37,4.38,0.13,2.968,0.6201,59413204,265440669.0,67216130044.4,43208153877.2
2016-01-18,'601600,中国铝业,4.38,4.49,4.25,4.3,4.4,-0.02,-0.4545,0.6023,57705358,253115524.0,65278636273.7,41962686027.1
2016-01-15,'601600,中国铝业,4.4,4.66,4.32,4.59,4.68,-0.28,-5.9829,1.1275,108015885,479955785.0,65576712238.4,42154296465.6
2016-01-14,'601600,中国铝业,4.68,4.7,4.31,4.45,4.57,0.11,2.407,0.8855,84837402,383878133.0,69749775744.5,44836842604.3
2016-01-13,'601600,中国铝业,4.57,4.8,4.55,4.6,4.59,-0.02,-0.4357,1.2606,120767959,565015089.0,68110357938.5,43782985192.7
2016-01-12,'601600,中国铝业,4.59,4.64,4.45,4.52,4.55,0.04,0.8791,0.7862,75317313,344389811.0,68408433903.2,43974595631.2
2016-01-11,'601600,中国铝业,4.55,4.9,4.45,4.84,4.88,-0.33,-6.7623,1.7344,166166865,778553846.0,67812281973.8,43591374754.2
2016-01-08,'601600,中国铝业,4.88,4.88,4.45,4.56,4.44,0.44,9.9099,2.2102,211746481,1014441581.0,72730535391.7,46752946989.1
2016-01-07,'601600,中国铝业,4.44,4.82,4.42,4.81,4.91,-0.47,-9.5723,0.331,31712266,147391554.0,66172864167.8,42537517342.6
2016-01-06,'601600,中国铝业,4.91,5.0,4.61,4.63,4.62,0.29,6.2771,1.2789,122522862,592855273.0,73177649338.8,47040362646.8
2016-01-05,'601600,中国铝业,4.62,4.68,4.42,4.5,4.59,0.03,0.6536,0.9236,88486927,404911280.0,68855547850.3,44262011288.9
2016-01-04,'601600,中国铝业,4.59,4.98,4.58,4.96,4.97,-0.38,-7.6459,0.7203,69012636,332544760.0,68408433903.2,43974595631.2
2015-12-31,'601600,中国铝业,4.97,5.08,4.9,5.07,5.07,-0.1,-1.9724,0.6116,58594658,292821751.0,74071877232.9,47615193962.3
2015-12-30,'601600,中国铝业,5.07,5.09,5.0,5.06,5.04,0.03,0.5952,0.5487,52566073,265265117.0,75562257056.5,48573246154.7
2015-12-29,'601600,中国铝业,5.04,5.05,4.94,4.97,4.95,0.09,1.8182,0.5613,53776413,268463229.0,75115143109.4,48285830497.0
2015-12-28,'601600,中国铝业,4.95,5.17,4.94,5.15,5.17,-0.22,-4.2553,0.9627,92227277,465515359.0,73773801268.2,47423583523.8
2015-12-25,'601600,中国铝业,5.17,5.2,5.09,5.14,5.16,0.01,0.1938,0.5718,54785919,281821761.0,77052636880.1,49531298347.1
2015-12-24,'601600,中国铝业,5.16,5.27,5.09,5.23,5.17,-0.01,-0.1934,0.7759,74338637,384405063.0,76903598897.8,49435493127.8
2015-12-23,'601600,中国铝业,5.17,5.32,5.14,5.32,5.32,-0.15,-2.8195,0.9635,92306693,482125795.0,77052636880.1,49531298347.1
2015-12-22,'601600,中国铝业,5.32,5.38,5.23,5.23,5.24,0.08,1.5267,1.2974,124297515,658676316.0,79288206615.5,50968376635.7
2015-12-21,'601600,中国铝业,5.24,5.27,5.13,5.18,5.18,0.06,1.1583,1.1241,107695178,561990629.0,78095902756.6,50201934881.8
2015-12-18,'601600,中国铝业,5.18,5.25,5.08,5.18,5.13,0.05,0.9747,1.2578,120505266,623931278.0,77201674862.5,49627103566.3
2015-12-17,'601600,中国铝业,5.13,5.18,5.09,5.12,5.07,0.06,1.1834,1.032,98866347,506853333.0,76456484950.7,49148077470.1
2015-12-16,'601600,中国铝业,5.07,5.13,5.01,5.02,5.01,0.06,1.1976,0.7502,71873911,365473954.0,75562257056.5,48573246154.7
2015-12-15,'601600,中国铝业,5.01,5.11,4.99,5.08,5.11,-0.1,-1.9569,0.7868,75381816,379221472.0,74668029162.4,47998414839.2
2015-12-14,'601600,中国铝业,5.11,5.14,4.85,4.87,4.94,0.17,3.4413,1.2593,120642833,609634750.0,76158408986.0,48956467031.6
2015-12-11,'601600,中国铝业,4.94,4.99,4.76,4.83,4.86,0.08,1.6461,0.9447,90503730,441858794.0,73624763285.8,47327778304.6
2015-12-10,'601600,中国铝业,4.86,4.92,4.8,4.9,4.9,-0.04,-0.8163,0.6941,66499326,323396685.0,72432459427.0,46561336550.6
2015-12-09,'601600,中国铝业,4.9,4.94,4.84,4.88,4.9,0.0,0.0,0.6931,66398869,323999327.0,73028611356.4,46944557427.6
2015-12-08,'601600,中国铝业,4.9,5.02,4.84,5.01,5.05,-0.15,-2.9703,0.7026,67312522,330946534.0,73028611356.4,46944557427.6
2015-12-07,'601600,中国铝业,5.05,5.11,5.01,5.05,5.04,0.01,0.1984,0.5107,48927256,247845293.0,75264181091.8,48381635716.2
2015-12-04,'601600,中国铝业,5.04,5.16,5.0,5.12,5.17,-0.13,-2.5145,0.6957,66652890,337960692.0,75115143109.4,48285830497.0
2015-12-03,'601600,中国铝业,5.17,5.18,5.1,5.13,5.16,0.01,0.1938,0.6969,66764364,343383456.0,77052636880.1,49531298347.1
2015-12-02,'601600,中国铝业,5.16,5.21,4.97,5.02,5.02,0.14,2.7888,1.0418,99808605,510881774.0,76903598897.8,49435493127.8
2015-12-01,'601600,中国铝业,5.02,5.08,4.93,4.97,4.99,0.03,0.6012,0.6206,59456854,297221464.0,74817067144.7,48094220058.5
2015-11-30,'601600,中国铝业,4.99,5.07,4.77,4.92,4.98,0.01,0.2008,1.248,119564143,588712291.0,74369953197.6,47806804400.8
2015-11-27,'601600,中国铝业,4.98,5.39,4.91,5.34,5.35,-0.37,-6.9159,1.5543,148906709,770733687.0,74220915215.3,47710999181.5
2015-11-26,'601600,中国铝业,5.35,5.44,5.27,5.31,5.25,0.1,1.9048,1.5848,151835448,814596379.0,79735320562.6,51255792293.4
2015-11-25,'601600,中国铝业,5.25,5.27,5.2,5.22,5.22,0.03,0.5747,0.7538,72220535,378620637.0,78244940739.0,50297740101.0
2015-11-24,'601600,中国铝业,5.22,5.28,5.1,5.26,5.27,-0.05,-0.9488,1.1239,107671186,556637767.0,77797826791.9,50010324443.3
2015-11-23,'601600,中国铝业,5.27,5.46,5.25,5.42,5.39,-0.12,-2.2263,1.2439,119172740,638432652.0,78543016703.7,50489350539.5
2015-11-20,'601600,中国铝业,5.39,5.49,5.36,5.4,5.4,-0.01,-0.1852,1.1436,109567521,593049939.0,80331472492.0,51639013170.4
2015-11-19,'601600,中国铝业,5.4,5.41,5.31,5.35,5.32,0.08,1.5038,0.6759,64757412,347263280.0,80480510474.4,51734818389.6
2015-11-18,'601600,中国铝业,5.32,5.48,5.3,5.39,5.41,-0.09,-1.6636,0.8329,79795200,430137851.0,79288206615.5,50968376635.7
2015-11-17,'601600,中国铝业,5.41,5.54,5.37,5.42,5.4,0.01,0.1852,1.3297,127388143,694535066.0,80629548456.8,51830623608.8
2015-11-16,'601600,中国铝业,5.4,5.41,5.23,5.27,5.36,0.04,0.7463,0.8875,85027173,452517179.0,80480510474.4,51734818389.6
2015-11-13,'601600,中国铝业,5.36,5.48,5.35,5.46,5.54,-0.18,-3.2491,1.3983,133964874,724628614.0,79884358545.0,51351597512.6
2015-11-12,'601600,中国铝业,5.54,5.77,5.53,5.57,5.56,-0.02,-0.3597,2.0302,194499826,1095687511.0,82567042227.4,53076091459.0
2015-11-11,'601600,中国铝业,5.56,5.66,5.51,5.62,5.68,-0.12,-2.1127,1.6602,159059166,885459977.0,82865118192.2,53267701897.4
2015-11-10,'601600,中国铝业,5.68,5.74,5.42,5.49,5.55,0.13,2.3423,2.7437,262856189,1466743699.0,84653573980.5,54417364528.3
2015-11-09,'601600,中国铝业,5.55,5.65,5.41,5.45,5.49,0.06,1.0929,2.4467,234407384,1298619892.0,82716080209.8,53171896678.2
2015-11-06,'601600,中国铝业,5.49,5.55,5.38,5.4,5.45,0.04,0.7339,2.269,217380013,1185344338.0,81821852315.6,52597065362.8
2015-11-05,'601600,中国铝业,5.45,5.68,5.22,5.24,5.25,0.2,3.8095,3.5623,341285594,1856597567.0,81225700386.2,52213844485.8
2015-11-04,'601600,中国铝业,5.25,5.26,5.03,5.05,5.02,0.23,4.5817,1.3634,130624628,674339403.0,78244940739.0,50297740101.0
2015-11-03,'601600,中国铝业,5.02,5.11,4.98,5.03,4.98,0.04,0.8032,0.6546,62713176,316252392.0,74817067144.7,48094220058.5
2015-11-02,'601600,中国铝业,4.98,5.13,4.97,5.06,5.14,-0.16,-3.1128,0.9636,92313177,465770349.0,74220915215.3,47710999181.5
2015-10-30,'601600,中国铝业,5.14,5.24,5.11,5.2,5.25,-0.11,-2.0952,0.9059,86793370,448735537.0,76605522933.0,49243882689.4
2015-10-29,'601600,中国铝业,5.25,5.35,5.19,5.32,5.33,-0.08,-1.5009,1.3592,130218863,683847780.0,78244940739.0,50297740101.0
2015-10-28,'601600,中国铝业,5.33,5.54,5.17,5.27,5.3,0.03,0.566,2.3,220351021,1183061548.0,79437244597.9,51064181854.9
2015-10-27,'601600,中国铝业,5.3,5.34,5.1,5.31,5.4,-0.1,-1.8519,1.379,132118984,694222504.0,78990130650.8,50776766197.2
2015-10-26,'601600,中国铝业,5.4,5.5,5.2,5.3,5.25,0.15,2.8571,2.4338,233166794,1250708200.0,80480510474.4,51734818389.6
2015-10-23,'601600,中国铝业,5.25,5.3,5.12,5.24,5.18,0.07,1.3514,1.4902,142764482,745896690.0,78244940739.0,50297740101.0
2015-10-22,'601600,中国铝业,5.18,5.2,4.95,4.99,4.99,0.19,3.8076,1.5938,152690681,776005029.0,77201674862.5,49627103566.3
2015-10-21,'601600,中国铝业,4.99,5.42,4.94,5.37,5.38,-0.39,-7.2491,1.9341,185293607,971512970.0,74369953197.6,47806804400.8
2015-10-20,'601600,中国铝业,5.38,5.42,5.28,5.38,5.4,-0.02,-0.3704,1.3178,126248772,675448694.0,80182434509.7,51543207951.1
2015-10-19,'601600,中国铝业,5.4,5.45,5.25,5.31,5.37,0.03,0.5587,1.7809,170620056,912496582.0,80480510474.4,51734818389.6
2015-10-16,'601600,中国铝业,5.37,5.41,5.25,5.35,5.33,0.04,0.7505,1.6197,155175436,827158297.0,80033396527.3,51447402731.9
2015-10-15,'601600,中国铝业,5.33,5.34,5.1,5.13,5.19,0.14,2.6975,1.4412,138076381,723247267.0,79437244597.9,51064181854.9
2015-10-14,'601600,中国铝业,5.19,5.46,5.12,5.16,5.18,0.01,0.1931,1.9198,183922107,973315519.0,77350712844.8,49722908785.6
2015-10-13,'601600,中国铝业,5.18,5.23,5.13,5.18,5.24,-0.06,-1.145,0.9478,90800586,469229416.0,77201674862.5,49627103566.3
2015-10-12,'601600,中国铝业,5.24,5.32,5.01,5.06,5.0,0.24,4.8,1.5138,145031480,751527899.0,78095902756.6,50201934881.8
2015-10-09,'601600,中国铝业,5.0,5.04,4.82,4.85,4.85,0.15,3.0928,1.0231,98019568,485425335.0,74518991180.0,47902609620.0
2015-10-08,'601600,中国铝业,4.85,4.93,4.83,4.9,4.67,0.18,3.8544,0.8043,77057038,375816697.0,72283421444.6,46465531331.4
2015-09-30,'601600,中国铝业,4.67,4.74,4.66,4.73,4.68,-0.01,-0.2137,0.461,44167053,207372141.0,69600737762.1,44741037385.1
2015-09-29,'601600,中国铝业,4.68,4.78,4.63,4.77,4.85,-0.17,-3.5052,0.5452,52236382,246316797.0,69749775744.5,44836842604.3
2015-09-28,'601600,中国铝业,4.85,4.88,4.76,4.83,4.82,0.03,0.6224,0.4673,44770589,215519682.0,72283421444.6,46465531331.4
2015-09-25,'601600,中国铝业,4.82,5.05,4.76,4.99,5.01,-0.19,-3.7924,0.7308,70014444,343641942.0,71836307497.5,46178115673.7
2015-09-24,'601600,中国铝业,5.01,5.05,4.95,4.95,4.95,0.06,1.2121,0.6451,61802861,309232450.0,74668029162.4,47998414839.2
2015-09-23,'601600,中国铝业,4.95,5.05,4.89,5.0,5.17,-0.22,-4.2553,1.0689,102409144,509590873.0,73773801268.2,47423583523.8
2015-09-22,'601600,中国铝业,5.17,5.28,5.07,5.11,5.1,0.07,1.3725,1.2854,123145704,637516583.0,77052636880.1,49531298347.1
2015-09-21,'601600,中国铝业,5.1,5.13,4.96,5.02,5.03,0.07,1.3917,0.9114,87313479,440595497.0,76009371003.6,48860661812.4
2015-09-18,'601600,中国铝业,5.03,5.08,4.93,5.0,4.96,0.07,1.4113,0.7612,72926275,364812508.0,74966105127.1,48190025277.7
2015-09-17,'601600,中国铝业,4.96,5.24,4.95,5.03,5.04,-0.08,-1.5873,1.2643,121130105,617236729.0,73922839250.6,47519388743.0
2015-09-16,'601600,中国铝业,5.04,5.09,4.64,4.64,4.63,0.41,8.8553,1.1354,108781315,528882418.0,75115143109.4,48285830497.0
2015-09-15,'601600,中国铝业,4.63,4.99,4.6,4.9,5.07,-0.44,-8.6785,0.9181,87959990,423701142.0,69004585832.7,44357816508.1
2015-09-14,'601600,中国铝业,5.07,5.4,4.72,5.3,5.24,-0.17,-3.2443,1.6187,155077526,782617706.0,75562257056.5,48573246154.7
2015-09-11,'601600,中国铝业,5.24,5.34,5.13,5.22,5.24,0.0,0.0,0.8829,84587365,443164542.0,78095902756.6,50201934881.8
2015-09-10,'601600,中国铝业,5.24,5.48,5.17,5.36,5.47,-0.23,-4.2048,1.3048,125006360,666044484.0,78095902756.6,50201934881.8
2015-09-09,'601600,中国铝业,5.47,5.48,5.27,5.33,5.28,0.19,3.5985,1.4969,143408731,774522759.0,81523776350.9,52405454924.3
2015-09-08,'601600,中国铝业,5.28,5.32,4.99,5.02,5.1,0.18,3.5294,0.9729,93209664,481348258.0,78692054686.1,50585155758.7
2015-09-07,'601600,中国铝业,5.1,5.35,5.06,5.18,5.05,0.05,0.9901,1.0249,98189472,510197802.0,76009371003.6,48860661812.4
2015-09-02,'601600,中国铝业,5.05,5.55,5.02,5.29,5.55,-0.5,-9.009,1.4605,139925185,740239435.0,75264181091.8,48381635716.2
2015-09-01,'601600,中国铝业,5.55,5.63,5.01,5.21,5.36,0.19,3.5448,2.8796,275877745,1475561297.0,82716080209.8,53171896678.2
2015-08-31,'601600,中国铝业,5.36,5.4,5.1,5.3,5.43,-0.07,-1.2891,1.9515,186966851,981765873.0,79884358545.0,51351597512.6
2015-08-28,'601600,中国铝业,5.43,5.45,5.01,5.11,4.99,0.44,8.8176,2.3228,222533859,1161804554.0,80927624421.5,52022234047.3
2015-08-27,'601600,中国铝业,4.99,5.0,4.53,4.8,4.66,0.33,7.0815,1.8967,181709871,872432983.0,74369953197.6,47806804400.8
2015-08-26,'601600,中国铝业,4.66,5.19,4.56,5.01,5.01,-0.35,-6.986,2.4666,236310060,1167439575.0,69451699779.8,44645232165.8
2015-08-25,'601600,中国铝业,5.01,5.23,5.01,5.02,5.57,-0.56,-10.0539,1.51,144661986,731209143.0,74668029162.4,47998414839.2
2015-08-24,'601600,中国铝业,5.57,5.95,5.57,5.9,6.19,-0.62,-10.0162,1.712,164016621,925243308.0,83014156174.5,53363507116.7
2015-08-21,'601600,中国铝业,6.19,6.6,6.1,6.5,6.64,-0.45,-6.7771,1.83,175322698,1113649699.0,92254511080.8,59303430709.6
2015-08-20,'601600,中国铝业,6.64,7.02,6.6,6.71,6.85,-0.21,-3.0657,2.0437,195797986,1329332409.0,98961220287.0,63614665575.4
2015-08-19,'601600,中国铝业,6.85,6.98,6.18,6.5,6.8,0.05,0.7353,2.2841,218827702,1439726930.0,1.02091017917e+11,65626575179.4
2015-08-18,'601600,中国铝业,6.8,7.55,6.8,7.5,7.55,-0.75,-9.9338,3.25,311364824,2213584792.0,1.01345828005e+11,65147549083.2
2015-08-17,'601600,中国铝业,7.55,7.64,7.22,7.27,7.31,0.24,3.2832,2.4756,237173351,1769936163.0,1.12523676682e+11,72332940526.2
2015-08-14,'601600,中国铝业,7.31,7.6,7.26,7.48,7.42,-0.11,-1.4825,2.8512,273162640,2034007540.0,1.08946765105e+11,70033615264.4
2015-08-13,'601600,中国铝业,7.42,7.49,7.07,7.1,7.16,0.26,3.6313,2.9824,285728465,2083320047.0,1.10586182911e+11,71087472676.1
2015-08-12,'601600,中国铝业,7.16,7.28,7.0,7.08,7.2,-0.04,-0.5556,2.4976,239279639,1714314259.0,1.0671119537e+11,68596536975.8
2015-08-11,'601600,中国铝业,7.2,7.48,7.1,7.2,7.21,-0.01,-0.1387,4.3607,417781595,3036212135.0,1.07307347299e+11,68979757852.8
2015-08-10,'601600,中国铝业,7.21,7.21,6.72,6.85,6.55,0.66,10.0763,4.1811,400574070,2821537061.0,1.07456385282e+11,69075563072.0
2015-08-07,'601600,中国铝业,6.55,6.64,6.36,6.36,6.35,0.2,3.1496,1.4162,135679195,884862633.0,97619878445.8,62752418602.2
2015-08-06,'601600,中国铝业,6.35,6.5,6.25,6.3,6.47,-0.12,-1.8547,0.9727,93193688,595364545.0,94639118798.6,60836314217.4
2015-08-05,'601600,中国铝业,6.47,6.68,6.4,6.6,6.65,-0.18,-2.7068,1.5627,149717302,981326363.0,96427574586.9,61985976848.3
2015-08-04,'601600,中国铝业,6.65,6.68,6.4,6.45,6.39,0.26,4.0689,1.8435,176619922,1160202022.0,99110258269.4,63710470794.6
2015-08-03,'601600,中国铝业,6.39,6.43,5.9,6.13,6.25,0.14,2.24,2.4078,230684561,1417886743.0,95235270728.0,61219535094.4
2015-07-31,'601600,中国铝业,6.25,6.27,5.97,5.97,6.09,0.16,2.6273,2.0565,197022338,1209516078.0,93148738975.0,59878262025.0
2015-07-30,'601600,中国铝业,6.09,6.6,6.01,6.34,6.38,-0.29,-4.5455,2.394,229354520,1464985920.0,90764131257.2,58345378517.2
2015-07-29,'601600,中国铝业,6.38,6.43,5.96,6.11,6.01,0.37,6.1564,2.2379,214400760,1317475052.0,95086232745.7,61123729875.1
2015-07-28,'601600,中国铝业,6.01,6.31,5.7,5.9,6.33,-0.32,-5.0553,3.4025,325974556,1940438504.0,89571827398.4,57578936763.2
2015-07-27,'601600,中国铝业,6.33,6.95,6.33,6.78,7.03,-0.7,-9.9573,3.7554,359784934,2395039150.0,94341042833.9,60644703778.9
2015-07-24,'601600,中国铝业,7.03,7.55,6.88,6.98,7.05,-0.02,-0.2837,5.6472,541035217,3880791105.0,1.04773701599e+11,67351069125.7
2015-07-23,'601600,中国铝业,7.05,7.2,6.65,6.73,6.75,0.3,4.4444,4.4329,424699549,2932078214.0,1.05071777564e+11,67542679564.2
2015-07-22,'601600,中国铝业,6.75,6.84,6.4,6.55,6.63,0.12,1.81,3.3827,324076800,2149931667.0,1.00600638093e+11,64668522987.0
2015-07-21,'601600,中国铝业,6.63,6.79,6.43,6.55,6.64,-0.01,-0.1506,2.7581,264244684,1753488416.0,98812182304.7,63518860356.1
2015-07-20,'601600,中国铝业,6.64,6.8,6.34,6.51,6.49,0.15,2.3112,3.3588,321794597,2123475882.0,98961220287.0,63614665575.4
2015-07-17,'601600,中国铝业,6.49,6.5,6.04,6.06,6.04,0.45,7.4503,2.6426,253178001,1594047664.0,96725650551.6,62177587286.8
2015-07-16,'601600,中国铝业,6.04,6.25,5.51,5.87,5.87,0.17,2.8961,2.4446,234206594,1403353872.0,90018941345.4,57866352421.0
2015-07-15,'601600,中国铝业,5.87,6.4,5.87,6.36,6.52,-0.65,-9.9693,3.0518,292377963,1782513301.0,87485295645.3,56237663693.9
2015-07-14,'601600,中国铝业,6.52,7.07,6.46,6.8,7.04,-0.52,-7.3864,4.561,436965210,2942836806.0,97172764498.7,62465002944.5
2015-07-13,'601600,中国铝业,7.04,7.05,6.46,6.5,6.41,0.63,9.8284,5.9437,569440689,3836822756.0,1.04922739581e+11,67446874345.0
2015-07-10,'601600,中国铝业,6.41,6.41,5.83,6.01,5.83,0.58,9.9485,4.1021,393005806,2480022350.0,95533346692.8,61411145532.8
2015-07-09,'601600,中国铝业,5.83,5.83,4.78,5.3,5.3,0.53,10.0,4.585,439262298,2414109317.0,86889143715.9,55854442816.9
2015-07-08,'601600,中国铝业,5.3,5.47,5.3,5.3,5.89,-0.59,-10.017,2.8459,272654033,1447247379.0,78990130650.8,50776766197.2
2015-07-07,'601600,中国铝业,5.89,6.26,5.73,6.2,6.37,-0.48,-7.5353,5.4392,521100302,3055106899.0,87783371610.0,56429274132.4
2015-07-06,'601600,中国铝业,6.37,7.38,6.2,7.37,6.87,-0.5,-7.278,4.39,420589540,2821548958.0,94937194763.3,61027924655.9
2015-07-03,'601600,中国铝业,6.87,7.46,6.87,7.12,7.63,-0.76,-9.9607,3.1881,305432890,2133861838.0,1.02389093881e+11,65818185617.9
2015-07-02,'601600,中国铝业,7.63,8.43,7.63,8.3,8.48,-0.85,-10.0236,4.0031,383515288,3028343639.0,1.13715980541e+11,73099382280.1
2015-07-01,'601600,中国铝业,8.48,9.21,8.42,8.9,9.33,-0.85,-9.1104,4.5863,439388535,3930679712.0,1.26384209041e+11,81242825915.5
2015-06-30,'601600,中国铝业,9.33,9.36,8.23,9.15,9.14,0.19,2.0788,6.9185,662831234,5817406994.0,1.39052437542e+11,89386269550.9
2015-06-29,'601600,中国铝业,9.14,9.38,8.42,8.88,8.67,0.47,5.421,6.6453,636649724,5777532194.0,1.36220715877e+11,87565970385.4
2015-06-26,'601600,中国铝业,8.67,9.49,8.2,8.61,8.83,-0.16,-1.812,5.2214,500239270,4483443055.0,1.29215930706e+11,83063125081.1
2015-06-25,'601600,中国铝业,8.83,9.47,8.61,9.13,9.15,-0.32,-3.4973,3.3209,318158545,2909742114.0,1.31600538424e+11,84596008588.9
2015-06-24,'601600,中国铝业,9.15,9.18,8.69,8.79,8.69,0.46,5.2934,3.1733,304020767,2707292515.0,1.36369753859e+11,87661775604.6
2015-06-23,'601600,中国铝业,8.69,8.7,7.73,8.5,8.5,0.19,2.2353,2.7403,262537027,2202025625.0,1.29514006671e+11,83254735519.6
2015-06-19,'601600,中国铝业,8.5,9.29,8.4,9.08,9.33,-0.83,-8.896,2.8389,271984183,2417339660.0,1.26682285006e+11,81434436354.0
2015-06-18,'601600,中国铝业,9.33,9.95,9.3,9.6,9.69,-0.36,-3.7152,2.8198,270154649,2626397797.0,1.39052437542e+11,89386269550.9
2015-06-17,'601600,中国铝业,9.69,9.77,9.18,9.24,9.24,0.45,4.8701,2.912,278988471,2643240827.0,1.44417804907e+11,92835257443.6
2015-06-16,'601600,中国铝业,9.24,9.96,9.1,9.9,10.04,-0.8,-7.9681,3.86,369803933,3522259475.0,1.24966268122e+11,88524022577.8
2015-06-15,'601600,中国铝业,10.04,10.47,10.0,10.4,10.35,-0.31,-2.9952,3.8917,372842969,3793776195.0,1.35785858436e+11,96188440117.0
2015-06-12,'601600,中国铝业,10.35,10.58,10.11,10.48,10.43,-0.08,-0.767,4.0687,389806237,4033678534.0,1.39978449682e+11,99158401913.4
2015-06-11,'601600,中国铝业,10.43,10.65,10.02,10.1,10.2,0.23,2.2549,4.6593,446381895,4640189498.0,1.41060408714e+11,99924843667.3
2015-06-10,'601600,中国铝业,10.2,10.65,10.15,10.3,10.57,-0.37,-3.5005,4.3882,420413034,4352252021.0,1.37949776498e+11,97721323624.8
2015-06-09,'601600,中国铝业,10.57,10.8,9.91,10.29,10.39,0.18,1.7324,6.6813,640108077,6644438212.0,1.42953837018e+11,1.01266116737e+11
2015-06-08,'601600,中国铝业,10.39,10.78,9.88,9.98,9.87,0.52,5.2685,7.3972,708691390,7256934890.0,1.40519429198e+11,99541622790.4
2015-06-05,'601600,中国铝业,9.87,10.15,9.48,9.54,9.48,0.39,4.1139,6.0075,575550020,5669238971.0,1.33486695494e+11,94559751389.9
2015-06-04,'601600,中国铝业,9.48,9.62,8.7,9.62,9.62,-0.14,-1.4553,3.6025,345141076,3185399179.0,1.28212145216e+11,90823347839.5
2015-06-03,'601600,中国铝业,9.62,9.74,9.22,9.31,9.33,0.29,3.1083,4.17,399511994,3795534273.0,1.30105573521e+11,92164620908.9
2015-06-02,'601600,中国铝业,9.33,9.48,9.1,9.28,9.29,0.04,0.4306,3.9874,382013151,3538787249.0,1.26183472032e+11,89386269550.9
2015-06-01,'601600,中国铝业,9.29,9.3,8.77,8.85,8.85,0.44,4.9718,3.303,316446999,2878105261.0,1.25642492517e+11,89003048674.0
2015-05-29,'601600,中国铝业,8.85,9.27,8.28,8.99,9.08,-0.23,-2.533,4.5309,434084556,3851728191.0,1.19691717844e+11,84787619027.4
2015-05-28,'601600,中国铝业,9.08,10.14,9.08,10.1,10.09,-1.01,-10.0099,5.362,513709440,5002367405.0,1.22802350059e+11,86991139069.9
2015-05-27,'601600,中国铝业,10.09,10.27,9.85,10.14,10.14,-0.05,-0.4931,5.1582,494178343,4960247750.0,1.3646208283e+11,96667466213.2
2015-05-26,'601600,中国铝业,10.14,10.27,9.83,10.11,10.11,0.03,0.2967,5.6838,544539294,5491291898.0,1.37138307225e+11,97146492309.4
2015-05-25,'601600,中国铝业,10.11,10.25,9.62,9.71,9.74,0.37,3.7988,5.5922,535761911,5358449529.0,1.36732572588e+11,96859076651.6
2015-05-22,'601600,中国铝业,9.74,9.85,9.42,9.52,9.49,0.25,2.6344,4.5682,437660898,4241732434.0,1.31728512068e+11,93314283539.8
2015-05-21,'601600,中国铝业,9.49,9.59,9.31,9.53,9.56,-0.07,-0.7322,3.1105,297997997,2806243162.0,1.28347390095e+11,90919153058.8
2015-05-20,'601600,中国铝业,9.56,9.85,9.45,9.74,9.74,-0.18,-1.848,4.2073,403085221,3895232027.0,1.29294104248e+11,91589789593.4
2015-05-19,'601600,中国铝业,9.74,9.84,9.32,9.4,9.53,0.21,2.2036,4.1626,398801529,3834888662.0,1.31728512068e+11,93314283539.8
2015-05-18,'601600,中国铝业,9.53,10.0,9.5,9.9,10.43,-0.9,-8.629,6.7826,649803960,6332126410.0,1.28888369611e+11,91302373935.7
2015-05-15,'601600,中国铝业,10.43,10.45,9.88,10.19,9.5,0.93,9.7895,10.6363,1019013679,10528413399.0,1.41060408714e+11,99924843667.3
2015-05-14,'601600,中国铝业,9.5,9.5,8.33,8.55,8.64,0.86,9.9537,5.0278,481693191,4298228883.0,1.28482634974e+11,91014958278.0
2015-05-13,'601600,中国铝业,8.64,8.91,8.56,8.89,8.95,-0.31,-3.4637,2.7817,266497904,2324684042.0,1.16851575387e+11,82775709423.4
2015-05-12,'601600,中国铝业,8.95,8.99,8.71,8.85,8.83,0.12,1.359,2.6292,251890624,2230383434.0,1.21044166633e+11,85745671219.8
2015-05-11,'601600,中国铝业,8.83,8.85,8.41,8.57,8.47,0.36,4.2503,2.6991,258591331,2232997117.0,1.19421228086e+11,84596008588.9
2015-05-08,'601600,中国铝业,8.47,8.58,8.1,8.5,8.33,0.14,1.6807,2.5634,245585624,2059240940.0,1.14552412445e+11,81147020696.3
2015-05-07,'601600,中国铝业,8.33,8.73,8.24,8.56,8.75,-0.42,-4.8,2.5203,241462505,2047391200.0,1.1265898414e+11,79805747626.9
2015-05-06,'601600,中国铝业,8.75,9.15,8.52,8.9,8.8,-0.05,-0.5682,2.8199,270157694,2409692584.0,1.18339269055e+11,83829566835.0
2015-05-05,'601600,中国铝业,8.8,9.52,8.7,9.52,9.56,-0.76,-7.9498,3.4257,328195354,2982108123.0,1.1901549345e+11,84308592931.2
2015-05-04,'601600,中国铝业,9.56,9.77,9.05,9.42,9.5,0.06,0.6316,3.3143,317531559,2998625793.0,1.29294104248e+11,91589789593.4
2015-04-30,'601600,中国铝业,9.5,10.0,9.41,9.92,10.0,-0.5,-5.0,4.2944,411430167,3970092380.0,1.28482634974e+11,91014958278.0
2015-04-29,'601600,中国铝业,10.0,10.35,9.88,10.35,10.38,-0.38,-3.6609,3.8303,366962904,3715388817.0,1.3524487892e+11,95805219240.0
2015-04-28,'601600,中国铝业,10.38,10.88,9.8,9.91,10.17,0.21,2.0649,5.9402,569102183,5855990271.0,1.40384184319e+11,99445817571.1
2015-04-27,'601600,中国铝业,10.17,10.35,9.31,9.57,9.46,0.71,7.5053,5.4827,525267818,5109271299.0,1.37544041862e+11,97433907967.1
2015-04-24,'601600,中国铝业,9.46,9.98,9.25,9.5,9.55,-0.09,-0.9424,6.179,591982787,5676095933.0,1.27941655458e+11,90631737401.0
2015-04-23,'601600,中国铝业,9.55,9.55,8.6,8.69,8.68,0.87,10.023,5.7537,551234110,5073493666.0,1.29158859369e+11,91493984374.2
2015-04-22,'601600,中国铝业,8.68,8.95,8.18,8.3,8.28,0.4,4.8309,4.2199,404288260,3471323420.0,1.17392554903e+11,83158930300.3
2015-04-21,'601600,中国铝业,8.28,8.35,7.91,8.2,8.38,-0.1,-1.1933,3.9767,380987497,3095629897.0,1.11982759746e+11,79326721530.7
2015-04-20,'601600,中国铝业,8.38,8.77,7.84,8.05,8.02,0.36,4.4888,7.163,686256109,5646521856.0,1.13335208535e+11,80284773723.1
2015-04-17,'601600,中国铝业,8.02,8.14,7.4,7.47,7.4,0.62,8.3784,5.4944,526388216,4156407029.0,1.08466392894e+11,76835785830.5
2015-04-16,'601600,中国铝业,7.4,7.53,7.04,7.1,7.17,0.23,3.2078,3.0613,293291778,2148470583.0,1.00081210401e+11,70895862237.6
2015-04-15,'601600,中国铝业,7.17,7.5,6.93,7.0,7.0,0.17,2.4286,4.4461,425962188,3070699057.0,96970578185.6,68692342195.1
2015-04-14,'601600,中国铝业,7.0,7.14,6.95,7.08,7.13,-0.13,-1.8233,2.5872,247868690,1742674198.0,94671415244.0,67063653468.0
2015-04-13,'601600,中国铝业,7.13,7.14,6.91,7.0,7.0,0.13,1.8571,3.2023,306795490,2150915253.0,96429598670.0,68309121318.1
2015-04-10,'601600,中国铝业,7.0,7.1,6.83,6.88,6.92,0.08,1.1561,2.565,245736163,1715534060.0,94671415244.0,67063653468.0
2015-04-09,'601600,中国铝业,6.92,7.16,6.7,7.16,7.07,-0.15,-2.1216,3.4263,328254983,2273734598.0,93589456212.6,66297211714.1
2015-04-08,'601600,中国铝业,7.07,7.18,6.82,7.14,7.08,-0.01,-0.1412,3.7374,358059521,2503408394.0,95618129396.4,67734290002.7
2015-04-07,'601600,中国铝业,7.08,7.12,6.63,6.67,6.59,0.49,7.4355,4.9927,478325027,3293220561.0,95753374275.4,67830095221.9
2015-04-03,'601600,中国铝业,6.59,6.64,6.44,6.47,6.53,0.06,0.9188,2.9886,286323404,1875879667.0,89126375208.3,63135639479.2
2015-04-02,'601600,中国铝业,6.53,6.55,6.32,6.4,6.37,0.16,2.5118,3.264,312712461,2008718052.0,88314905934.8,62560808163.7
2015-04-01,'601600,中国铝业,6.37,6.42,6.25,6.3,6.31,0.06,0.9509,2.1729,208176838,1318466580.0,86150987872.0,61027924655.9
2015-03-31,'601600,中国铝业,6.31,6.6,6.28,6.55,6.53,-0.22,-3.3691,2.9403,281693560,1813267670.0,85339518598.5,60453093340.4
2015-03-30,'601600,中国铝业,6.53,6.58,6.28,6.32,6.3,0.23,3.6508,2.908,278601814,1794964647.0,88314905934.8,62560808163.7
2015-03-27,'601600,中国铝业,6.3,6.44,6.26,6.38,6.36,-0.06,-0.9434,1.6741,160391213,1017567462.0,85204273719.6,60357288121.2
2015-03-26,'601600,中国铝业,6.36,6.53,6.09,6.16,6.27,0.09,1.4354,2.5418,243514406,1547932192.0,86015742993.1,60932119436.6
2015-03-25,'601600,中国铝业,6.27,6.45,6.22,6.45,6.48,-0.21,-3.2407,2.5332,242692425,1540163528.0,84798539082.8,60069872463.5
2015-03-24,'601600,中国铝业,6.48,6.66,6.32,6.58,6.56,-0.08,-1.2195,3.3554,321469517,2079465708.0,87638681540.2,62081782067.5
2015-03-23,'601600,中国铝业,6.56,6.63,6.34,6.41,6.34,0.22,3.47,3.2104,307573921,1996617509.0,88720640571.5,62848223821.4
2015-03-20,'601600,中国铝业,6.34,6.48,6.22,6.4,6.46,-0.12,-1.8576,2.4475,234480899,1484444845.0,85745253235.3,60740508998.2
2015-03-19,'601600,中国铝业,6.46,6.74,6.3,6.39,6.38,0.08,1.2539,3.3607,321972088,2090522964.0,87368191782.3,61890171629.0
2015-03-18,'601600,中国铝业,6.38,6.5,6.23,6.28,6.28,0.1,1.5924,2.8818,276087215,1750778027.0,86286232751.0,61123729875.1
2015-03-17,'601600,中国铝业,6.28,6.35,6.09,6.13,6.13,0.15,2.447,2.6715,255943856,1597048260.0,84933783961.8,60165677682.7
2015-03-16,'601600,中国铝业,6.13,6.14,5.95,6.03,6.04,0.09,1.4901,1.5493,148429778,900229078.0,82905110778.0,58728599394.1
2015-03-13,'601600,中国铝业,6.04,6.14,5.9,6.04,6.02,0.02,0.3322,1.1477,109960152,662374578.0,81687906867.7,57866352421.0
2015-03-12,'601600,中国铝业,6.02,6.23,5.97,6.0,5.98,0.04,0.6689,1.4072,134818785,820385185.0,81417417109.8,57674741982.5
2015-03-11,'601600,中国铝业,5.98,6.26,5.88,6.12,6.15,-0.17,-2.7642,1.688,161716169,976366286.0,80876437594.2,57291521105.5
2015-03-10,'601600,中国铝业,6.15,6.28,6.08,6.1,6.24,-0.09,-1.4423,1.8363,175924091,1084853329.0,83175600535.8,58920209832.6
2015-03-09,'601600,中国铝业,6.24,6.35,5.94,6.04,6.04,0.2,3.3113,3.6615,350790818,2166486966.0,84392804446.1,59782456805.8
2015-03-06,'601600,中国铝业,6.04,6.04,5.45,5.48,5.49,0.55,10.0182,1.6281,155981249,921276147.0,81687906867.7,57866352421.0
2015-03-05,'601600,中国铝业,5.49,5.63,5.41,5.6,5.64,-0.15,-2.6596,0.8591,82304102,453950426.0,74249438527.1,52597065362.8
2015-03-04,'601600,中国铝业,5.64,5.76,5.6,5.63,5.68,-0.04,-0.7042,0.8173,78300186,443589044.0,76278111710.9,54034143651.4
2015-03-03,'601600,中国铝业,5.68,5.89,5.45,5.6,5.62,0.06,1.0676,1.9283,184745858,1054865433.0,76819091226.6,54417364528.3
2015-03-02,'601600,中国铝业,5.62,5.7,5.42,5.48,5.41,0.21,3.8817,1.4987,143585186,803650172.0,76007621953.0,53842533212.9
2015-02-27,'601600,中国铝业,5.41,5.44,5.34,5.4,5.4,0.01,0.1852,0.8646,82829093,446990933.0,73167479495.7,51830623608.8
2015-02-26,'601600,中国铝业,5.4,5.42,5.1,5.16,5.16,0.24,4.6512,1.2641,121111089,640193161.0,73032234616.8,51734818389.6
2015-02-25,'601600,中国铝业,5.16,5.25,5.11,5.24,5.24,-0.08,-1.5267,0.5649,54116222,280161896.0,69786357522.7,49435493127.8
2015-02-17,'601600,中国铝业,5.24,5.25,5.17,5.2,5.17,0.07,1.354,0.5899,56512994,294190249.0,70868316554.1,50201934881.8
2015-02-16,'601600,中国铝业,5.17,5.2,5.14,5.15,5.14,0.03,0.5837,0.4739,45397549,234490866.0,69921602401.6,49531298347.1
2015-02-13,'601600,中国铝业,5.14,5.24,5.06,5.06,5.08,0.06,1.1811,0.8848,84770144,437836680.0,69515867764.9,49243882689.4
2015-02-12,'601600,中国铝业,5.08,5.1,4.98,5.04,5.04,0.04,0.7937,0.5762,55202308,278742074.0,68704398491.4,48669051373.9
2015-02-11,'601600,中国铝业,5.04,5.1,4.98,5.03,4.99,0.05,1.002,0.5749,55077081,277306011.0,68163418975.7,48285830497.0
2015-02-10,'601600,中国铝业,4.99,5.0,4.91,4.91,4.94,0.05,1.0121,0.6167,59087597,293530340.0,67487194581.1,47806804400.8
2015-02-09,'601600,中国铝业,4.94,5.0,4.73,4.86,4.89,0.05,1.0225,1.0828,103740022,502080122.0,66810970186.5,47327778304.6
2015-02-06,'601600,中国铝业,4.89,5.08,4.82,5.06,5.09,-0.2,-3.9293,1.0876,104198161,515878947.0,66134745791.9,46848752208.4
2015-02-05,'601600,中国铝业,5.09,5.38,5.08,5.3,5.19,-0.1,-1.9268,0.8878,85053432,442275243.0,68839643370.3,48764856593.2
2016-02-15,'601600,中国铝业,4.02,4.08,3.8,3.86,3.96,0.06,1.5152,0.6539,62650952,246976758.0,59913268908.7,38513698134.5

