2016-02-05,'601800,中国交建,10.79,11.0,10.74,10.84,10.87,-0.08,-0.736,0.1304,15320065,165887476.0,1.74525395236e+11,1.26752670236e+11
2016-02-04,'601800,中国交建,10.87,11.15,10.71,10.71,10.71,0.16,1.4939,0.1769,20784313,226997005.0,1.7581937407e+11,1.2769244907e+11
2016-02-03,'601800,中国交建,10.71,10.94,10.44,10.61,10.76,-0.05,-0.4647,0.1396,16402063,174515129.0,1.73231416402e+11,1.25812891402e+11
2016-02-02,'601800,中国交建,10.76,10.98,10.52,10.52,10.49,0.27,2.5739,0.1524,17904224,192818603.0,1.74040153173e+11,1.26400253173e+11
2016-02-01,'601800,中国交建,10.49,10.74,10.3,10.62,10.8,-0.31,-2.8704,0.1594,18729204,197206781.0,1.69672974608e+11,1.23228499608e+11
2016-01-29,'601800,中国交建,10.8,11.09,10.21,10.37,10.31,0.49,4.7527,0.2566,30141315,325487332.0,1.7468714259e+11,1.2687014259e+11
2016-01-28,'601800,中国交建,10.31,10.81,10.13,10.7,10.93,-0.62,-5.6725,0.1986,23327817,245201350.0,1.66761522232e+11,1.21113997232e+11
2016-01-27,'601800,中国交建,10.93,11.0,10.2,10.38,10.76,0.17,1.5799,0.2939,34523880,366764217.0,1.76789858195e+11,1.28397283195e+11
2016-01-26,'601800,中国交建,10.76,11.8,10.69,11.68,11.88,-1.12,-9.4276,0.345,40530549,453797315.0,1.74040153173e+11,1.26400253173e+11
2016-01-25,'601800,中国交建,11.88,12.08,11.75,12.0,12.12,-0.24,-1.9802,0.3362,39498399,469991006.0,1.92155856849e+11,1.39557156849e+11
2016-01-22,'601800,中国交建,12.12,12.47,11.35,11.88,11.8,0.32,2.7119,0.5611,65915520,791211868.0,1.96037793351e+11,1.42376493351e+11
2016-01-21,'601800,中国交建,11.8,12.51,11.72,12.0,12.8,-1.0,-7.8125,0.6502,76380425,929846937.0,1.90861878015e+11,1.38617378015e+11
2016-01-20,'601800,中国交建,12.8,12.99,12.65,12.85,11.81,0.99,8.3827,0.9424,110707278,1425404334.0,2.0703661344e+11,1.5036461344e+11
2016-01-19,'601800,中国交建,11.81,11.81,10.55,10.74,10.74,1.07,9.9628,0.156,18321144,209049595.0,1.91023625369e+11,1.38734850369e+11
2016-01-18,'601800,中国交建,10.74,10.96,10.28,10.4,10.63,0.11,1.0348,0.1417,16644345,178287185.0,1.73716658464e+11,1.26165308464e+11
2016-01-15,'601800,中国交建,10.63,11.3,10.58,11.1,11.21,-0.58,-5.174,0.1276,14994165,163590405.0,1.71937437568e+11,1.24873112568e+11
2016-01-14,'601800,中国交建,11.21,11.25,10.41,10.58,10.98,0.23,2.0947,0.1518,17833639,195074810.0,1.81318784114e+11,1.31686509114e+11
2016-01-13,'601800,中国交建,10.98,11.76,10.9,11.73,11.63,-0.65,-5.589,0.1491,17514499,199394958.0,1.77598594966e+11,1.28984644966e+11
2016-01-12,'601800,中国交建,11.63,11.71,11.27,11.45,11.29,0.34,3.0115,0.1961,23041851,265767315.0,1.88112172993e+11,1.36620347993e+11
2016-01-11,'601800,中国交建,11.29,12.2,11.12,11.4,11.49,-0.2,-1.7406,0.2406,28261384,331592201.0,1.82612762948e+11,1.32626287948e+11
2016-01-08,'601800,中国交建,11.49,11.88,10.51,11.6,11.32,0.17,1.5018,0.1597,18763051,215951308.0,1.85847710033e+11,1.34975735033e+11
2016-01-07,'601800,中国交建,11.32,12.28,11.25,12.2,12.48,-1.16,-9.2949,0.039,4580968,53856964.0,1.83098005011e+11,1.32978705011e+11
2016-01-06,'601800,中国交建,12.48,12.55,12.05,12.05,12.11,0.37,3.0553,0.1565,18387051,226781334.0,2.01860698104e+11,1.46605498104e+11
2016-01-05,'601800,中国交建,12.11,12.31,11.55,11.8,12.25,-0.14,-1.1429,0.1845,21678169,260406553.0,1.95876045997e+11,1.42259020997e+11
2016-01-04,'601800,中国交建,12.25,13.51,12.2,13.45,13.41,-1.16,-8.6503,0.1049,12318615,158957476.0,1.98140508956e+11,1.43903633956e+11
2015-12-31,'601800,中国交建,13.41,13.72,13.4,13.4,13.48,-0.07,-0.5193,0.1005,11806674,160037345.0,2.16903202049e+11,1.57530427049e+11
2015-12-30,'601800,中国交建,13.48,13.58,13.36,13.51,13.47,0.01,0.0742,0.0757,8893948,119683914.0,2.18035433529e+11,1.58352733529e+11
2015-12-29,'601800,中国交建,13.47,13.49,13.26,13.38,13.44,0.03,0.2232,0.1012,11890056,158809838.0,2.17873686175e+11,1.58235261175e+11
2015-12-28,'601800,中国交建,13.44,13.97,13.28,13.94,13.97,-0.53,-3.7938,0.2256,26506796,361032675.0,2.17388444112e+11,1.57882844112e+11
2015-12-25,'601800,中国交建,13.97,14.1,13.61,13.69,13.7,0.27,1.9708,0.175,20563197,284837284.0,2.25961053887e+11,1.64108878887e+11
2015-12-24,'601800,中国交建,13.7,13.96,13.51,13.86,13.88,-0.18,-1.2968,0.1897,22289841,305595902.0,2.21593875322e+11,1.60937125322e+11
2015-12-23,'601800,中国交建,13.88,14.12,13.85,14.06,13.99,-0.11,-0.7863,0.2119,24895990,348195997.0,2.24505327699e+11,1.63051627699e+11
2015-12-22,'601800,中国交建,13.99,14.16,13.88,14.16,14.15,-0.16,-1.1307,0.1723,20242191,282737833.0,2.26284548596e+11,1.64343823596e+11
2015-12-21,'601800,中国交建,14.15,14.26,13.7,13.9,13.86,0.29,2.0924,0.31,36416565,513103617.0,2.28872506264e+11,1.66223381264e+11
2015-12-18,'601800,中国交建,13.86,14.16,13.79,13.86,13.84,0.02,0.1445,0.2205,25900598,362166403.0,2.2418183299e+11,1.6281668299e+11
2015-12-17,'601800,中国交建,13.84,14.08,13.65,13.7,13.63,0.21,1.5407,0.2141,25151925,348417533.0,2.23858338282e+11,1.62581738282e+11
2015-12-16,'601800,中国交建,13.63,13.77,13.52,13.62,13.63,0.0,0.0,0.1257,14771302,201545717.0,2.20461643843e+11,1.60114818843e+11
2015-12-15,'601800,中国交建,13.63,13.95,13.57,13.87,13.87,-0.24,-1.7304,0.1677,19694298,269628778.0,2.20461643843e+11,1.60114818843e+11
2015-12-14,'601800,中国交建,13.87,13.95,13.12,13.2,13.29,0.58,4.3642,0.2329,27356788,373472150.0,2.24343580345e+11,1.62934155345e+11
2015-12-11,'601800,中国交建,13.29,13.5,13.23,13.33,13.31,-0.02,-0.1503,0.1136,13341566,177984861.0,2.14962233798e+11,1.56120758798e+11
2015-12-10,'601800,中国交建,13.31,13.7,13.25,13.54,13.48,-0.17,-1.2611,0.125,14689065,197920634.0,2.15285728507e+11,1.56355703507e+11
2015-12-09,'601800,中国交建,13.48,13.62,13.35,13.36,13.44,0.04,0.2976,0.1407,16531340,222595905.0,2.18035433529e+11,1.58352733529e+11
2015-12-08,'601800,中国交建,13.44,14.0,13.41,14.0,14.09,-0.65,-4.6132,0.2057,24164643,330206965.0,2.17388444112e+11,1.57882844112e+11
2015-12-07,'601800,中国交建,14.09,14.27,13.9,14.13,14.14,-0.05,-0.3536,0.1441,16925537,238347541.0,2.27902022138e+11,1.65518547138e+11
2015-12-04,'601800,中国交建,14.14,14.65,14.03,14.4,14.58,-0.44,-3.0178,0.2385,28016007,400302153.0,2.2871075891e+11,1.6610590891e+11
2015-12-03,'601800,中国交建,14.58,14.89,14.2,14.54,14.72,-0.14,-0.9511,0.3035,35650659,520086573.0,2.35827642496e+11,1.71274692496e+11
2015-12-02,'601800,中国交建,14.72,14.91,13.8,14.11,14.09,0.63,4.4713,0.4236,49756083,720163159.0,2.38092105456e+11,1.72919305456e+11
2015-12-01,'601800,中国交建,14.09,14.47,13.6,13.6,13.72,0.37,2.6968,0.2895,34010378,475480097.0,2.27902022138e+11,1.65518547138e+11
2015-11-30,'601800,中国交建,13.72,14.21,13.14,14.1,14.12,-0.4,-2.8329,0.3491,41009467,559876596.0,2.21917370031e+11,1.61172070031e+11
2015-11-27,'601800,中国交建,14.12,15.58,14.05,15.5,15.61,-1.49,-9.5452,0.4921,57807798,852256296.0,2.28387264201e+11,1.65870964201e+11
2015-11-26,'601800,中国交建,15.61,16.13,15.58,16.03,15.85,-0.24,-1.5142,0.3434,40335403,635971900.0,2.52487619984e+11,1.83374344984e+11
2015-11-25,'601800,中国交建,15.85,15.99,15.67,15.9,16.05,-0.2,-1.2461,0.3463,40675081,641666974.0,2.56369556486e+11,1.86193681486e+11
2015-11-24,'601800,中国交建,16.05,16.26,15.76,16.26,16.26,-0.21,-1.2915,0.2726,32018441,510001384.0,2.59604503571e+11,1.88543128571e+11
2015-11-23,'601800,中国交建,16.26,16.42,15.85,15.86,15.86,0.4,2.5221,0.4001,47002924,759821209.0,2.6300119801e+11,1.9101004801e+11
2015-11-20,'601800,中国交建,15.86,16.34,15.73,15.94,15.91,-0.05,-0.3143,0.3028,35565735,569458016.0,2.5653130384e+11,1.8631115384e+11
2015-11-19,'601800,中国交建,15.91,15.94,15.62,15.76,15.66,0.25,1.5964,0.2225,26138626,412750600.0,2.57340040612e+11,1.86898515612e+11
2015-11-18,'601800,中国交建,15.66,16.16,15.56,16.15,16.14,-0.48,-2.974,0.358,42050209,666815418.0,2.53296356756e+11,1.83961706756e+11
2015-11-17,'601800,中国交建,16.14,16.85,16.09,16.46,16.28,-0.14,-0.86,0.5529,64953009,1072257170.0,2.6106022976e+11,1.8960037976e+11
2015-11-16,'601800,中国交建,16.28,16.39,15.41,15.51,15.72,0.56,3.5623,0.4298,50493099,807048550.0,2.63324692719e+11,1.91244992719e+11
2015-11-13,'601800,中国交建,15.72,16.3,15.62,15.89,16.09,-0.37,-2.2996,0.3669,43105305,688354530.0,2.54266840881e+11,1.84666540881e+11
2015-11-12,'601800,中国交建,16.09,16.44,16.0,16.32,16.3,-0.21,-1.2883,0.3555,41762298,673375350.0,2.60251492988e+11,1.89013017988e+11
2015-11-11,'601800,中国交建,16.3,16.97,15.98,16.13,16.2,0.1,0.6173,0.4611,54165598,887753468.0,2.63648187428e+11,1.91479937428e+11
2015-11-10,'601800,中国交建,16.2,16.58,16.0,16.37,16.58,-0.38,-2.2919,0.5877,69034214,1120444562.0,2.62030713885e+11,1.90305213885e+11
2015-11-09,'601800,中国交建,16.58,17.7,16.23,16.32,16.56,0.02,0.1208,1.0017,117671835,1996595855.0,2.68177113346e+11,1.94769163346e+11
2015-11-06,'601800,中国交建,16.56,16.77,16.01,16.2,16.67,-0.11,-0.6599,1.0943,128554865,2103345657.0,2.67853618638e+11,1.94534218638e+11
2015-11-05,'601800,中国交建,16.67,16.8,15.12,15.33,15.27,1.4,9.1683,1.6388,192508309,3176272989.0,2.69632839535e+11,1.95826414535e+11
2015-11-04,'601800,中国交建,15.27,15.5,14.4,14.4,14.54,0.73,5.0206,0.5944,69822323,1048814031.0,2.4698820994e+11,1.7938028494e+11
2015-11-03,'601800,中国交建,14.54,14.86,14.3,14.35,14.45,0.09,0.6228,0.3274,38465666,559411662.0,2.3518065308e+11,1.7080480308e+11
2015-11-02,'601800,中国交建,14.45,15.15,14.01,14.06,14.42,0.03,0.208,0.3875,45520147,661151300.0,2.33724926891e+11,1.69747551891e+11
2015-10-30,'601800,中国交建,14.42,14.98,14.11,14.19,14.29,0.13,0.9097,0.4157,48837453,717054562.0,2.33239684828e+11,1.69395134828e+11
2015-10-29,'601800,中国交建,14.29,14.83,14.2,14.5,14.42,-0.13,-0.9015,0.2794,32822591,474105298.0,2.31136969223e+11,1.67867994223e+11
2015-10-28,'601800,中国交建,14.42,15.36,14.33,15.05,15.21,-0.79,-5.194,0.4295,50459379,749614954.0,2.33239684828e+11,1.69395134828e+11
2015-10-27,'601800,中国交建,15.21,15.49,14.4,14.7,15.04,0.17,1.1303,0.5485,64433346,958868388.0,2.46017725814e+11,1.78675450814e+11
2015-10-26,'601800,中国交建,15.04,15.99,15.0,15.1,15.04,0.0,0.0,0.636,74713094,1150982929.0,2.43268020792e+11,1.76678420792e+11
2015-10-23,'601800,中国交建,15.04,15.42,14.8,15.0,15.42,-0.38,-2.4643,0.7016,82416852,1240371380.0,2.43268020792e+11,1.76678420792e+11
2015-10-22,'601800,中国交建,15.42,15.98,14.4,14.7,15.27,0.15,0.9823,1.1841,139104369,2086851502.0,2.49414420254e+11,1.81142370254e+11
2015-10-21,'601800,中国交建,15.27,15.65,14.53,14.99,14.23,1.04,7.3085,1.5996,187905192,2861174097.0,2.4698820994e+11,1.7938028494e+11
2015-10-20,'601800,中国交建,14.23,14.23,12.76,12.96,12.94,1.29,9.9691,0.5272,61934890,838400408.0,2.30166485098e+11,1.67163160098e+11
2015-10-19,'601800,中国交建,12.94,13.35,12.82,13.34,13.21,-0.27,-2.0439,0.2671,31374789,410100749.0,2.093010764e+11,1.520092264e+11
2015-10-16,'601800,中国交建,13.21,13.28,12.93,13.08,12.95,0.26,2.0077,0.368,43228768,568543934.0,2.13668254964e+11,1.55180979964e+11
2015-10-15,'601800,中国交建,12.95,12.99,12.61,12.65,12.72,0.23,1.8082,0.2371,27851274,357438433.0,2.09462823754e+11,1.52126698754e+11
2015-10-14,'601800,中国交建,12.72,13.12,12.69,12.94,12.82,-0.1,-0.78,0.2434,28588862,370189951.0,2.05742634606e+11,1.49424834606e+11
2015-10-13,'601800,中国交建,12.82,12.9,12.75,12.76,12.93,-0.11,-0.8507,0.1866,21924730,280731579.0,2.07360108148e+11,1.50599558148e+11
2015-10-12,'601800,中国交建,12.93,13.09,12.31,12.34,12.33,0.6,4.8662,0.304,35706891,457926391.0,2.09139329045e+11,1.51891754045e+11
2015-10-09,'601800,中国交建,12.33,12.42,12.23,12.35,12.25,0.08,0.6531,0.1156,13577522,167394317.0,1.9943448779e+11,1.4484341279e+11
2015-10-08,'601800,中国交建,12.25,12.46,12.21,12.3,11.87,0.38,3.2013,0.1209,14206112,174610110.0,1.98140508956e+11,1.43903633956e+11
2015-09-30,'601800,中国交建,11.87,12.2,11.84,11.99,11.81,0.06,0.508,0.1111,13050236,156713936.0,1.91994109495e+11,1.39439684495e+11
2015-09-29,'601800,中国交建,11.81,12.12,11.6,12.04,12.29,-0.48,-3.9056,0.1291,15165745,180310501.0,1.91023625369e+11,1.38734850369e+11
2015-09-28,'601800,中国交建,12.29,12.5,12.03,12.39,12.33,-0.04,-0.3244,0.0895,10514156,128755072.0,1.98787498373e+11,1.44373523373e+11
2015-09-25,'601800,中国交建,12.33,12.82,12.06,12.52,12.63,-0.3,-2.3753,0.1844,21659577,269396217.0,1.9943448779e+11,1.4484341279e+11
2015-09-24,'601800,中国交建,12.63,12.8,12.46,12.55,12.48,0.15,1.2019,0.1505,17683696,222970771.0,2.04286908418e+11,1.48367583418e+11
2015-09-23,'601800,中国交建,12.48,13.1,12.4,12.7,12.88,-0.4,-3.1056,0.2024,23777959,302596837.0,2.01860698104e+11,1.46605498104e+11
2015-09-22,'601800,中国交建,12.88,13.22,12.75,12.95,12.94,-0.06,-0.4637,0.2546,29910653,387940358.0,2.08330592274e+11,1.51304392274e+11
2015-09-21,'601800,中国交建,12.94,13.1,12.56,12.7,12.72,0.22,1.7296,0.2129,25015601,322147478.0,2.093010764e+11,1.520092264e+11
2015-09-18,'601800,中国交建,12.72,12.9,12.4,12.57,12.47,0.25,2.0048,0.2862,33616276,426066907.0,2.05742634606e+11,1.49424834606e+11
2015-09-17,'601800,中国交建,12.47,13.57,12.03,12.39,12.36,0.11,0.89,0.4616,54230473,703528837.0,2.0169895075e+11,1.4648802575e+11
2015-09-16,'601800,中国交建,12.36,12.65,11.37,11.37,11.56,0.8,6.9204,0.2803,32927864,393224340.0,1.99919729853e+11,1.45195829853e+11
2015-09-15,'601800,中国交建,11.56,12.47,11.56,12.4,12.84,-1.28,-9.9688,0.3245,38122666,451826103.0,1.86979941513e+11,1.35798041513e+11
2015-09-14,'601800,中国交建,12.84,13.6,12.61,12.9,12.43,0.41,3.2985,0.5651,66385868,871641677.0,2.07683602857e+11,1.50834502857e+11
2015-09-11,'601800,中国交建,12.43,12.77,12.3,12.59,12.6,-0.17,-1.3492,0.1667,19576777,245509917.0,2.01051961333e+11,1.46018136333e+11
2015-09-10,'601800,中国交建,12.6,12.98,12.51,12.6,12.83,-0.23,-1.7927,0.2247,26393961,335210907.0,2.03801666355e+11,1.48015166355e+11
2015-09-09,'601800,中国交建,12.83,13.18,12.6,12.75,12.64,0.19,1.5032,0.3406,40008864,515773203.0,2.07521855503e+11,1.50717030503e+11
2015-09-08,'601800,中国交建,12.64,12.8,11.54,12.39,12.66,-0.02,-0.158,0.3865,45402009,554514502.0,2.04448655772e+11,1.48485055772e+11
2015-09-07,'601800,中国交建,12.66,14.15,12.63,13.38,13.86,-1.2,-8.658,0.6233,73219186,981521856.0,2.0477215048e+11,1.4872000048e+11
2015-09-02,'601800,中国交建,13.86,13.88,12.05,12.15,12.71,1.15,9.048,1.0128,118979551,1580418212.0,2.2418183299e+11,1.6281668299e+11
2015-09-01,'601800,中国交建,12.71,12.72,11.3,11.8,12.2,0.51,4.1803,0.758,89047904,1088991805.0,2.05580887252e+11,1.49307362252e+11
2015-08-31,'601800,中国交建,12.2,12.26,11.16,11.95,12.01,0.19,1.582,0.5972,70149102,819557968.0,1.97331772185e+11,1.43316272185e+11
2015-08-28,'601800,中国交建,12.01,12.01,10.98,11.15,10.92,1.09,9.9817,0.6091,71555243,827473902.0,1.94258572454e+11,1.41084297454e+11
2015-08-27,'601800,中国交建,10.92,10.95,10.09,10.21,10.01,0.91,9.0909,0.5031,59106173,620505152.0,1.76628110841e+11,1.28279810841e+11
2015-08-26,'601800,中国交建,10.01,11.25,9.92,11.04,10.92,-0.91,-8.3333,0.5047,59284994,629872440.0,1.61909101604e+11,1.17589826604e+11
2015-08-25,'601800,中国交建,10.92,12.0,10.92,11.52,12.13,-1.21,-9.9753,0.3935,46226985,528878462.0,1.76628110841e+11,1.28279810841e+11
2015-08-24,'601800,中国交建,12.13,13.75,12.05,12.96,13.39,-1.26,-9.41,0.5914,69478722,860978110.0,1.96199540705e+11,1.42493965705e+11
2015-08-21,'601800,中国交建,13.39,14.24,13.22,13.93,13.93,-0.54,-3.8765,0.267,31364162,430794561.0,2.16579707341e+11,1.57295482341e+11
2015-08-20,'601800,中国交建,13.93,14.4,13.89,14.31,14.45,-0.52,-3.5986,0.2343,27524305,388764407.0,2.2531406447e+11,1.6363898947e+11
2015-08-19,'601800,中国交建,14.45,14.53,13.7,13.9,14.13,0.32,2.2647,0.3515,41291723,587053101.0,2.33724926891e+11,1.69747551891e+11
2015-08-18,'601800,中国交建,14.13,15.85,14.13,15.8,15.7,-1.57,-10.0,0.5098,59885994,893645103.0,2.28549011555e+11,1.65988436555e+11
2015-08-17,'601800,中国交建,15.7,15.9,15.33,15.9,15.96,-0.26,-1.6291,0.3693,43385729,676268159.0,2.53943346172e+11,1.84431596172e+11
2015-08-14,'601800,中国交建,15.96,16.35,15.9,16.25,16.09,-0.13,-0.808,0.4355,51163564,825782879.0,2.58148777383e+11,1.87485877383e+11
2015-08-13,'601800,中国交建,16.09,16.3,15.59,15.9,16.04,0.05,0.3117,0.421,49459656,790624804.0,2.60251492988e+11,1.89013017988e+11
2015-08-12,'601800,中国交建,16.04,16.72,15.7,15.8,16.01,0.03,0.1874,0.5796,68085466,1099211831.0,2.59442756217e+11,1.88425656217e+11
2015-08-11,'601800,中国交建,16.01,16.64,15.82,16.64,16.32,-0.31,-1.8995,0.8113,95305192,1541785816.0,2.58957514154e+11,1.88073239154e+11
2015-08-10,'601800,中国交建,16.32,16.32,15.3,15.57,14.84,1.48,9.973,0.815,95741763,1540556111.0,2.63971682136e+11,1.91714882136e+11
2015-08-07,'601800,中国交建,14.84,15.2,14.6,14.6,14.54,0.3,2.0633,0.3003,35277981,525362727.0,2.40033073707e+11,1.74328973707e+11
2015-08-06,'601800,中国交建,14.54,15.0,14.48,14.67,15.11,-0.57,-3.7723,0.3038,35684319,523050488.0,2.3518065308e+11,1.7080480308e+11
2015-08-05,'601800,中国交建,15.11,15.9,15.0,15.16,15.3,-0.19,-1.2418,0.4451,52289314,806300032.0,2.44400252272e+11,1.77500727272e+11
2015-08-04,'601800,中国交建,15.3,15.38,14.5,14.99,15.05,0.25,1.6611,0.4988,58598758,879466501.0,2.47473452002e+11,1.79732702002e+11
2015-08-03,'601800,中国交建,15.05,15.09,14.2,14.5,14.46,0.59,4.0802,0.5045,59263476,882294295.0,2.43429768146e+11,1.76795893146e+11
2015-07-31,'601800,中国交建,14.46,14.6,13.9,14.0,14.12,0.34,2.4079,0.3789,44505300,640597890.0,2.33886674246e+11,1.69865024246e+11
2015-07-30,'601800,中国交建,14.12,15.08,13.8,14.9,14.97,-0.85,-5.678,0.4587,53890322,791273643.0,2.28387264201e+11,1.65870964201e+11
2015-07-29,'601800,中国交建,14.97,15.06,14.0,14.19,13.98,0.99,7.0815,0.5503,64639738,940328796.0,2.42135789312e+11,1.75856114312e+11
2015-07-28,'601800,中国交建,13.98,14.49,13.3,14.44,14.75,-0.77,-5.2203,0.5849,68707102,954994648.0,2.26122801242e+11,1.64226351242e+11
2015-07-27,'601800,中国交建,14.75,16.14,14.75,15.8,16.39,-1.64,-10.0061,0.5805,68194633,1054280382.0,2.38577347519e+11,1.73271722519e+11
2015-07-24,'601800,中国交建,16.39,17.24,16.3,16.73,16.86,-0.47,-2.7877,0.6613,77679989,1304098427.0,2.65103913616e+11,1.92537188616e+11
2015-07-23,'601800,中国交建,16.86,17.05,16.59,16.75,16.79,0.07,0.4169,0.6807,79966670,1348155165.0,2.72706039266e+11,1.98058389266e+11
2015-07-22,'601800,中国交建,16.79,17.56,16.57,17.3,17.56,-0.77,-4.385,0.766,89980218,1526102885.0,2.71573807786e+11,1.97236082786e+11
2015-07-21,'601800,中国交建,17.56,18.29,16.66,16.85,17.31,0.25,1.4443,1.225,143905899,2549948559.0,2.84028354063e+11,2.06281454063e+11
2015-07-20,'601800,中国交建,17.31,17.7,16.5,16.6,16.98,0.33,1.9435,1.008,118414743,2020988572.0,2.79984670207e+11,2.03344645207e+11
2015-07-17,'601800,中国交建,16.98,17.4,16.01,16.7,16.54,0.44,2.6602,0.8909,104655083,1764928530.0,2.74647007516e+11,1.99468057516e+11
2015-07-16,'601800,中国交建,16.54,16.83,16.11,16.11,16.11,0.43,2.6691,0.843,99031755,1643036474.0,2.6753012393e+11,1.9429927393e+11
2015-07-15,'601800,中国交建,16.11,16.16,15.0,16.0,16.41,-0.3,-1.8282,0.8289,97377258,1515847297.0,2.60574987697e+11,1.89247962697e+11
2015-07-14,'601800,中国交建,16.41,17.93,16.4,17.6,18.22,-1.81,-9.9341,1.1868,139411000,2376183342.0,2.65427408324e+11,1.92772133324e+11
2015-07-13,'601800,中国交建,18.22,19.2,17.8,18.1,18.35,-0.13,-0.7084,1.5952,187392049,3451666413.0,2.94703679444e+11,2.14034629444e+11
2015-07-10,'601800,中国交建,18.35,18.64,16.38,16.95,17.04,1.31,7.6878,1.5782,185390436,3366983068.0,2.96806395049e+11,2.15561770049e+11
2015-07-09,'601800,中国交建,17.04,17.04,14.38,14.8,15.49,1.55,10.0065,1.3292,156149889,2548362300.0,2.75617491642e+11,2.00172891642e+11
2015-07-08,'601800,中国交建,15.49,16.0,13.43,13.99,14.92,0.57,3.8204,2.6171,307432507,4651205120.0,2.50546651733e+11,1.81964676733e+11
2015-07-07,'601800,中国交建,14.92,14.92,12.9,13.3,13.56,1.36,10.0295,1.8962,222754330,3208682519.0,2.41327052541e+11,1.75268752541e+11
2015-07-06,'601800,中国交建,13.56,14.1,13.15,14.1,12.83,0.73,5.6898,1.5593,183177792,2479806364.0,2.19329412363e+11,1.59292512363e+11
2015-07-03,'601800,中国交建,12.83,14.09,12.83,13.5,14.26,-1.43,-10.0281,0.9097,106868370,1397610833.0,2.07521855503e+11,1.50717030503e+11
2015-07-02,'601800,中国交建,14.26,15.68,14.26,15.68,15.84,-1.58,-9.9747,1.1212,131713453,1941662297.0,2.3065172716e+11,1.6751557716e+11
2015-07-01,'601800,中国交建,15.84,17.27,15.8,17.0,17.56,-1.72,-9.795,1.4646,172052231,2875426286.0,2.56207809132e+11,1.86076209132e+11
2015-06-30,'601800,XD中国交,17.56,17.9,15.43,17.0,17.14,0.42,2.4504,2.3772,279256542,4656165963.0,2.84028354063e+11,2.06281454063e+11
2015-06-29,'601800,中国交建,17.31,17.31,15.48,16.0,15.74,1.57,9.9746,2.671,313771512,5225307237.0,2.79984670207e+11,2.03344645207e+11
2015-06-26,'601800,中国交建,15.74,16.46,14.42,14.8,14.96,0.78,5.2139,1.8141,213101557,3337186482.0,2.5459033559e+11,1.8490148559e+11
2015-06-25,'601800,中国交建,14.96,15.77,14.63,15.75,15.73,-0.77,-4.8951,0.6311,74136522,1134400420.0,2.41974041958e+11,1.75738641958e+11
2015-06-24,'601800,中国交建,15.73,15.87,15.3,15.47,15.43,0.3,1.9443,0.6598,77504499,1207453893.0,2.54428588235e+11,1.84784013235e+11
2015-06-23,'601800,中国交建,15.43,15.49,13.89,15.05,15.02,0.41,2.7297,0.6984,82037181,1229908465.0,2.49576167608e+11,1.81259842608e+11
2015-06-19,'601800,中国交建,15.02,16.49,14.98,16.35,16.64,-1.62,-9.7356,0.7125,83694576,1316221488.0,2.42944526084e+11,1.76443476084e+11
2015-06-18,'601800,中国交建,16.64,17.8,16.5,17.8,17.88,-1.24,-6.9351,0.6087,71503491,1229273388.0,2.69147597472e+11,1.95473997472e+11
2015-06-17,'601800,中国交建,17.88,17.96,17.11,17.26,17.26,0.62,3.5921,0.6076,71370491,1248474230.0,2.89204269399e+11,2.10040569399e+11
2015-06-16,'601800,中国交建,17.26,18.5,17.0,18.5,18.76,-1.5,-7.9957,0.8855,104021474,1844682631.0,2.79175933436e+11,2.02757283436e+11
2015-06-15,'601800,中国交建,18.76,19.25,18.7,18.8,18.81,-0.05,-0.2658,0.6588,77385498,1466793942.0,3.03438036573e+11,2.20378136573e+11
2015-06-12,'601800,中国交建,18.81,19.3,18.6,19.18,19.16,-0.35,-1.8267,0.8057,94646678,1787356982.0,3.04246773344e+11,2.20965498344e+11
2015-06-11,'601800,中国交建,19.16,19.53,18.9,19.26,19.23,-0.07,-0.364,0.6356,74667872,1430534191.0,3.09907930743e+11,2.25077030743e+11
2015-06-10,'601800,中国交建,19.23,19.47,18.8,19.11,19.46,-0.23,-1.1819,0.7049,82807799,1584642914.0,3.11040162223e+11,2.25899337223e+11
2015-06-09,'601800,中国交建,19.46,20.22,19.27,20.21,20.3,-0.84,-4.1379,1.0684,125509956,2457674374.0,3.1476035137e+11,2.2860120137e+11
2015-06-08,'601800,中国交建,20.3,21.15,19.8,20.94,20.94,-0.64,-3.0564,1.6414,192815518,3937839204.0,3.28347129128e+11,2.38468879128e+11
2015-06-05,'601800,中国交建,20.94,21.15,19.13,19.32,19.23,1.71,8.8924,1.9499,229058102,4597719980.0,3.386989598e+11,2.459871098e+11
2015-06-04,'601800,中国交建,19.23,19.99,17.82,19.74,19.74,-0.51,-2.5836,1.0037,117912504,2241066133.0,3.11040162223e+11,2.25899337223e+11
2015-06-03,'601800,中国交建,19.74,20.44,19.01,19.1,19.0,0.74,3.8947,1.4013,164610079,3251200413.0,3.1928927729e+11,2.3189042729e+11
2015-06-02,'601800,中国交建,19.0,19.37,18.36,18.5,18.64,0.36,1.9313,1.0966,128821156,2422253679.0,3.07319973075e+11,2.23197473075e+11
2015-06-01,'601800,中国交建,18.64,18.69,17.8,17.87,17.87,0.77,4.3089,0.9084,106716878,1951971588.0,3.01497068322e+11,2.18968468322e+11
2015-05-29,'601800,中国交建,17.87,18.78,17.06,18.25,18.53,-0.66,-3.5618,1.1601,136277990,2436901150.0,2.89042522045e+11,2.09923097045e+11
2015-05-28,'601800,中国交建,18.53,20.59,18.49,20.5,20.54,-2.01,-9.7858,1.5811,185729674,3656317792.0,2.99717847425e+11,2.17676272425e+11
2015-05-27,'601800,中国交建,20.54,21.52,20.35,21.39,21.39,-0.85,-3.9738,1.3642,160256537,3331738915.0,3.3222906563e+11,2.4128821563e+11
2015-05-26,'601800,中国交建,21.39,22.0,20.59,21.3,21.38,0.01,0.0468,1.5947,187334521,3981919966.0,3.45977590741e+11,2.51273365741e+11
2015-05-25,'601800,中国交建,21.38,21.68,20.21,20.5,20.36,1.02,5.0098,1.6283,191280921,3981547162.0,3.45815843386e+11,2.51155893386e+11
2015-05-22,'601800,中国交建,20.36,20.73,19.42,19.6,19.4,0.96,4.9485,1.6877,198256373,3991366646.0,3.29317613253e+11,2.39173713253e+11
2015-05-21,'601800,中国交建,19.4,19.52,18.98,19.25,19.43,-0.03,-0.1544,0.8907,104635509,2011785147.0,3.13789867245e+11,2.27896367245e+11
2015-05-20,'601800,中国交建,19.43,19.98,19.28,19.7,19.71,-0.28,-1.4206,1.696,199235451,3895885983.0,3.14275109308e+11,2.28248784308e+11
2015-05-19,'601800,中国交建,19.71,19.71,18.3,18.38,17.92,1.79,9.9888,2.0333,238858207,4605306784.0,3.18804035227e+11,2.31538010227e+11
2015-05-18,'601800,中国交建,17.92,18.62,17.9,18.32,18.24,-0.32,-1.7544,0.6958,81733669,1487416682.0,2.89851258816e+11,2.10510458816e+11
2015-05-15,'601800,中国交建,18.24,18.77,17.86,18.15,18.18,0.06,0.33,0.8538,100303438,1843301797.0,2.95027174152e+11,2.14269574152e+11
2015-05-14,'601800,中国交建,18.18,18.4,17.7,18.3,18.5,-0.32,-1.7297,0.7921,93054497,1676421636.0,2.94056690026e+11,2.13564740026e+11
2015-05-13,'601800,中国交建,18.5,19.45,18.42,18.99,19.12,-0.62,-3.2427,1.0499,123329657,2328605372.0,2.99232605362e+11,2.17323855362e+11
2015-05-12,'601800,中国交建,19.12,19.39,18.5,18.8,18.79,0.33,1.7563,1.0859,127568761,2419528782.0,3.09260941326e+11,2.24607141326e+11
2015-05-11,'601800,中国交建,18.79,19.1,18.0,18.25,18.36,0.43,2.342,1.3176,154783411,2879812217.0,3.03923278636e+11,2.20730553636e+11
2015-05-08,'601800,中国交建,18.36,18.39,17.2,17.2,17.05,1.31,7.6833,1.4363,168728581,3000182012.0,2.96968142403e+11,2.15679242403e+11
2015-05-07,'601800,中国交建,17.05,18.63,17.05,18.63,18.94,-1.89,-9.9789,1.2106,142215430,2514119870.0,2.75779238996e+11,2.00290363996e+11
2015-05-06,'601800,中国交建,18.94,20.41,18.62,19.95,20.03,-1.09,-5.4418,1.0994,129154521,2490797285.0,3.0634948895e+11,2.2249263895e+11
2015-05-05,'601800,中国交建,20.03,22.18,19.88,21.76,21.89,-1.86,-8.497,1.2066,141741603,2974119779.0,3.23979950563e+11,2.35297125563e+11
2015-05-04,'601800,中国交建,21.89,22.5,21.69,21.7,21.59,0.3,1.3895,1.1013,129369066,2846906365.0,3.54064958453e+11,2.57146983453e+11
2015-04-30,'601800,中国交建,21.59,22.7,21.28,21.44,21.49,0.1,0.4653,1.3064,153469877,3384371672.0,3.49212537826e+11,2.53622812826e+11
2015-04-29,'601800,中国交建,21.49,22.15,21.0,22.05,22.61,-1.12,-4.9536,1.4571,171165031,3681598802.0,3.47595064283e+11,2.52448089283e+11
2015-04-28,'601800,中国交建,22.61,24.46,22.3,22.7,23.22,-0.61,-2.627,2.4044,282446425,6572715338.0,3.65710767959e+11,2.65604992959e+11
2015-04-27,'601800,中国交建,23.22,23.9,21.7,22.5,22.05,1.17,5.3061,2.7452,322484380,7288702111.0,3.75577356568e+11,2.72770806568e+11
2015-04-24,'601800,中国交建,22.05,22.65,21.09,21.44,21.44,0.61,2.8451,1.7411,204533875,4460338933.0,3.56652916121e+11,2.59026541121e+11
2015-04-23,'601800,中国交建,21.44,21.99,21.18,21.58,21.62,-0.18,-0.8326,1.2888,151396038,3251287781.0,3.46786327512e+11,2.51860727512e+11
2015-04-22,'601800,中国交建,21.62,22.41,20.65,21.65,21.65,-0.03,-0.1386,1.799,211335538,4563349502.0,3.49697779888e+11,2.53975229888e+11
2015-04-21,'601800,中国交建,21.65,23.16,21.03,22.77,23.37,-1.72,-7.3599,2.432,285695646,6165108519.0,3.50183021951e+11,2.54327646951e+11
2015-04-20,'601800,中国交建,23.37,24.11,21.3,22.35,22.2,1.17,5.2703,3.3466,393129604,9035771062.0,3.78003566882e+11,2.74532891882e+11
2015-04-17,'601800,中国交建,22.2,22.42,20.62,20.62,20.38,1.82,8.9303,2.8934,339891631,7368926730.0,3.59079126435e+11,2.60788626435e+11
2015-04-16,'601800,中国交建,20.38,21.66,19.28,20.01,21.06,-0.68,-3.2289,2.0874,245208480,5009856855.0,3.29641107962e+11,2.39408657962e+11
2015-04-15,'601800,中国交建,21.06,22.73,19.89,20.42,20.66,0.4,1.9361,3.1596,371166944,8055318045.0,3.4063992805e+11,2.4739677805e+11
2015-04-14,'601800,中国交建,20.66,21.16,19.3,19.95,19.91,0.75,3.767,2.5758,302586192,6216833843.0,3.3417003388e+11,2.4269788388e+11
2015-04-13,'601800,中国交建,19.91,20.56,18.8,19.1,19.2,0.71,3.6979,2.4729,290497628,5686737191.0,3.22038982312e+11,2.33887457312e+11
2015-04-10,'601800,中国交建,19.2,19.28,18.1,18.55,18.56,0.64,3.4483,1.7126,201188240,3765760356.0,3.1055492016e+11,2.2554692016e+11
2015-04-09,'601800,中国交建,18.56,19.19,18.02,19.05,19.55,-0.99,-5.0639,2.5873,303938238,5615670694.0,3.00203089488e+11,2.18028689488e+11
2015-04-08,'601800,中国交建,19.55,19.81,17.88,18.1,18.01,1.54,8.5508,3.8517,452465542,8771054762.0,3.16216077559e+11,2.29658452559e+11
2015-04-07,'601800,中国交建,18.01,18.24,17.71,18.21,17.85,0.16,0.8964,1.5181,178337373,3208025800.0,2.91306985004e+11,2.11567710004e+11
2015-04-03,'601800,中国交建,17.85,18.1,17.65,18.0,18.3,-0.45,-2.459,1.7026,200002886,3564188267.0,2.88719027336e+11,2.09688152336e+11
2015-04-02,'601800,中国交建,18.3,18.52,18.06,18.3,18.68,-0.38,-2.0343,1.779,208985795,3810171531.0,2.95997658278e+11,2.14974408278e+11
2015-04-01,'601800,中国交建,18.68,19.84,18.34,18.84,18.49,0.19,1.0276,3.0713,360787696,6839583525.0,3.02144057739e+11,2.19438357739e+11
2015-03-31,'601800,中国交建,18.49,19.72,18.3,19.2,17.93,0.56,3.1233,3.6716,431316208,8170972166.0,2.99070858008e+11,2.17206383008e+11
2015-03-30,'601800,中国交建,17.93,17.93,16.6,16.7,16.3,1.63,10.0,1.8352,215583018,3749965834.0,2.9001300617e+11,2.1062793117e+11
2015-03-27,'601800,中国交建,16.3,16.3,14.96,15.1,14.82,1.48,9.9865,2.6086,306434969,4869034001.0,2.63648187428e+11,1.91479937428e+11
2015-03-26,'601800,中国交建,14.82,15.19,14.5,14.85,14.91,-0.09,-0.6036,1.1448,134476841,1998745650.0,2.39709578998e+11,1.74094028998e+11
2015-03-25,'601800,中国交建,14.91,15.38,14.71,15.11,15.39,-0.48,-3.1189,1.4445,169689857,2546444931.0,2.41165305187e+11,1.75151280187e+11
2015-03-24,'601800,中国交建,15.39,15.67,14.38,15.35,15.36,0.03,0.1953,1.9859,233287606,3514740780.0,2.48929178191e+11,1.80789953191e+11
2015-03-23,'601800,中国交建,15.36,15.68,14.83,14.98,14.77,0.59,3.9946,1.9547,229619174,3504280275.0,2.48443936128e+11,1.80437536128e+11
2015-03-20,'601800,中国交建,14.77,15.09,14.69,15.0,15.11,-0.34,-2.2502,1.7939,210736096,3120249837.0,2.38900842227e+11,1.73506667227e+11
2015-03-19,'601800,中国交建,15.11,15.3,13.83,14.0,13.98,1.13,8.083,2.469,290033808,4301568662.0,2.44400252272e+11,1.77500727272e+11
2015-03-18,'601800,中国交建,13.98,14.14,13.78,13.78,13.74,0.24,1.7467,1.2675,148897028,2075507566.0,2.26122801242e+11,1.64226351242e+11
2015-03-17,'601800,中国交建,13.74,14.02,13.59,13.59,13.31,0.43,3.2307,1.6685,195999746,2704573003.0,2.2224086474e+11,1.6140701474e+11
2015-03-16,'601800,中国交建,13.31,13.4,12.97,13.19,13.17,0.14,1.063,0.8669,101838462,1346549048.0,2.15285728507e+11,1.56355703507e+11
2015-03-13,'601800,中国交建,13.17,13.5,12.89,13.06,12.96,0.21,1.6204,1.1192,131474093,1733371817.0,2.13021265547e+11,1.54711090547e+11
2015-03-12,'601800,中国交建,12.96,13.1,12.42,12.59,12.68,0.28,2.2082,0.9473,111280641,1420075381.0,2.09624571108e+11,1.52244171108e+11
2015-03-11,'601800,中国交建,12.68,13.06,12.65,12.83,12.85,-0.17,-1.323,0.7284,85572465,1098613818.0,2.05095645189e+11,1.48954945189e+11
2015-03-10,'601800,中国交建,12.85,13.12,12.74,12.94,13.0,-0.15,-1.1538,4.9112,66288635,854456318.0,2.07845350211e+11,17344100211.2
2015-03-09,'601800,中国交建,13.0,13.09,12.41,12.5,12.91,0.09,0.6971,6.3585,85823159,1100727174.0,2.10271560525e+11,17546560525.0
2015-03-06,'601800,中国交建,12.91,13.48,12.9,13.48,13.65,-0.74,-5.4212,8.2512,111369163,1466680647.0,2.08815834337e+11,17425084336.8
2015-03-05,'601800,中国交建,13.65,14.12,13.0,13.58,13.81,-0.16,-1.1586,13.5759,183238669,2444696146.0,2.20785138551e+11,18423888551.2
2015-03-04,'601800,中国交建,13.81,14.14,13.62,14.14,14.25,-0.44,-3.0877,10.6575,143848389,1992280140.0,2.23373096219e+11,18639846219.2
2015-03-03,'601800,中国交建,14.25,14.57,13.35,13.5,13.61,0.64,4.7024,18.3377,247509820,3459381362.0,2.30489979806e+11,19233729806.2
2015-03-02,'601800,中国交建,13.61,14.16,13.36,14.12,13.84,-0.23,-1.6618,12.199,164654238,2247136396.0,2.20138149134e+11,18369899134.2
2015-02-27,'601800,中国交建,13.84,14.11,13.55,13.58,13.56,0.28,2.0649,23.138,312301845,4328183684.0,2.23858338282e+11,18680338282.0
2015-02-26,'601800,中国交建,13.56,13.56,12.05,12.2,12.33,1.23,9.9757,24.3459,328604812,4329959809.0,2.19329412363e+11,18302412363.0
2015-02-25,'601800,中国交建,12.33,12.43,11.94,12.1,12.0,0.33,2.75,8.0888,109176802,1333216768.0,1.9943448779e+11,16642237790.2
2015-02-17,'601800,中国交建,12.0,12.15,11.9,11.93,11.94,0.06,0.5025,4.7882,64628378,776166880.0,1.940968251e+11,16196825100.0
2015-02-16,'601800,中国交建,11.94,12.04,11.75,11.92,11.92,0.02,0.1678,5.1179,69078491,822891208.0,1.93126340974e+11,16115840974.5
2015-02-13,'601800,中国交建,11.92,12.07,11.86,11.98,11.9,0.02,0.1681,5.3765,72568146,869264641.0,1.92802846266e+11,16088846266.0
2015-02-12,'601800,中国交建,11.9,12.24,11.86,11.9,11.96,-0.06,-0.5017,5.8243,78613123,945993637.0,1.92479351558e+11,16061851557.5
2015-02-11,'601800,中国交建,11.96,12.29,11.8,12.02,12.18,-0.22,-1.8062,6.0595,81787879,981462647.0,1.93449835683e+11,16142835683.0
2015-02-10,'601800,中国交建,12.18,12.29,11.56,11.68,11.65,0.53,4.5494,9.4256,127219999,1529504695.0,1.97008277476e+11,16439777476.5
2015-02-09,'601800,中国交建,11.65,11.85,11.0,11.18,11.33,0.32,2.8244,7.2881,98370015,1140107402.0,1.88435667701e+11,15724417701.2
2015-02-06,'601800,中国交建,11.33,11.7,10.88,11.09,11.14,0.19,1.7056,7.8348,105749679,1200552171.0,1.83259752365e+11,15292502365.2
2015-02-05,'601800,中国交建,11.14,11.89,11.11,11.89,11.75,-0.61,-5.1915,7.0226,94786304,1092659011.0,1.80186552634e+11,15036052634.5
2016-02-15,'601800,中国交建,10.53,10.66,10.35,10.35,10.79,-0.26,-2.4096,0.1096,12874971,135135114.0,1.70319964025e+11,1.23698389025e+11

