2016-05-13,'603002,宏昌电子,5.55,5.74,5.51,5.63,5.68,-0.13,-2.2887,1.0545,6327182,35613997.0,3407487435.0,3330000000.0
2016-05-12,'603002,宏昌电子,5.68,5.71,5.52,5.67,5.77,-0.09,-1.5598,1.1166,6699732,37668710.0,3487302456.0,3408000000.0
2016-05-11,'603002,宏昌电子,5.77,6.02,5.76,5.96,5.93,-0.16,-2.6981,0.9952,5971101,35024851.0,3462000000.0,3462000000.0
2016-05-10,'603002,宏昌电子,5.93,5.99,5.85,5.85,5.88,0.05,0.8503,0.9378,5626794,33299279.0,3558000000.0,3558000000.0
2016-05-09,'603002,宏昌电子,5.88,6.05,5.83,5.98,6.08,-0.2,-3.2895,1.4461,8676895,51456761.0,3528000000.0,3528000000.0
2016-05-06,'603002,宏昌电子,6.08,6.42,6.07,6.4,6.4,-0.32,-5.0,2.3389,14033124,87232632.0,3648000000.0,3648000000.0
2016-05-05,'603002,宏昌电子,6.4,6.45,6.29,6.4,6.4,0.0,0.0,1.4544,8726321,55561156.0,3840000000.0,3840000000.0
2016-05-04,'603002,宏昌电子,6.4,6.51,6.29,6.29,6.34,0.06,0.9464,2.3475,14084813,90566907.0,3840000000.0,3840000000.0
2016-05-03,'603002,宏昌电子,6.34,6.34,6.08,6.15,6.14,0.2,3.2573,1.944,11664037,72900495.0,3804000000.0,3804000000.0
2016-04-29,'603002,宏昌电子,6.14,6.18,6.01,6.05,6.11,0.03,0.491,1.5855,9513192,57854619.0,3684000000.0,3684000000.0
2016-04-28,'603002,宏昌电子,6.11,6.2,5.96,6.18,6.19,-0.08,-1.2924,1.887,11321939,68661912.0,3666000000.0,3666000000.0
2016-04-27,'603002,宏昌电子,6.19,6.26,6.11,6.12,6.15,0.04,0.6504,2.2519,13511648,83658783.0,3714000000.0,3714000000.0
2016-04-26,'603002,宏昌电子,6.15,6.15,6.01,6.06,6.1,0.05,0.8197,2.0547,12328242,75138594.0,3690000000.0,3690000000.0
2016-04-25,'603002,宏昌电子,6.1,6.22,6.04,6.18,6.26,-0.16,-2.5559,2.2484,13490282,82478220.0,3660000000.0,3660000000.0
2016-04-22,'603002,宏昌电子,6.26,6.29,6.05,6.11,6.17,0.09,1.4587,2.1188,12712787,78498172.0,3756000000.0,3756000000.0
2016-04-21,'603002,宏昌电子,6.17,6.34,6.1,6.16,6.29,-0.12,-1.9078,3.1164,18698121,116204520.0,3702000000.0,3702000000.0
2016-04-20,'603002,宏昌电子,6.29,6.77,6.01,6.7,6.65,-0.36,-5.4135,5.1994,31196474,197291399.0,3774000000.0,3774000000.0
2016-04-19,'603002,宏昌电子,6.65,6.66,6.39,6.4,6.37,0.28,4.3956,4.4474,26684115,174724159.0,3990000000.0,3990000000.0
2016-04-18,'603002,宏昌电子,6.37,6.46,6.2,6.24,6.28,0.09,1.4331,3.405,20429880,130119239.0,3822000000.0,3822000000.0
2016-04-15,'603002,宏昌电子,6.28,6.31,6.19,6.26,6.25,0.03,0.48,2.1114,12668166,79269384.0,3768000000.0,3768000000.0
2016-04-14,'603002,宏昌电子,6.25,6.25,6.12,6.2,6.13,0.12,1.9576,2.2962,13777366,85289254.0,3750000000.0,3750000000.0
2016-04-13,'603002,宏昌电子,6.13,6.21,6.05,6.06,6.02,0.11,1.8272,2.499,14993721,92424874.0,3678000000.0,3678000000.0
2016-04-12,'603002,宏昌电子,6.02,6.12,5.95,6.06,6.11,-0.09,-1.473,1.427,8562246,51484755.0,3612000000.0,3612000000.0
2016-04-11,'603002,宏昌电子,6.11,6.15,5.98,5.99,5.94,0.17,2.862,2.1814,13088201,79457572.0,3666000000.0,3666000000.0
2016-04-08,'603002,宏昌电子,5.94,6.03,5.84,6.01,6.03,-0.09,-1.4925,1.7835,10701262,63485836.0,3564000000.0,3564000000.0
2016-04-07,'603002,宏昌电子,6.03,6.22,6.01,6.22,6.18,-0.15,-2.4272,2.3239,13943603,85045013.0,3618000000.0,3618000000.0
2016-04-06,'603002,宏昌电子,6.18,6.27,6.12,6.22,6.23,-0.05,-0.8026,2.8741,17244843,106725520.0,3708000000.0,3708000000.0
2016-04-05,'603002,宏昌电子,6.23,6.32,5.97,5.97,6.01,0.22,3.6606,3.8032,22819465,141930237.0,3738000000.0,3738000000.0
2016-04-01,'603002,宏昌电子,6.01,6.04,5.86,6.0,6.07,-0.06,-0.9885,2.7673,16603908,98921937.0,3606000000.0,3606000000.0
2016-03-31,'603002,宏昌电子,6.07,6.13,5.83,5.87,5.84,0.23,3.9384,4.8262,28956908,174219592.0,3642000000.0,3642000000.0
2016-03-30,'603002,宏昌电子,5.84,5.87,5.61,5.61,5.58,0.26,4.6595,1.9684,11810286,67953660.0,3504000000.0,3504000000.0
2016-03-29,'603002,宏昌电子,5.58,5.77,5.5,5.74,5.72,-0.14,-2.4476,1.4343,8605837,48257932.0,3348000000.0,3348000000.0
2016-03-28,'603002,宏昌电子,5.72,5.9,5.71,5.73,5.73,-0.01,-0.1745,1.8297,10978293,63788546.0,3432000000.0,3432000000.0
2016-03-25,'603002,宏昌电子,5.73,5.74,5.63,5.64,5.66,0.07,1.2367,1.4227,8536215,48547206.0,3438000000.0,3438000000.0
2016-03-24,'603002,宏昌电子,5.66,5.81,5.64,5.81,5.82,-0.16,-2.7491,1.8457,11074265,63426101.0,3396000000.0,3396000000.0
2016-03-23,'603002,宏昌电子,5.82,5.83,5.73,5.76,5.8,0.02,0.3448,1.2237,7341924,42523809.0,3492000000.0,3492000000.0
2016-03-22,'603002,宏昌电子,5.8,5.87,5.7,5.73,5.82,-0.02,-0.3436,1.9157,11494313,66373990.0,3480000000.0,3480000000.0
2016-03-21,'603002,宏昌电子,5.82,5.85,5.67,5.72,5.67,0.15,2.6455,2.1175,12705096,73151466.0,3492000000.0,3492000000.0
2016-03-18,'603002,宏昌电子,5.67,5.71,5.49,5.53,5.51,0.16,2.9038,2.2387,13431917,75650089.0,3402000000.0,3402000000.0
2016-03-17,'603002,宏昌电子,5.51,5.53,5.32,5.34,5.32,0.19,3.5714,1.8787,11271948,61181870.0,3306000000.0,3306000000.0
2016-03-16,'603002,宏昌电子,5.32,5.43,5.28,5.32,5.3,0.02,0.3774,1.3089,7853219,42049060.0,3192000000.0,3192000000.0
2016-03-15,'603002,宏昌电子,5.3,5.37,5.25,5.32,5.32,-0.02,-0.3759,1.0232,6138974,32627815.0,3180000000.0,3180000000.0
2016-03-14,'603002,宏昌电子,5.32,5.45,5.21,5.21,5.16,0.16,3.1008,1.4352,8611105,45928053.0,3192000000.0,3192000000.0
2016-03-11,'603002,宏昌电子,5.16,5.21,5.05,5.15,5.18,-0.02,-0.3861,0.7106,4263369,21881123.0,3096000000.0,3096000000.0
2016-03-10,'603002,宏昌电子,5.18,5.31,5.15,5.24,5.25,-0.07,-1.3333,0.9538,5723023,29977844.0,3108000000.0,3108000000.0
2016-03-09,'603002,宏昌电子,5.25,5.33,5.21,5.24,5.38,-0.13,-2.4164,0.9085,5451237,28652606.0,3150000000.0,3150000000.0
2016-03-08,'603002,宏昌电子,5.38,5.4,5.1,5.31,5.32,0.06,1.1278,1.548,9288155,48452323.0,3228000000.0,3228000000.0
2016-03-07,'603002,宏昌电子,5.32,5.33,5.19,5.19,5.14,0.18,3.5019,1.3284,7970263,42065446.0,3192000000.0,3192000000.0
2016-03-04,'603002,宏昌电子,5.14,5.4,5.06,5.35,5.36,-0.22,-4.1045,1.4314,8588484,45089239.0,3084000000.0,3084000000.0
2016-03-03,'603002,宏昌电子,5.36,5.53,5.32,5.35,5.38,-0.02,-0.3717,1.8095,10856709,58990352.0,3216000000.0,3216000000.0
2016-03-02,'603002,宏昌电子,5.38,5.41,5.09,5.12,5.12,0.26,5.0781,1.5862,9517340,50084544.0,3228000000.0,3228000000.0
2016-03-01,'603002,宏昌电子,5.12,5.17,4.96,5.02,4.97,0.15,3.0181,1.1035,6621168,33436269.0,3072000000.0,3072000000.0
2016-02-29,'603002,宏昌电子,4.97,5.39,4.9,5.37,5.41,-0.44,-8.1331,1.6749,10049537,50530554.0,2982000000.0,2982000000.0
2016-02-26,'603002,宏昌电子,5.41,5.52,5.26,5.51,5.44,-0.03,-0.5515,1.5493,9295889,50349007.0,3246000000.0,3246000000.0
2016-02-25,'603002,宏昌电子,5.44,6.02,5.44,6.01,6.04,-0.6,-9.9338,2.4505,14702982,83708039.0,3264000000.0,3264000000.0
2016-02-24,'603002,宏昌电子,6.04,6.05,5.87,5.98,6.02,0.02,0.3322,1.4797,8878389,52994425.0,3624000000.0,3624000000.0
2016-02-23,'603002,宏昌电子,6.02,6.11,5.91,6.11,6.12,-0.1,-1.634,2.1969,13181124,79208060.0,3612000000.0,3612000000.0
2016-02-22,'603002,宏昌电子,6.12,6.13,5.95,5.99,5.94,0.18,3.0303,2.2473,13484039,81406281.0,3672000000.0,3672000000.0
2016-02-19,'603002,宏昌电子,5.94,5.96,5.84,5.89,5.94,0.0,0.0,1.4168,8500558,50209293.0,3564000000.0,3564000000.0
2016-02-18,'603002,宏昌电子,5.94,6.01,5.9,5.98,5.93,0.01,0.1686,2.2184,13310379,79271499.0,3564000000.0,3564000000.0
2016-02-17,'603002,宏昌电子,5.93,5.95,5.75,5.83,5.85,0.08,1.3675,1.9737,11842381,69332622.0,3558000000.0,3558000000.0
2016-02-16,'603002,宏昌电子,5.85,5.89,5.61,5.62,5.59,0.26,4.6512,1.7614,10568596,61235814.0,3510000000.0,3510000000.0
2016-02-15,'603002,宏昌电子,5.59,5.65,5.41,5.43,5.69,-0.1,-1.7575,1.126,6755708,37316780.0,3354000000.0,3354000000.0
2016-02-05,'603002,宏昌电子,5.69,5.85,5.67,5.81,5.76,-0.07,-1.2153,1.3346,8007327,45987425.0,3414000000.0,3414000000.0
2016-02-04,'603002,宏昌电子,5.76,5.85,5.58,5.58,5.56,0.2,3.5971,1.7154,10292233,58986380.0,3456000000.0,3456000000.0
2016-02-03,'603002,宏昌电子,5.56,5.59,5.4,5.46,5.57,-0.01,-0.1795,1.082,6492049,35588310.0,3336000000.0,3336000000.0
2016-02-02,'603002,宏昌电子,5.57,5.62,5.37,5.42,5.38,0.19,3.5316,1.1234,6740166,37406542.0,3342000000.0,3342000000.0
2016-02-01,'603002,宏昌电子,5.38,5.56,5.28,5.53,5.54,-0.16,-2.8881,1.0914,6548483,35559563.0,3228000000.0,3228000000.0
2016-01-29,'603002,宏昌电子,5.54,5.59,5.17,5.3,5.38,0.16,2.974,1.8346,11007569,59763896.0,3324000000.0,3324000000.0
2016-01-28,'603002,宏昌电子,5.38,5.93,5.35,5.61,5.74,-0.36,-6.2718,2.0454,12272125,69404689.0,3228000000.0,3228000000.0
2016-01-27,'603002,宏昌电子,5.74,5.84,5.16,5.56,5.62,0.12,2.1352,2.8971,17382613,95305591.0,3444000000.0,3444000000.0
2016-01-26,'603002,宏昌电子,5.62,6.09,5.49,5.84,5.96,-0.34,-5.7047,2.8652,17190959,100031990.0,3372000000.0,3372000000.0
2016-01-25,'603002,宏昌电子,5.96,5.97,5.71,5.76,5.7,0.26,4.5614,1.7687,10612369,61834170.0,3576000000.0,3576000000.0
2016-01-22,'603002,宏昌电子,5.7,5.76,5.51,5.69,5.63,0.07,1.2433,1.2735,7641109,43124227.0,3420000000.0,3420000000.0
2016-01-21,'603002,宏昌电子,5.63,5.93,5.61,5.74,5.85,-0.22,-3.7607,1.2928,7756689,44987367.0,3378000000.0,3378000000.0
2016-01-20,'603002,宏昌电子,5.85,5.95,5.78,5.85,5.89,-0.04,-0.6791,1.366,8195741,48076889.0,3510000000.0,3510000000.0
2016-01-19,'603002,宏昌电子,5.89,5.94,5.59,5.61,5.66,0.23,4.0636,1.7501,10500337,60770053.0,3534000000.0,3534000000.0
2016-01-18,'603002,宏昌电子,5.66,5.77,5.38,5.42,5.59,0.07,1.2522,1.3828,8296854,46489368.0,3396000000.0,3396000000.0
2016-01-15,'603002,宏昌电子,5.59,5.93,5.49,5.79,5.84,-0.25,-4.2808,1.4316,8589576,49307128.0,3354000000.0,3354000000.0
2016-01-14,'603002,宏昌电子,5.84,5.88,5.32,5.5,5.62,0.22,3.9146,1.9449,11669484,65730083.0,3504000000.0,3504000000.0
2016-01-13,'603002,宏昌电子,5.62,5.98,5.5,5.9,5.85,-0.23,-3.9316,1.307,7841838,45776276.0,3372000000.0,3372000000.0
2016-01-12,'603002,宏昌电子,5.85,5.98,5.7,5.79,5.79,0.06,1.0363,1.575,9450076,55259560.0,3510000000.0,3510000000.0
2016-01-11,'603002,宏昌电子,5.79,6.32,5.73,6.1,6.27,-0.48,-7.6555,1.8578,11147063,67632681.0,3474000000.0,3474000000.0
2016-01-08,'603002,宏昌电子,6.27,6.45,5.88,6.36,6.18,0.09,1.4563,1.9458,11674511,73126680.0,3762000000.0,3762000000.0
2016-01-07,'603002,宏昌电子,6.18,6.7,6.18,6.7,6.87,-0.69,-10.0437,0.5547,3328100,21347355.0,3708000000.0,3708000000.0
2016-01-06,'603002,宏昌电子,6.87,6.88,6.6,6.72,6.68,0.19,2.8443,1.6835,10100809,68464934.0,4122000000.0,4122000000.0
2016-01-05,'603002,宏昌电子,6.68,6.89,6.3,6.5,6.92,-0.24,-3.4682,2.3694,14216181,94600191.0,4008000000.0,4008000000.0
2016-01-04,'603002,宏昌电子,6.92,7.74,6.92,7.64,7.69,-0.77,-10.013,2.0535,12320890,88903928.0,4152000000.0,4152000000.0
2015-12-31,'603002,宏昌电子,7.69,7.97,7.66,7.91,7.88,-0.19,-2.4112,1.8134,10880144,85180525.0,4614000000.0,4614000000.0
2015-12-30,'603002,宏昌电子,7.88,7.98,7.78,7.93,7.95,-0.07,-0.8805,1.9536,11721524,92466443.0,4728000000.0,4728000000.0
2015-12-29,'603002,宏昌电子,7.95,7.97,7.62,7.75,7.79,0.16,2.0539,2.199,13194210,102345853.0,4770000000.0,4770000000.0
2015-12-28,'603002,宏昌电子,7.79,8.27,7.77,8.13,8.16,-0.37,-4.5343,3.7178,22306604,179975475.0,4674000000.0,4674000000.0
2015-12-25,'603002,宏昌电子,8.16,8.28,7.62,7.7,7.66,0.5,6.5274,3.9289,23573681,187428454.0,4896000000.0,4896000000.0
2015-12-24,'603002,宏昌电子,7.66,7.78,7.46,7.7,7.9,-0.24,-3.038,3.2831,19698618,149807326.0,4596000000.0,4596000000.0
2015-12-23,'603002,XR宏昌电,7.9,8.32,7.88,8.26,8.11,-0.21,-2.5894,2.4127,14476000,117048332.0,4740000000.0,4740000000.0
2015-12-22,'603002,宏昌电子,12.16,12.45,12.14,12.33,12.3,-0.14,-1.1382,3.566,14264175,174654457.0,4864000000.0,4864000000.0
2015-12-21,'603002,宏昌电子,12.3,12.6,12.19,12.19,12.18,0.12,0.9852,4.0788,16315143,201489911.0,4920000000.0,4920000000.0
2015-12-18,'603002,宏昌电子,12.18,12.5,12.12,12.49,12.55,-0.37,-2.9482,3.6906,14762202,181329283.0,4872000000.0,4872000000.0
2015-12-17,'603002,宏昌电子,12.55,12.77,11.89,12.0,11.72,0.83,7.0819,6.644,26576018,325875173.0,5020000000.0,5020000000.0
2015-12-16,'603002,宏昌电子,11.72,11.84,11.35,11.46,11.41,0.31,2.7169,3.9862,15944825,184710903.0,4688000000.0,4688000000.0
2015-12-15,'603002,宏昌电子,11.41,11.53,11.3,11.35,11.36,0.05,0.4401,1.7496,6998538,79950823.0,4564000000.0,4564000000.0
2015-12-14,'603002,宏昌电子,11.36,11.44,10.92,11.1,11.14,0.22,1.9749,1.5525,6209953,69467457.0,4544000000.0,4544000000.0
2015-12-11,'603002,宏昌电子,11.14,11.27,11.1,11.2,11.2,-0.06,-0.5357,1.0,4000179,44728251.0,4456000000.0,4456000000.0
2015-12-10,'603002,宏昌电子,11.2,11.48,11.16,11.31,11.32,-0.12,-1.0601,1.072,4288000,48539924.0,4480000000.0,4480000000.0
2015-12-09,'603002,宏昌电子,11.32,11.43,11.12,11.25,11.37,-0.05,-0.4398,1.3319,5327736,60144767.0,4528000000.0,4528000000.0
2015-12-08,'603002,宏昌电子,11.37,11.84,11.36,11.75,11.81,-0.44,-3.7257,1.9415,7766023,90083758.0,4548000000.0,4548000000.0
2015-12-07,'603002,宏昌电子,11.81,11.94,11.62,11.69,11.69,0.12,1.0265,2.0115,8045980,94995714.0,4724000000.0,4724000000.0
2015-12-04,'603002,宏昌电子,11.69,11.72,11.42,11.46,11.57,0.12,1.0372,2.2126,8850516,102480958.0,4676000000.0,4676000000.0
2015-12-03,'603002,宏昌电子,11.57,11.6,11.23,11.29,11.23,0.34,3.0276,1.5939,6375705,72827521.0,4628000000.0,4628000000.0
2015-12-02,'603002,宏昌电子,11.23,11.5,10.81,11.49,11.47,-0.24,-2.0924,1.5458,6183361,69104054.0,4492000000.0,4492000000.0
2015-12-01,'603002,宏昌电子,11.47,11.66,11.34,11.45,11.58,-0.11,-0.9499,1.8437,7374848,84613742.0,4588000000.0,4588000000.0
2015-11-30,'603002,宏昌电子,11.58,11.6,10.75,11.33,11.37,0.21,1.847,2.9497,11798883,133733386.0,4632000000.0,4632000000.0
2015-11-27,'603002,宏昌电子,11.37,12.35,11.2,12.31,12.41,-1.04,-8.3803,3.7606,15042251,178638912.0,4548000000.0,4548000000.0
2015-11-26,'603002,宏昌电子,12.41,12.67,12.4,12.66,12.61,-0.2,-1.586,2.6499,10599649,132705251.0,4964000000.0,4964000000.0
2015-11-25,'603002,宏昌电子,12.61,12.83,12.43,12.43,12.56,0.05,0.3981,3.0484,12193663,154430974.0,5044000000.0,5044000000.0
2015-11-24,'603002,宏昌电子,12.56,12.59,12.01,12.21,12.21,0.35,2.8665,2.7844,11137699,136298698.0,5024000000.0,5024000000.0
2015-11-23,'603002,宏昌电子,12.21,12.75,12.14,12.41,12.47,-0.26,-2.085,3.8257,15302796,190438924.0,4884000000.0,4884000000.0
2015-11-20,'603002,宏昌电子,12.47,12.58,11.83,11.9,11.96,0.51,4.2642,4.3601,17440340,214629617.0,4988000000.0,4988000000.0
2015-11-19,'603002,宏昌电子,11.96,11.98,11.49,11.57,11.55,0.41,3.5498,3.4549,13819706,161602902.0,4784000000.0,4784000000.0
2015-11-18,'603002,宏昌电子,11.55,11.89,11.4,11.68,11.66,-0.11,-0.9434,3.2001,12800420,147977311.0,4620000000.0,4620000000.0
2015-11-17,'603002,宏昌电子,11.66,11.88,11.4,11.58,11.49,0.17,1.4795,4.6109,18443726,214644442.0,4664000000.0,4664000000.0
2015-11-16,'603002,宏昌电子,11.49,11.53,10.68,10.78,11.01,0.48,4.3597,3.7181,14872340,166126959.0,4596000000.0,4596000000.0
2015-11-13,'603002,宏昌电子,11.01,11.17,10.9,11.07,11.23,-0.22,-1.959,2.4148,9659290,106808263.0,4404000000.0,4404000000.0
2015-11-12,'603002,宏昌电子,11.23,11.55,11.0,11.47,11.37,-0.14,-1.2313,3.3008,13203083,148189570.0,4492000000.0,4492000000.0
2015-11-11,'603002,宏昌电子,11.37,11.38,11.0,11.09,11.08,0.29,2.6173,3.7684,15073455,168905420.0,4548000000.0,4548000000.0
2015-11-10,'603002,宏昌电子,11.08,11.2,10.92,10.94,11.03,0.05,0.4533,3.2213,12885186,142532549.0,4432000000.0,4432000000.0
2015-11-09,'603002,宏昌电子,11.03,11.18,10.73,10.75,10.96,0.07,0.6387,4.0512,16204729,178021580.0,4412000000.0,4412000000.0
2015-11-06,'603002,宏昌电子,10.96,11.0,10.54,10.54,10.76,0.2,1.8587,4.2939,17175533,186768717.0,4384000000.0,4384000000.0
2015-11-05,'603002,宏昌电子,10.76,11.36,10.72,11.23,10.85,-0.09,-0.8295,8.1568,32627064,360689720.0,4304000000.0,4304000000.0
2015-11-04,'603002,宏昌电子,10.85,10.85,10.1,10.13,9.86,0.99,10.0406,3.9293,15717369,166983556.0,4340000000.0,4340000000.0
2015-11-03,'603002,宏昌电子,9.86,9.95,9.7,9.83,9.76,0.1,1.0246,1.5287,6114950,60357153.0,3944000000.0,3944000000.0
2015-11-02,'603002,宏昌电子,9.76,10.12,9.7,9.87,10.01,-0.25,-2.4975,2.0442,8176686,81011647.0,3904000000.0,3904000000.0
2015-10-30,'603002,宏昌电子,10.01,10.38,9.92,10.23,10.24,-0.23,-2.2461,2.9939,11975524,121596431.0,4004000000.0,4004000000.0
2015-10-29,'603002,宏昌电子,10.24,10.33,9.94,10.08,9.99,0.25,2.5025,3.2811,13124394,133160467.0,4096000000.0,4096000000.0
2015-10-28,'603002,宏昌电子,9.99,10.44,9.85,10.0,10.25,-0.26,-2.5366,3.8091,15236595,154942237.0,3996000000.0,3996000000.0
2015-10-27,'603002,宏昌电子,10.25,10.33,9.2,9.79,9.85,0.4,4.0609,3.8819,15527772,152900577.0,4100000000.0,4100000000.0
2015-10-26,'603002,宏昌电子,9.85,10.1,9.78,9.98,9.8,0.05,0.5102,3.1717,12686879,125792488.0,3940000000.0,3940000000.0
2015-10-23,'603002,宏昌电子,9.8,9.87,9.44,9.5,9.44,0.36,3.8136,2.5058,10023011,96654576.0,3920000000.0,3920000000.0
2015-10-22,'603002,宏昌电子,9.44,9.55,9.05,9.16,9.11,0.33,3.6224,2.4456,9782222,91055562.0,3776000000.0,3776000000.0
2015-10-21,'603002,宏昌电子,9.11,10.35,9.11,10.05,10.12,-1.01,-9.9802,3.9243,15697395,152481786.0,3644000000.0,3644000000.0
2015-10-20,'603002,宏昌电子,10.12,10.22,9.83,9.91,10.06,0.06,0.5964,4.15,16599846,166878432.0,4048000000.0,4048000000.0
2015-10-19,'603002,宏昌电子,10.06,10.23,9.41,9.89,9.87,0.19,1.925,5.8351,23340241,227365430.0,4024000000.0,4024000000.0
2015-10-16,'603002,宏昌电子,9.87,9.95,9.63,9.81,9.77,0.1,1.0235,2.5078,10031092,98187442.0,3948000000.0,3948000000.0
2015-10-15,'603002,宏昌电子,9.77,9.78,9.39,9.39,9.4,0.37,3.9362,2.3445,9378174,90486786.0,3908000000.0,3908000000.0
2015-10-14,'603002,宏昌电子,9.4,9.64,9.36,9.56,9.63,-0.23,-2.3884,1.786,7144045,67861544.0,3760000000.0,3760000000.0
2015-10-13,'603002,宏昌电子,9.63,9.74,9.38,9.41,9.53,0.1,1.0493,2.4761,9904516,94254590.0,3852000000.0,3852000000.0
2015-10-12,'603002,宏昌电子,9.53,9.6,9.01,9.01,8.94,0.59,6.5996,2.992,11968050,112006259.0,3812000000.0,3812000000.0
2015-10-09,'603002,宏昌电子,8.94,8.97,8.72,8.8,8.83,0.11,1.2458,1.7049,6819541,60498499.0,3576000000.0,3576000000.0
2015-10-08,'603002,宏昌电子,8.83,8.93,8.68,8.68,8.27,0.56,6.7715,2.63,10519809,92566458.0,3532000000.0,3532000000.0
2015-09-30,'603002,宏昌电子,8.27,8.36,8.23,8.3,8.26,0.01,0.1211,0.7112,2844966,23616571.0,3308000000.0,3308000000.0
2015-09-29,'603002,宏昌电子,8.26,8.35,8.18,8.33,8.47,-0.21,-2.4793,1.1801,4720424,39013009.0,3304000000.0,3304000000.0
2015-09-28,'603002,宏昌电子,8.47,8.5,8.1,8.26,8.19,0.28,3.4188,1.1455,4582124,38100482.0,3388000000.0,3388000000.0
2015-09-25,'603002,宏昌电子,8.19,8.69,8.08,8.6,8.68,-0.49,-5.6452,1.7899,7159460,59945565.0,3276000000.0,3276000000.0
2015-09-24,'603002,宏昌电子,8.68,8.73,8.44,8.44,8.43,0.25,2.9656,1.7583,7033240,60734969.0,3472000000.0,3472000000.0
2015-09-23,'603002,宏昌电子,8.43,8.6,8.32,8.52,8.69,-0.26,-2.9919,1.7395,6957969,58976241.0,3372000000.0,3372000000.0
2015-09-22,'603002,宏昌电子,8.69,8.78,8.51,8.63,8.63,0.06,0.6952,1.7142,6856663,59407385.0,3476000000.0,3476000000.0
2015-09-21,'603002,宏昌电子,8.63,8.66,8.1,8.18,8.3,0.33,3.9759,1.777,7108026,60120647.0,3452000000.0,3452000000.0
2015-09-18,'603002,宏昌电子,8.3,8.37,8.05,8.16,8.06,0.24,2.9777,1.5072,6028838,49484505.0,3320000000.0,3320000000.0
2015-09-17,'603002,宏昌电子,8.06,8.5,8.01,8.11,8.17,-0.11,-1.3464,2.7564,11025700,91342610.0,3224000000.0,3224000000.0
2015-09-16,'603002,宏昌电子,8.17,8.18,7.48,7.56,7.44,0.73,9.8118,2.4297,9718820,76251621.0,3268000000.0,3268000000.0
2015-09-15,'603002,宏昌电子,7.44,8.06,7.36,7.97,7.94,-0.5,-6.2972,1.8849,7539680,58638290.0,2976000000.0,2976000000.0
2015-09-14,'603002,宏昌电子,7.94,8.88,7.94,8.82,8.82,-0.88,-9.9773,2.2823,9129336,76075672.0,3176000000.0,3176000000.0
2015-09-11,'603002,宏昌电子,8.82,8.94,8.6,8.6,8.6,0.22,2.5581,1.8538,7415131,64871991.0,3528000000.0,3528000000.0
2015-09-10,'603002,宏昌电子,8.6,8.87,8.56,8.7,8.9,-0.3,-3.3708,2.1427,8570902,74883977.0,3440000000.0,3440000000.0
2015-09-09,'603002,宏昌电子,8.9,9.02,8.52,8.61,8.51,0.39,4.5828,3.1537,12614767,111121939.0,3560000000.0,3560000000.0
2015-09-08,'603002,宏昌电子,8.51,8.55,7.88,8.0,7.97,0.54,6.7754,2.0382,8152822,66839693.0,3404000000.0,3404000000.0
2015-09-07,'603002,宏昌电子,7.97,8.19,7.87,7.87,7.63,0.34,4.4561,2.2702,9080914,73153443.0,3188000000.0,3188000000.0
2015-09-02,'603002,宏昌电子,7.63,8.39,7.4,7.55,7.99,-0.36,-4.5056,2.6198,10479294,82837657.0,3052000000.0,3052000000.0
2015-09-01,'603002,宏昌电子,7.99,8.81,7.97,8.81,8.85,-0.86,-9.7175,3.2008,12803125,105770215.0,3196000000.0,3196000000.0
2015-08-31,'603002,宏昌电子,8.85,9.41,8.81,9.34,9.59,-0.74,-7.7164,3.4471,13788404,125159328.0,3540000000.0,3540000000.0
2015-08-28,'603002,宏昌电子,9.59,9.65,8.8,9.1,8.97,0.62,6.9119,4.9631,19852238,181370840.0,3836000000.0,3836000000.0
2015-08-27,'603002,宏昌电子,8.97,8.99,8.21,8.6,8.36,0.61,7.2967,3.5683,14273328,123243887.0,3588000000.0,3588000000.0
2015-08-26,'603002,宏昌电子,8.36,9.01,7.88,8.59,8.38,-0.02,-0.2387,4.6475,18589926,158342567.0,3344000000.0,3344000000.0
2015-08-25,'603002,宏昌电子,8.38,8.85,8.38,8.52,9.31,-0.93,-9.9893,3.9695,15878040,135306822.0,3352000000.0,3352000000.0
2015-08-24,'603002,宏昌电子,9.31,10.28,9.31,10.07,10.34,-1.03,-9.9613,3.969,15876024,152130544.0,3724000000.0,3724000000.0
2015-08-21,'603002,宏昌电子,10.34,11.34,10.3,11.1,11.35,-1.01,-8.8987,3.8132,15252769,163785947.0,4136000000.0,4136000000.0
2015-08-20,'603002,宏昌电子,11.35,12.12,11.25,11.36,11.69,-0.34,-2.9085,4.1531,16612576,193382743.0,4540000000.0,4540000000.0
2015-08-19,'603002,宏昌电子,11.69,12.1,10.01,10.6,11.06,0.63,5.6962,4.4113,17645240,190966478.0,4676000000.0,4676000000.0
2015-08-18,'603002,宏昌电子,11.06,12.27,11.06,12.15,12.29,-1.23,-10.0081,4.9557,19822779,229570748.0,4424000000.0,4424000000.0
2015-08-17,'603002,宏昌电子,12.29,12.31,11.68,12.01,12.09,0.2,1.6543,4.0769,16307796,195489328.0,4916000000.0,4916000000.0
2015-08-14,'603002,宏昌电子,12.09,12.62,11.86,12.32,12.07,0.02,0.1657,7.4972,29988905,366592331.0,4836000000.0,4836000000.0
2015-08-13,'603002,宏昌电子,12.07,12.07,11.0,11.06,10.97,1.1,10.0273,7.9745,31898013,372890002.0,4828000000.0,4828000000.0
2015-08-12,'603002,宏昌电子,10.97,11.37,10.65,10.72,10.94,0.03,0.2742,5.2181,20872264,229301705.0,4388000000.0,4388000000.0
2015-08-11,'603002,宏昌电子,10.94,11.1,10.62,10.62,10.87,0.07,0.644,7.0631,28252252,306932806.0,4376000000.0,4376000000.0
2015-08-10,'603002,宏昌电子,10.87,10.95,10.3,10.5,10.01,0.86,8.5914,8.1604,32641776,346670788.0,4348000000.0,4348000000.0
2015-08-07,'603002,宏昌电子,10.01,10.01,9.52,9.56,9.1,0.91,10.0,2.5645,10257888,101102705.0,4004000000.0,4004000000.0
2015-08-06,'603002,宏昌电子,9.1,9.29,8.76,8.91,9.36,-0.26,-2.7778,2.7538,11015100,99618270.0,3640000000.0,3640000000.0
2015-08-05,'603002,宏昌电子,9.36,9.87,9.23,9.87,9.07,0.29,3.1974,4.1077,16430988,156537877.0,3744000000.0,3744000000.0
2015-08-04,'603002,宏昌电子,0.0,0.0,0.0,0.0,9.07,None,None,0.0,0,0.0,3628000000.0,3628000000.0
2015-08-03,'603002,宏昌电子,0.0,0.0,0.0,0.0,9.07,None,None,0.0,0,0.0,3628000000.0,3628000000.0
2015-07-31,'603002,宏昌电子,0.0,0.0,0.0,0.0,9.07,None,None,0.0,0,0.0,3628000000.0,3628000000.0
2015-07-30,'603002,宏昌电子,9.07,9.68,9.01,9.11,9.35,-0.28,-2.9947,3.5623,14249310,133284723.0,3628000000.0,3628000000.0
2015-07-29,'603002,宏昌电子,9.35,9.35,8.36,8.75,8.5,0.85,10.0,3.4574,13829667,121904157.0,3740000000.0,3740000000.0
2015-07-28,'603002,宏昌电子,8.5,9.08,8.19,8.52,9.1,-0.6,-6.5934,4.1807,16722883,142567262.0,3400000000.0,3400000000.0
2015-07-27,'603002,宏昌电子,9.1,10.18,9.1,9.85,10.11,-1.01,-9.9901,4.281,17124091,166228514.0,3640000000.0,3640000000.0
2015-07-24,'603002,宏昌电子,10.11,10.66,9.8,10.6,10.58,-0.47,-4.4423,4.8918,19567295,203914800.0,4044000000.0,4044000000.0
2015-07-23,'603002,宏昌电子,10.58,10.68,9.96,10.06,10.01,0.57,5.6943,5.0522,20208802,209713068.0,4232000000.0,4232000000.0
2015-07-22,'603002,宏昌电子,10.01,10.09,9.7,9.81,9.91,0.1,1.0091,4.4443,17777260,176427599.0,4004000000.0,4004000000.0
2015-07-21,'603002,宏昌电子,9.91,10.03,9.41,9.55,9.79,0.12,1.2257,3.8932,15572874,152741123.0,3964000000.0,3964000000.0
2015-07-20,'603002,宏昌电子,9.79,10.05,9.52,9.7,9.74,0.05,0.5133,4.9266,19706354,192666859.0,3916000000.0,3916000000.0
2015-07-17,'603002,宏昌电子,9.74,9.89,8.99,9.13,9.04,0.7,7.7434,4.0729,16291567,154376969.0,3896000000.0,3896000000.0
2015-07-16,'603002,宏昌电子,9.04,9.3,8.02,8.31,8.6,0.44,5.1163,4.7865,19145914,167831617.0,3616000000.0,3616000000.0
2015-07-15,'603002,宏昌电子,8.6,9.45,8.6,9.2,9.56,-0.96,-10.0418,4.9613,19845054,176015071.0,3440000000.0,3440000000.0
2015-07-14,'603002,宏昌电子,9.56,10.12,9.28,9.48,9.27,0.29,3.1284,8.4953,33981331,330037207.0,3824000000.0,3824000000.0
2015-07-13,'603002,宏昌电子,9.27,9.27,8.84,9.22,8.43,0.84,9.9644,5.1105,20441832,188030562.0,3708000000.0,3708000000.0
2015-07-10,'603002,宏昌电子,8.43,8.43,7.8,8.3,7.66,0.77,10.0522,2.0937,8374700,69685415.0,3372000000.0,3372000000.0
2015-07-09,'603002,宏昌电子,7.66,7.66,6.81,6.81,6.96,0.7,10.0575,4.3285,17314186,129109140.0,3064000000.0,3064000000.0
2015-07-08,'603002,宏昌电子,6.96,7.32,6.96,6.96,7.73,-0.77,-9.9612,5.3554,21421676,150395637.0,2784000000.0,2784000000.0
2015-07-07,'603002,宏昌电子,7.73,8.42,7.73,8.36,8.59,-0.86,-10.0116,2.8947,11578713,91925271.0,3092000000.0,3092000000.0
2015-07-06,'603002,XD宏昌电,8.59,9.81,8.25,9.81,8.92,-0.33,-3.6996,4.0874,16349539,147183628.0,3436000000.0,3436000000.0
2015-07-03,'603002,宏昌电子,8.97,10.28,8.97,9.94,9.97,-1.0,-10.0301,3.9779,15911768,151955059.0,3588000000.0,3588000000.0
2015-07-02,'603002,宏昌电子,9.97,11.03,9.84,10.95,10.71,-0.74,-6.9094,3.2479,12991409,135718709.0,3988000000.0,3988000000.0
2015-07-01,'603002,宏昌电子,10.71,11.97,10.7,11.55,11.71,-1.0,-8.5397,3.2146,12858498,149161822.0,4284000000.0,4284000000.0
2015-06-30,'603002,宏昌电子,11.71,11.9,9.99,11.2,10.95,0.76,6.9406,3.7955,15181855,168040787.0,4684000000.0,4684000000.0
2015-06-29,'603002,宏昌电子,10.95,12.65,10.86,12.53,12.07,-1.12,-9.2792,3.6968,14787028,170237364.0,4380000000.0,4380000000.0
2015-06-26,'603002,宏昌电子,12.07,13.1,12.07,13.1,13.41,-1.34,-9.9925,3.3103,13241194,165448547.0,4828000000.0,4828000000.0
2015-06-25,'603002,宏昌电子,13.41,14.4,13.13,14.34,14.38,-0.97,-6.7455,2.5955,10381803,144957037.0,5364000000.0,5364000000.0
2015-06-24,'603002,宏昌电子,14.38,14.55,13.88,14.2,14.03,0.35,2.4947,2.7595,11037882,157175901.0,5752000000.0,5752000000.0
2015-06-23,'603002,宏昌电子,14.03,14.25,12.71,13.73,14.04,-0.01,-0.0712,2.5688,10275175,140618928.0,5612000000.0,5612000000.0
2015-06-19,'603002,宏昌电子,14.04,15.29,14.04,15.29,15.6,-1.56,-10.0,2.673,10692152,155727122.0,5616000000.0,5616000000.0
2015-06-18,'603002,宏昌电子,15.6,16.4,15.52,16.23,16.25,-0.65,-4.0,2.3875,9549800,153340529.0,6240000000.0,6240000000.0
2015-06-17,'603002,宏昌电子,16.25,16.49,15.16,16.15,16.2,0.05,0.3086,3.4437,13774759,218524011.0,6500000000.0,6500000000.0
2015-06-16,'603002,宏昌电子,16.2,17.38,15.84,17.38,17.54,-1.34,-7.6397,4.203,16811985,278736017.0,6480000000.0,6480000000.0
2015-06-15,'603002,宏昌电子,17.54,18.26,17.3,17.52,17.24,0.3,1.7401,5.511,22044156,392461149.0,7016000000.0,7016000000.0
2015-06-12,'603002,宏昌电子,17.24,17.38,16.75,16.97,16.97,0.27,1.591,4.9421,19768372,338184351.0,6896000000.0,6896000000.0
2015-06-11,'603002,宏昌电子,16.97,16.99,16.3,16.67,16.67,0.3,1.7996,3.9042,15616646,259424946.0,6788000000.0,6788000000.0
2015-06-10,'603002,宏昌电子,16.67,17.06,15.95,16.95,16.72,-0.05,-0.299,4.0743,16297303,272512818.0,6668000000.0,6668000000.0
2015-06-09,'603002,宏昌电子,0.0,0.0,0.0,0.0,16.72,None,None,0.0,0,0.0,6688000000.0,6688000000.0
2015-06-08,'603002,宏昌电子,0.0,0.0,0.0,0.0,16.72,None,None,0.0,0,0.0,6688000000.0,6688000000.0
2015-06-05,'603002,宏昌电子,16.72,17.0,16.05,16.7,16.58,0.14,0.8444,5.0295,20117939,335440273.0,6688000000.0,6688000000.0
2015-06-04,'603002,宏昌电子,16.58,17.8,15.66,17.4,17.4,-0.82,-4.7126,5.6847,22738620,375319593.0,6632000000.0,6632000000.0
2015-06-03,'603002,宏昌电子,17.4,17.89,17.05,17.7,17.86,-0.46,-2.5756,4.0477,16190951,282743819.0,6960000000.0,6960000000.0
2015-06-02,'603002,宏昌电子,17.86,18.0,17.23,18.0,18.14,-0.28,-1.5436,7.4888,29955350,530245145.0,7144000000.0,7144000000.0
2015-06-01,'603002,宏昌电子,18.14,18.14,16.51,16.56,16.49,1.65,10.0061,6.3879,25551667,456227570.0,7256000000.0,7256000000.0
2015-05-29,'603002,宏昌电子,16.49,16.82,15.18,16.15,16.06,0.43,2.6775,4.6554,18621598,301859437.0,6596000000.0,6596000000.0
2015-05-28,'603002,宏昌电子,16.06,17.51,15.85,16.3,16.43,-0.37,-2.252,6.5513,26205348,439079167.0,6424000000.0,6424000000.0
2015-05-27,'603002,宏昌电子,16.43,16.79,15.88,16.76,16.65,-0.22,-1.3213,4.0988,16395175,269795045.0,6572000000.0,6572000000.0
2015-05-26,'603002,宏昌电子,16.65,16.75,15.43,15.6,15.58,1.07,6.8678,5.1675,20670090,334831888.0,6660000000.0,6660000000.0
2015-05-25,'603002,宏昌电子,15.58,15.86,14.62,14.62,15.08,0.5,3.3156,6.1421,24568516,376010846.0,6232000000.0,6232000000.0
2015-05-22,'603002,宏昌电子,15.08,15.18,13.88,14.38,14.59,0.49,3.3585,8.8842,35536899,510711511.0,6032000000.0,6032000000.0
2015-05-21,'603002,宏昌电子,14.59,14.75,14.19,14.26,14.2,0.39,2.7465,3.4994,13997684,201754314.0,5836000000.0,5836000000.0
2015-05-20,'603002,宏昌电子,14.2,14.95,13.8,13.91,13.91,0.29,2.0848,4.9257,19702829,283171619.0,5680000000.0,5680000000.0
2015-05-19,'603002,宏昌电子,13.91,14.09,13.37,13.56,13.45,0.46,3.4201,4.2012,16804639,230216994.0,5564000000.0,5564000000.0
2015-05-18,'603002,宏昌电子,13.45,14.12,13.11,13.2,13.35,0.1,0.7491,8.6332,16403084,223388440.0,5380000000.0,2555500000.0
