2016-05-13,'603299,井神股份,15.65,15.94,15.49,15.94,15.86,-0.21,-1.3241,8.27,7443012,116686790.0,8755236000.0,1408500000.0
2016-05-12,'603299,井神股份,15.86,16.03,15.02,16.02,16.4,-0.54,-3.2927,11.0513,9946147,155106808.0,8872718400.0,1427400000.0
2016-05-11,'603299,井神股份,16.4,17.4,16.28,17.3,16.95,-0.55,-3.2448,12.7751,11497564,191338354.0,9174816000.0,1476000000.0
2016-05-10,'603299,井神股份,16.95,17.49,16.64,16.64,17.16,-0.21,-1.2238,14.6129,13151581,225081669.0,9482508000.0,1525500000.0
2016-05-09,'603299,井神股份,17.16,18.44,17.16,18.39,19.07,-1.91,-10.0157,26.8546,24169124,424646563.0,9599990400.0,1544400000.0
2016-05-06,'603299,井神股份,19.07,19.61,18.95,19.44,17.83,1.24,6.9546,44.4892,40040260,776278188.0,10668520800.0,1716300000.0
2016-05-05,'603299,井神股份,17.83,17.85,17.35,17.5,17.57,0.26,1.4798,12.1128,10901557,192307370.0,9974815200.0,1604700000.0
2016-05-04,'603299,井神股份,17.57,17.88,17.35,17.49,17.55,0.02,0.114,10.2323,9209090,162229366.0,9829360800.0,1581300000.0
2016-05-03,'603299,井神股份,17.55,17.75,16.96,17.15,17.05,0.5,2.9326,11.9785,10780670,188064052.0,9818172000.0,1579500000.0
2016-04-29,'603299,井神股份,17.05,17.28,16.91,17.05,17.15,-0.1,-0.5831,6.011,5409880,92330988.0,9538452000.0,1534500000.0
2016-04-28,'603299,井神股份,17.15,17.42,16.86,17.16,17.15,0.0,0.0,9.0569,8151245,139350438.0,9594396000.0,1543500000.0
2016-04-27,'603299,井神股份,17.15,17.58,17.05,17.42,17.56,-0.41,-2.3349,11.655,10489489,181302534.0,9594396000.0,1543500000.0
2016-04-26,'603299,井神股份,17.56,17.78,17.25,17.78,17.77,-0.21,-1.1818,9.8316,8848462,154667797.0,9823766400.0,1580400000.0
2016-04-25,'603299,井神股份,17.77,17.95,16.83,17.48,17.43,0.34,1.9507,17.4648,15718310,275248645.0,9941248800.0,1599300000.0
2016-04-22,'603299,井神股份,17.43,17.51,16.7,17.05,18.49,-1.06,-5.7328,16.8077,15126902,260634225.0,9751039200.0,1568700000.0
2016-04-21,'603299,井神股份,0.0,0.0,0.0,0.0,18.49,None,None,0.0,0,0.0,10344045600.0,1664100000.0
2016-04-20,'603299,井神股份,18.49,20.09,18.16,20.09,20.18,-1.69,-8.3746,27.8889,25100047,476441919.0,10344045600.0,1664100000.0
2016-04-19,'603299,井神股份,20.18,20.41,19.26,19.4,19.54,0.64,3.2753,30.1255,27112916,539404124.0,11289499200.0,1816200000.0
2016-04-18,'603299,井神股份,19.54,20.68,18.3,18.58,18.85,0.69,3.6605,34.0545,30649049,601292096.0,10931457600.0,1758600000.0
2016-04-15,'603299,井神股份,18.85,19.44,18.72,19.27,19.72,-0.87,-4.4118,23.1273,20814591,395863854.0,10545444000.0,1696500000.0
2016-04-14,'603299,井神股份,19.72,19.98,18.4,18.64,18.63,1.09,5.8508,32.9187,29626859,571037465.0,11032156800.0,1774800000.0
2016-04-13,'603299,井神股份,18.63,18.94,18.35,18.45,18.63,0.0,0.0,21.9162,19724537,368373916.0,10422367200.0,1676700000.0
2016-04-12,'603299,井神股份,18.63,18.98,17.85,18.0,18.24,0.39,2.1382,21.5365,19382810,356523046.0,10422367200.0,1676700000.0
2016-04-11,'603299,井神股份,18.24,18.49,18.1,18.31,18.18,0.06,0.33,15.5942,14034778,256773474.0,10204185600.0,1641600000.0
2016-04-08,'603299,井神股份,18.18,18.19,17.7,18.02,18.38,-0.2,-1.0881,14.5216,13069432,234409529.0,10170619200.0,1636200000.0
2016-04-07,'603299,井神股份,18.38,18.8,18.0,18.79,18.79,-0.41,-2.182,19.6147,17653224,323298994.0,10282507200.0,1654200000.0
2016-04-06,'603299,井神股份,18.79,18.98,18.5,18.85,19.29,-0.5,-2.592,24.8718,22384582,418243687.0,10511877600.0,1691100000.0
2016-04-05,'603299,井神股份,19.29,19.7,18.2,18.43,18.49,0.8,4.3267,38.1673,34350559,658659552.0,10791597600.0,1736100000.0
2016-04-01,'603299,井神股份,18.49,18.49,16.76,16.88,16.81,1.68,9.9941,38.9696,35072598,632587766.0,10344045600.0,1664100000.0
2016-03-31,'603299,井神股份,16.81,17.18,16.63,16.85,16.79,0.02,0.1191,12.6613,11395154,192763116.0,9404186400.0,1512900000.0
2016-03-30,'603299,井神股份,16.79,16.84,16.28,16.44,16.23,0.56,3.4504,10.224,9201585,152455323.0,9392997600.0,1511100000.0
2016-03-29,'603299,井神股份,16.23,16.49,16.0,16.49,16.43,-0.2,-1.2173,7.9949,7195423,116798380.0,9079711200.0,1460700000.0
2016-03-28,'603299,井神股份,16.43,16.92,16.38,16.7,16.65,-0.22,-1.3213,8.6764,7808727,130331952.0,9191599200.0,1478700000.0
2016-03-25,'603299,井神股份,16.65,17.1,16.32,16.88,16.98,-0.33,-1.9435,12.4597,11213766,187392503.0,9314676000.0,1498500000.0
2016-03-24,'603299,井神股份,16.98,17.58,16.94,17.48,17.78,-0.8,-4.4994,16.9332,15239886,263020308.0,9499291200.0,1528200000.0
2016-03-23,'603299,井神股份,17.78,17.88,17.07,17.07,17.35,0.43,2.4784,19.9518,17956646,314026212.0,9946843200.0,1600200000.0
2016-03-22,'603299,井神股份,17.35,17.79,17.21,17.5,17.76,-0.41,-2.3086,16.211,14589869,254084974.0,9706284000.0,1561500000.0
2016-03-21,'603299,井神股份,17.76,17.85,17.01,17.4,17.14,0.62,3.6173,22.5313,20278133,354200251.0,9935654400.0,1598400000.0
2016-03-18,'603299,井神股份,17.14,17.5,16.48,16.55,16.57,0.57,3.44,23.3308,20997740,357816162.0,9588801600.0,1542600000.0
2016-03-17,'603299,井神股份,16.57,16.7,15.94,16.1,16.04,0.53,3.3042,18.3228,16490534,270554415.0,9269920800.0,1491300000.0
2016-03-16,'603299,井神股份,16.04,16.64,15.95,16.55,16.3,-0.26,-1.5951,10.9452,9850718,159706992.0,8973417600.0,1443600000.0
2016-03-15,'603299,井神股份,16.3,16.91,16.2,16.6,16.88,-0.58,-3.436,12.5489,11294045,186490795.0,9118872000.0,1467000000.0
2016-03-14,'603299,井神股份,16.88,17.26,16.51,16.51,16.29,0.59,3.6219,17.1271,15414388,261046858.0,9443347200.0,1519200000.0
2016-03-11,'603299,井神股份,16.29,16.8,15.8,16.0,16.38,-0.09,-0.5495,13.3136,11982278,193950044.0,9113277600.0,1466100000.0
2016-03-10,'603299,井神股份,16.38,17.4,16.15,17.0,17.01,-0.63,-3.7037,13.9642,12567807,210486048.0,9163627200.0,1474200000.0
2016-03-09,'603299,井神股份,17.01,17.99,16.4,16.9,17.62,-0.61,-3.462,16.1217,14509530,249672778.0,9516074400.0,1530900000.0
2016-03-08,'603299,井神股份,17.62,18.15,16.0,17.13,17.53,0.09,0.5134,20.6533,18587933,313306087.0,9857332800.0,1585800000.0
2016-03-07,'603299,井神股份,17.53,18.23,16.96,17.5,17.47,0.06,0.3434,19.4934,17544090,308787841.0,9806983200.0,1577700000.0
2016-03-04,'603299,井神股份,17.47,18.8,17.2,18.8,19.09,-1.62,-8.4861,25.6183,23056445,414352547.0,9773416800.0,1572300000.0
2016-03-03,'603299,井神股份,19.09,20.5,18.6,18.88,19.18,-0.09,-0.4692,31.8071,28626368,563720509.0,10679709600.0,1718100000.0
2016-03-02,'603299,井神股份,19.18,19.55,17.83,18.0,18.45,0.73,3.9566,32.5319,29278690,551596608.0,10730059200.0,1726200000.0
2016-03-01,'603299,井神股份,18.45,18.45,16.62,17.0,16.77,1.68,10.0179,24.9224,22430188,392980484.0,10321668000.0,1660500000.0
2016-02-29,'603299,井神股份,16.77,18.05,16.77,18.0,18.63,-1.86,-9.9839,15.6817,14113553,240894487.0,9381808800.0,1509300000.0
2016-02-26,'603299,井神股份,18.63,19.97,17.61,19.18,19.29,-0.66,-3.4215,28.3958,25556242,484413635.0,10422367200.0,1676700000.0
2016-02-25,'603299,井神股份,19.29,21.1,19.29,20.45,21.43,-2.14,-9.986,30.9262,27833570,558613694.0,10791597600.0,1736100000.0
2016-02-24,'603299,井神股份,21.43,23.2,20.08,21.13,21.12,0.31,1.4678,56.4616,50815395,1089522262.0,11988799200.0,1928700000.0
2016-02-23,'603299,井神股份,21.12,21.12,19.02,19.05,19.2,1.92,10.0,39.7223,35750074,729559329.0,11815372800.0,1900800000.0
2016-02-22,'603299,井神股份,19.2,20.09,18.91,18.91,18.79,0.41,2.182,32.3999,29159869,563239285.0,10741248000.0,1728000000.0
2016-02-19,'603299,井神股份,18.79,19.47,18.3,19.15,19.9,-1.11,-5.5779,37.5637,33807332,639346161.0,10511877600.0,1691100000.0
2016-02-18,'603299,井神股份,19.9,20.44,18.27,18.99,18.58,1.32,7.1044,57.1895,51470528,984164592.0,11132856000.0,1791000000.0
2016-02-17,'603299,井神股份,18.58,18.58,16.61,16.66,16.89,1.69,10.0059,49.2553,44329806,807182000.0,10394395200.0,1672200000.0
2016-02-16,'603299,井神股份,16.89,17.99,16.3,16.33,16.39,0.5,3.0506,28.6825,25814281,438022939.0,9448941600.0,1520100000.0
2016-02-15,'603299,井神股份,16.39,16.84,15.42,15.42,17.02,-0.63,-3.7015,23.8975,21507778,343336584.0,9169221600.0,1475100000.0
2016-02-05,'603299,井神股份,17.02,18.82,16.5,18.7,17.86,-0.84,-4.7032,43.0063,38705709,685473445.0,9521668800.0,1531800000.0
2016-02-04,'603299,井神股份,17.86,17.86,16.01,16.01,16.24,1.62,9.9754,25.6892,23120251,402095002.0,9991598400.0,1607400000.0
2016-02-03,'603299,井神股份,16.24,16.99,14.9,15.23,15.82,0.42,2.6549,43.0442,38739820,616943331.0,9085305600.0,1461600000.0
2016-02-02,'603299,井神股份,15.82,15.89,14.61,14.75,15.22,0.6,3.9422,35.2194,31697466,483816029.0,8850340800.0,1423800000.0
2016-02-01,'603299,井神股份,15.22,16.13,14.73,15.9,14.66,0.56,3.8199,47.4302,42687211,670494631.0,8514676800.0,1369800000.0
2016-01-29,'603299,井神股份,14.66,14.66,13.5,13.5,13.33,1.33,9.9775,12.7903,11511239,166882964.0,8201390400.0,1319400000.0
2016-01-28,'603299,井神股份,13.33,14.55,13.33,14.28,14.81,-1.48,-9.9932,23.5793,21221399,295461717.0,7457335200.0,1199700000.0
2016-01-27,'603299,井神股份,14.81,15.56,14.8,14.91,16.44,-1.63,-9.9148,37.2209,33498849,498430438.0,8285306400.0,1332900000.0
2016-01-26,'603299,井神股份,16.44,17.66,16.44,17.41,18.27,-1.83,-10.0164,25.1351,22621589,376319478.0,9197193600.0,1479600000.0
2016-01-25,'603299,井神股份,18.27,18.96,16.42,18.49,18.01,0.26,1.4436,53.0987,47788812,842917474.0,10220968800.0,1644300000.0
2016-01-22,'603299,井神股份,18.01,19.88,17.27,17.27,19.19,-1.18,-6.149,60.2428,54218506,976961375.0,10075514400.0,1620900000.0
2016-01-21,'603299,井神股份,19.19,20.19,19.1,20.19,18.35,0.84,4.5777,24.1558,21740261,432847211.0,10735653600.0,1727100000.0
2016-01-20,'603299,井神股份,18.35,18.35,18.35,18.35,16.68,1.67,10.012,0.3959,356300,6538105.0,10265724000.0,1651500000.0
2016-01-19,'603299,井神股份,16.68,16.68,16.68,16.68,15.16,1.52,10.0264,0.7053,634800,10588464.0,9331459200.0,1501200000.0
2016-01-18,'603299,井神股份,15.16,15.16,15.16,15.16,13.78,1.38,10.0145,1.8153,1633774,24768014.0,8481110400.0,1364400000.0
2016-01-15,'603299,井神股份,13.78,13.78,13.78,13.78,12.53,1.25,9.9761,0.7828,704532,9708451.0,7709083200.0,1240200000.0
2016-01-14,'603299,井神股份,12.53,12.53,12.53,12.53,11.39,1.14,10.0088,0.5659,509289,6381391.0,7009783200.0,1127700000.0
2016-01-13,'603299,井神股份,11.39,11.39,11.39,11.39,10.35,1.04,10.0483,0.1953,175799,2002351.0,6372021600.0,1025100000.0
2016-01-12,'603299,井神股份,10.35,10.35,10.35,10.35,9.41,0.94,9.9894,0.1579,142100,1470735.0,5790204000.0,931500000.0
2016-01-11,'603299,井神股份,9.41,9.41,9.41,9.41,8.55,0.86,10.0585,0.0869,78200,735862.0,5264330400.0,846900000.0
2016-01-08,'603299,井神股份,8.55,8.55,8.55,8.55,7.77,0.78,10.0386,0.0742,66800,571140.0,4783212000.0,769500000.0
2016-01-07,'603299,井神股份,7.77,7.77,7.77,7.77,7.06,0.71,10.0567,0.0328,29500,229215.0,4346848800.0,699300000.0
2016-01-06,'603299,井神股份,7.06,7.06,7.06,7.06,6.42,0.64,9.9688,0.0173,15600,110136.0,3949646400.0,635400000.0
2016-01-05,'603299,井神股份,6.42,6.42,6.42,6.42,5.84,0.58,9.9315,0.0504,45400,291468.0,3591604800.0,577800000.0
2016-01-04,'603299,井神股份,5.84,5.84,5.84,5.84,5.31,0.53,9.9812,0.0217,19500,113880.0,3267129600.0,525600000.0
2015-12-31,'603299,N井神,5.31,5.31,5.31,5.31,3.69,1.62,43.9024,0.0568,51100,271341.0,2970626400.0,477900000.0
