2016-05-13,'603333,明星电缆,7.29,7.44,7.15,7.24,7.21,0.08,1.1096,0.6391,3323450,24268049.0,3790836450.0,3790836450.0
2016-05-12,'603333,明星电缆,7.21,7.31,7.0,7.31,7.32,-0.11,-1.5027,0.6805,3538430,25282240.0,3749236050.0,3749236050.0
2016-05-11,'603333,明星电缆,7.32,7.46,7.29,7.4,7.39,-0.07,-0.9472,0.759,3946647,29022129.0,3806436600.0,3806436600.0
2016-05-10,'603333,明星电缆,7.39,7.47,7.33,7.42,7.39,0.0,0.0,0.7747,4028329,29857437.0,3842836950.0,3842836950.0
2016-05-09,'603333,明星电缆,7.39,8.1,7.33,8.05,8.12,-0.73,-8.9901,1.2018,6249645,47414867.0,3842836950.0,3842836950.0
2016-05-06,'603333,明星电缆,8.12,8.7,8.09,8.57,8.63,-0.51,-5.9096,1.1819,6145755,51528395.0,4222440600.0,4222440600.0
2016-05-05,'603333,明星电缆,8.63,8.66,8.52,8.55,8.57,0.06,0.7001,0.7342,3818043,32774526.0,4487643150.0,4487643150.0
2016-05-04,'603333,明星电缆,8.57,8.65,8.48,8.55,8.56,0.01,0.1168,0.8899,4627717,39791493.0,4456442850.0,4456442850.0
2016-05-03,'603333,明星电缆,8.56,8.57,8.38,8.4,8.43,0.13,1.5421,1.1324,5888542,50156830.0,4451242800.0,4451242800.0
2016-04-29,'603333,明星电缆,8.43,8.58,8.23,8.3,8.32,0.11,1.3221,0.9071,4717029,39775407.0,4383642150.0,4383642150.0
2016-04-28,'603333,明星电缆,8.32,8.61,8.22,8.45,8.49,-0.17,-2.0024,0.9897,5146397,43106512.0,4326441600.0,4326441600.0
2016-04-27,'603333,明星电缆,8.49,8.58,8.39,8.58,8.62,-0.13,-1.5081,0.4454,2316244,19685411.0,4414842450.0,4414842450.0
2016-04-26,'603333,明星电缆,8.62,8.65,8.3,8.58,8.58,0.04,0.4662,0.8091,4207232,35628100.0,4482443100.0,4482443100.0
2016-04-25,'603333,明星电缆,8.58,8.61,8.35,8.47,8.46,0.12,1.4184,0.7206,3747148,31964033.0,4461642900.0,4461642900.0
2016-04-22,'603333,明星电缆,8.46,8.49,8.21,8.28,8.38,0.08,0.9547,0.5884,3059557,25641740.0,4399242300.0,4399242300.0
2016-04-21,'603333,明星电缆,8.38,8.52,8.15,8.37,8.35,0.03,0.3593,0.9262,4816371,40192237.0,4357641900.0,4357641900.0
2016-04-20,'603333,明星电缆,8.35,9.0,8.03,8.97,8.92,-0.57,-6.3901,1.8773,9762286,82244131.0,4342041750.0,4342041750.0
2016-04-19,'603333,明星电缆,8.92,9.0,8.76,8.92,8.93,-0.01,-0.112,0.8974,4666450,41381805.0,4638444600.0,4638444600.0
2016-04-18,'603333,明星电缆,8.93,9.18,8.81,9.15,9.19,-0.26,-2.8292,1.0909,5672603,50772925.0,4643644650.0,4643644650.0
2016-04-15,'603333,明星电缆,9.19,9.28,9.04,9.23,9.26,-0.07,-0.7559,1.3696,7122122,65322688.0,4778845950.0,4778845950.0
2016-04-14,'603333,明星电缆,9.26,9.29,9.15,9.2,9.19,0.07,0.7617,1.1027,5734078,52871489.0,4815246300.0,4815246300.0
2016-04-13,'603333,明星电缆,9.19,9.36,9.12,9.28,9.2,-0.01,-0.1087,1.9802,10297027,94951618.0,4778845950.0,4778845950.0
2016-04-12,'603333,明星电缆,9.2,9.21,8.98,8.98,8.93,0.27,3.0235,2.239,11642668,105984299.0,4784046000.0,4784046000.0
2016-04-11,'603333,明星电缆,8.93,9.14,8.72,8.72,8.7,0.23,2.6437,1.4848,7721092,68990324.0,4643644650.0,4643644650.0
2016-04-08,'603333,明星电缆,8.7,8.75,8.53,8.67,8.73,-0.03,-0.3436,0.6944,3610769,31192517.0,4524043500.0,4524043500.0
2016-04-07,'603333,明星电缆,8.73,8.94,8.7,8.88,8.84,-0.11,-1.2443,0.9904,5150121,45369529.0,4539643650.0,4539643650.0
2016-04-06,'603333,明星电缆,8.84,8.98,8.79,8.9,8.9,-0.06,-0.6742,0.8933,4644986,41217431.0,4596844200.0,4596844200.0
2016-04-05,'603333,明星电缆,8.9,8.93,8.72,8.78,8.7,0.2,2.2989,1.1346,5900069,52292766.0,4628044500.0,4628044500.0
2016-04-01,'603333,明星电缆,8.7,8.87,8.55,8.8,8.82,-0.12,-1.3605,0.8469,4403921,38300760.0,4524043500.0,4524043500.0
2016-03-31,'603333,明星电缆,8.82,8.9,8.75,8.89,8.88,-0.06,-0.6757,1.1483,5971458,52709440.0,4586444100.0,4586444100.0
2016-03-30,'603333,明星电缆,8.88,8.94,8.68,8.73,8.71,0.17,1.9518,1.4842,7717768,68029181.0,4617644400.0,4617644400.0
2016-03-29,'603333,明星电缆,8.71,9.0,8.6,8.99,8.9,-0.19,-2.1348,0.831,4321233,37921740.0,4529243550.0,4529243550.0
2016-03-28,'603333,明星电缆,8.9,9.33,8.88,9.25,9.16,-0.26,-2.8384,1.1354,5904361,53827661.0,4628044500.0,4628044500.0
2016-03-25,'603333,明星电缆,9.16,9.21,9.08,9.11,9.17,-0.01,-0.1091,0.755,3925876,35892587.0,4763245800.0,4763245800.0
2016-03-24,'603333,明星电缆,9.17,9.5,9.15,9.31,9.31,-0.14,-1.5038,1.1686,6077000,56376852.0,4768445850.0,4768445850.0
2016-03-23,'603333,明星电缆,9.31,9.34,9.14,9.16,9.29,0.02,0.2153,1.114,5792663,53516012.0,4841246550.0,4841246550.0
2016-03-22,'603333,明星电缆,9.29,9.48,9.26,9.43,9.51,-0.22,-2.3134,1.3424,6980770,65263306.0,4830846450.0,4830846450.0
2016-03-21,'603333,明星电缆,9.51,9.56,9.2,9.4,9.34,0.17,1.8201,1.9874,10334682,97223079.0,4945247550.0,4945247550.0
2016-03-18,'603333,明星电缆,9.34,9.47,9.12,9.22,9.14,0.2,2.1882,2.0978,10908419,101436362.0,4856846700.0,4856846700.0
2016-03-17,'603333,明星电缆,9.14,9.15,8.79,8.85,8.88,0.26,2.9279,1.565,8138006,73596138.0,4752845700.0,4752845700.0
2016-03-16,'603333,明星电缆,8.88,9.19,8.81,9.06,9.04,-0.16,-1.7699,0.9087,4725228,42604176.0,4617644400.0,4617644400.0
2016-03-15,'603333,明星电缆,9.04,9.15,8.85,8.87,8.93,0.11,1.2318,0.9327,4850152,43862743.0,4700845200.0,4700845200.0
2016-03-14,'603333,明星电缆,8.93,9.19,8.68,8.8,8.6,0.33,3.8372,1.2429,6462917,58166744.0,4643644650.0,4643644650.0
2016-03-11,'603333,明星电缆,8.6,8.8,8.4,8.71,8.83,-0.23,-2.6048,1.116,5803176,49937423.0,4472043000.0,4472043000.0
2016-03-10,'603333,明星电缆,8.83,9.3,8.77,9.2,9.18,-0.35,-3.8126,1.3635,7090054,63617625.0,4591644150.0,4591644150.0
2016-03-09,'603333,明星电缆,9.18,9.57,9.0,9.2,9.41,-0.23,-2.4442,1.9695,10241268,94763033.0,4773645900.0,4773645900.0
2016-03-08,'603333,明星电缆,9.41,9.62,8.98,9.28,9.33,0.08,0.8574,2.774,14424833,134953913.0,4893247050.0,4893247050.0
2016-03-07,'603333,明星电缆,9.33,9.36,8.72,8.83,8.79,0.54,6.1433,1.9416,10096508,91327710.0,4851646650.0,4851646650.0
2016-03-04,'603333,明星电缆,8.79,9.34,8.69,9.15,9.19,-0.4,-4.3526,1.7743,9226462,83252917.0,4570843950.0,4570843950.0
2016-03-03,'603333,明星电缆,9.19,9.47,9.16,9.36,9.38,-0.19,-2.0256,2.1931,11404357,105893867.0,4778845950.0,4778845950.0
2016-03-02,'603333,明星电缆,9.38,9.43,8.71,8.76,8.92,0.46,5.157,3.1204,16226338,148689442.0,4877646900.0,4877646900.0
2016-03-01,'603333,明星电缆,8.92,9.24,8.66,9.0,8.77,0.15,1.7104,2.8219,14674186,130749438.0,4638444600.0,4638444600.0
2016-02-29,'603333,明星电缆,8.77,9.36,8.53,9.1,8.98,-0.21,-2.3385,3.4113,17739085,155987511.0,4560443850.0,4560443850.0
2016-02-26,'603333,明星电缆,8.98,8.98,8.11,8.34,8.16,0.82,10.049,2.1532,11196994,97200836.0,4669644900.0,4669644900.0
2016-02-25,'603333,明星电缆,8.16,8.95,8.01,8.75,8.86,-0.7,-7.9007,1.3867,7211030,61296578.0,4243240800.0,4243240800.0
2016-02-24,'603333,明星电缆,8.86,8.95,8.61,8.9,8.98,-0.12,-1.3363,0.9864,5129395,45163556.0,4607244300.0,4607244300.0
2016-02-23,'603333,明星电缆,8.98,8.99,8.69,8.77,8.92,0.06,0.6726,1.3715,7131828,62622695.0,4669644900.0,4669644900.0
2016-02-22,'603333,明星电缆,8.92,8.99,8.45,8.5,8.52,0.4,4.6948,2.3208,12068203,105947702.0,4638444600.0,4638444600.0
2016-02-19,'603333,明星电缆,8.52,8.55,7.86,8.03,8.01,0.51,6.367,2.0229,10519301,86656732.0,4430442600.0,4430442600.0
2016-02-18,'603333,明星电缆,8.01,8.24,7.95,8.19,8.17,-0.16,-1.9584,0.7166,3726261,30164576.0,4165240050.0,4165240050.0
2016-02-17,'603333,明星电缆,8.17,8.28,8.0,8.16,8.15,0.02,0.2454,0.6399,3327701,27127706.0,4248440850.0,4248440850.0
2016-02-16,'603333,明星电缆,8.15,8.18,7.81,7.81,7.83,0.32,4.0868,0.6131,3188002,25646596.0,4238040750.0,4238040750.0
2016-02-15,'603333,明星电缆,7.83,7.9,7.52,7.6,7.93,-0.1,-1.261,0.4493,2336177,18093153.0,4071639150.0,4071639150.0
2016-02-05,'603333,明星电缆,7.93,8.07,7.8,7.91,7.9,0.03,0.3797,0.535,2781906,21996078.0,4123639650.0,4123639650.0
2016-02-04,'603333,明星电缆,7.9,8.0,7.78,7.8,7.88,0.02,0.2538,0.5913,3074577,24206070.0,4108039500.0,4108039500.0
2016-02-03,'603333,明星电缆,7.88,7.98,7.31,7.38,7.48,0.4,5.3476,0.7856,4084970,31532764.0,4097639400.0,4097639400.0
2016-02-02,'603333,明星电缆,7.48,7.64,7.13,7.32,7.29,0.19,2.6063,0.6178,3212652,24016652.0,3889637400.0,3889637400.0
2016-02-01,'603333,明星电缆,7.29,7.49,7.22,7.42,7.49,-0.2,-2.6702,0.5253,2731768,20016062.0,3790836450.0,3790836450.0
2016-01-29,'603333,明星电缆,7.49,7.52,7.0,7.0,7.27,0.22,3.0261,0.5328,2770437,20481375.0,3894837450.0,3894837450.0
2016-01-28,'603333,明星电缆,7.27,7.43,7.16,7.32,7.36,-0.09,-1.2228,0.5582,2902824,21181611.0,3780436350.0,3780436350.0
2016-01-27,'603333,明星电缆,7.36,7.49,6.8,7.32,7.32,0.04,0.5464,0.8801,4576766,32534443.0,3827236800.0,3827236800.0
2016-01-26,'603333,明星电缆,7.32,7.83,7.09,7.7,7.87,-0.55,-6.9886,0.903,4695715,35121996.0,3806436600.0,3806436600.0
2016-01-25,'603333,明星电缆,7.87,8.12,7.86,8.06,7.98,-0.11,-1.3784,0.5594,2908665,23238016.0,4092439350.0,4092439350.0
2016-01-22,'603333,明星电缆,7.98,8.08,7.58,7.65,7.56,0.42,5.5556,1.0666,5546323,43579982.0,4149639900.0,4149639900.0
2016-01-21,'603333,明星电缆,7.56,8.03,7.55,7.68,7.76,-0.2,-2.5773,1.0008,5204376,40784849.0,3931237800.0,3931237800.0
2016-01-20,'603333,明星电缆,7.76,7.89,7.68,7.75,7.87,-0.11,-1.3977,1.0698,5563034,43202204.0,4035238800.0,4035238800.0
2016-01-19,'603333,明星电缆,7.87,8.03,7.19,7.3,7.3,0.57,7.8082,1.7663,9184610,70513630.0,4092439350.0,4092439350.0
2016-01-18,'603333,明星电缆,7.3,7.4,6.82,7.0,7.14,0.16,2.2409,0.9324,4848388,34974180.0,3796036500.0,3796036500.0
2016-01-15,'603333,明星电缆,7.14,7.49,7.01,7.3,7.5,-0.36,-4.8,0.938,4877845,35067545.0,3712835700.0,3712835700.0
2016-01-14,'603333,明星电缆,7.5,7.56,6.78,7.01,7.24,0.26,3.5912,1.3916,7236608,51291890.0,3900037500.0,3900037500.0
2016-01-13,'603333,明星电缆,7.24,7.87,7.0,7.75,7.7,-0.46,-5.974,0.7389,3842096,29277842.0,3764836200.0,3764836200.0
2016-01-12,'603333,明星电缆,7.7,8.1,7.56,8.05,7.89,-0.19,-2.4081,1.0797,5614512,43657031.0,4004038500.0,4004038500.0
2016-01-11,'603333,明星电缆,7.89,8.4,7.86,8.32,8.31,-0.42,-5.0542,1.526,7935140,64942033.0,4102839450.0,4102839450.0
2016-01-08,'603333,明星电缆,8.31,8.65,7.8,8.5,8.18,0.13,1.5892,1.3304,6918385,57425891.0,4321241550.0,4321241550.0
2016-01-07,'603333,明星电缆,8.18,8.95,8.18,8.95,9.09,-0.91,-10.011,0.2612,1358100,11449743.0,4253640900.0,4253640900.0
2016-01-06,'603333,明星电缆,9.09,9.1,8.79,8.85,8.77,0.32,3.6488,1.0487,5453473,49012217.0,4726845450.0,4726845450.0
2016-01-05,'603333,明星电缆,8.77,8.98,8.15,8.15,8.67,0.1,1.1534,1.4274,7422781,64207602.0,4560443850.0,4560443850.0
2016-01-04,'603333,明星电缆,8.67,9.59,8.66,9.45,9.62,-0.95,-9.8753,1.2462,6480355,59397552.0,4508443350.0,4508443350.0
2015-12-31,'603333,明星电缆,9.62,10.07,9.59,10.04,10.07,-0.45,-4.4687,1.34,6968092,68298197.0,5002448100.0,5002448100.0
2015-12-30,'603333,明星电缆,10.07,10.27,9.94,10.04,10.14,-0.07,-0.6903,1.4986,7792828,78452403.0,5236450350.0,5236450350.0
2015-12-29,'603333,明星电缆,10.14,10.2,9.62,9.65,9.67,0.47,4.8604,1.8905,9830435,97973893.0,5272850700.0,5272850700.0
2015-12-28,'603333,明星电缆,9.67,10.18,9.66,9.8,9.76,-0.09,-0.9221,2.9639,15412199,153067660.0,5028448350.0,5028448350.0
2015-12-25,'603333,明星电缆,9.76,9.9,9.35,9.37,9.38,0.38,4.0512,2.1287,11069566,106763564.0,5075248800.0,5075248800.0
2015-12-24,'603333,明星电缆,9.38,9.48,9.18,9.48,9.55,-0.17,-1.7801,1.6101,8372551,78133258.0,4877646900.0,4877646900.0
2015-12-23,'603333,明星电缆,9.55,9.96,9.07,9.1,9.16,0.39,4.2576,3.936,20467428,194807270.0,4966047750.0,4966047750.0
2015-12-22,'603333,明星电缆,9.16,9.25,9.03,9.19,9.21,-0.05,-0.5429,1.2743,6626637,60491261.0,4763245800.0,4763245800.0
2015-12-21,'603333,明星电缆,9.21,9.42,9.15,9.2,9.03,0.18,1.9934,2.0575,10699240,99217171.0,4789246050.0,4789246050.0
2015-12-18,'603333,明星电缆,9.03,9.14,8.92,9.05,9.05,-0.02,-0.221,1.5231,7920172,71288091.0,4695645150.0,4695645150.0
2015-12-17,'603333,明星电缆,9.05,9.1,8.78,8.84,8.74,0.31,3.5469,2.2503,11701920,104884931.0,4706045250.0,4706045250.0
2015-12-16,'603333,明星电缆,8.74,8.86,8.7,8.84,8.81,-0.07,-0.7946,1.4829,7711343,67619022.0,4544843700.0,4544843700.0
2015-12-15,'603333,明星电缆,8.81,8.83,8.55,8.72,8.79,0.02,0.2275,2.5382,13199011,114656962.0,4581244050.0,4581244050.0
2015-12-14,'603333,明星电缆,8.79,8.8,8.36,8.49,8.5,0.29,3.4118,1.0334,5373701,46506517.0,4570843950.0,4570843950.0
2015-12-11,'603333,明星电缆,8.5,8.71,8.3,8.52,8.46,0.04,0.4728,1.0403,5409467,45867903.0,4420042500.0,4420042500.0
2015-12-10,'603333,明星电缆,8.46,8.64,8.41,8.41,8.5,-0.04,-0.4706,0.9388,4881910,41785047.0,4399242300.0,4399242300.0
2015-12-09,'603333,明星电缆,8.5,8.75,8.48,8.69,8.68,-0.18,-2.0737,1.1635,6050307,51940794.0,4420042500.0,4420042500.0
2015-12-08,'603333,明星电缆,8.68,8.99,8.62,8.99,9.05,-0.37,-4.0884,1.5003,7801738,68588719.0,4513643400.0,4513643400.0
2015-12-07,'603333,明星电缆,9.05,9.14,8.85,9.02,9.02,0.03,0.3326,1.1994,6236900,56136560.0,4706045250.0,4706045250.0
2015-12-04,'603333,明星电缆,9.02,9.28,8.97,9.07,9.13,-0.11,-1.2048,1.5643,8134650,74089223.0,4690445100.0,4690445100.0
2015-12-03,'603333,明星电缆,9.13,9.17,8.94,8.99,8.96,0.17,1.8973,1.2583,6543362,59297171.0,4747645650.0,4747645650.0
2015-12-02,'603333,明星电缆,8.96,9.11,8.58,9.11,9.15,-0.19,-2.0765,1.3812,7182398,63916538.0,4659244800.0,4659244800.0
2015-12-01,'603333,明星电缆,9.15,9.35,8.66,8.79,8.79,0.36,4.0956,2.3237,12083378,109821824.0,4758045750.0,4758045750.0
2015-11-30,'603333,明星电缆,8.79,9.04,8.3,8.88,8.91,-0.12,-1.3468,2.4554,12768317,110983415.0,4570843950.0,4570843950.0
2015-11-27,'603333,明星电缆,8.91,9.8,8.83,9.8,9.81,-0.9,-9.1743,3.1067,16154757,150601202.0,4633244550.0,4633244550.0
2015-11-26,'603333,明星电缆,9.81,10.17,9.8,10.03,10.03,-0.22,-2.1934,2.6563,13812804,137347435.0,5101249050.0,5101249050.0
2015-11-25,'603333,明星电缆,10.03,10.15,9.84,10.06,10.06,-0.03,-0.2982,3.0048,15625288,155848586.0,5215650150.0,5215650150.0
2015-11-24,'603333,明星电缆,10.06,10.19,9.59,9.85,10.0,0.06,0.6,2.953,15355490,151319438.0,5231250300.0,5231250300.0
2015-11-23,'603333,明星电缆,10.0,10.4,9.94,10.2,10.07,-0.07,-0.6951,7.6684,39875918,405709659.0,5200050000.0,5200050000.0
2015-11-20,'603333,明星电缆,10.07,10.07,9.06,9.13,9.15,0.92,10.0546,6.3588,33066196,317439347.0,5236450350.0,5236450350.0
2015-11-19,'603333,明星电缆,9.15,9.17,8.84,8.88,8.88,0.27,3.0405,1.8923,9840214,88432580.0,4758045750.0,4758045750.0
2015-11-18,'603333,明星电缆,8.88,9.17,8.8,9.17,9.2,-0.32,-3.4783,3.0919,16077795,144636474.0,4617644400.0,4617644400.0
2015-11-17,'603333,明星电缆,9.2,9.46,9.17,9.45,9.48,-0.28,-2.9536,6.2002,32241526,299591963.0,4784046000.0,4784046000.0
2015-11-16,'603333,明星电缆,9.48,9.73,9.0,9.05,9.41,0.07,0.7439,7.9207,41187975,386275420.0,4929647400.0,4929647400.0
2015-11-13,'603333,明星电缆,9.41,9.42,8.41,8.43,8.56,0.85,9.9299,9.1658,47662593,435967691.0,4893247050.0,4893247050.0
2015-11-12,'603333,明星电缆,8.56,8.71,8.2,8.43,8.48,0.08,0.9434,3.3266,17298488,146125655.0,4451242800.0,4451242800.0
2015-11-11,'603333,明星电缆,8.48,8.51,8.29,8.31,8.31,0.17,2.0457,2.3775,12362904,104013880.0,4409642400.0,4409642400.0
2015-11-10,'603333,明星电缆,8.31,8.4,8.13,8.17,8.25,0.06,0.7273,2.3668,12307430,101903046.0,4321241550.0,4321241550.0
2015-11-09,'603333,明星电缆,8.25,8.33,8.01,8.1,8.2,0.05,0.6098,2.6063,13553044,111027122.0,4290041250.0,4290041250.0
2015-11-06,'603333,明星电缆,8.2,8.22,8.02,8.03,8.02,0.18,2.2444,2.4875,12935356,105443653.0,4264041000.0,4264041000.0
2015-11-05,'603333,明星电缆,8.02,8.09,7.9,7.96,7.95,0.07,0.8805,2.1418,11137490,89010947.0,4170440100.0,4170440100.0
2015-11-04,'603333,明星电缆,7.95,7.98,7.66,7.66,7.62,0.33,4.3307,1.5814,8223500,64675771.0,4134039750.0,4134039750.0
2015-11-03,'603333,明星电缆,7.62,7.87,7.53,7.68,7.76,-0.14,-1.8041,1.1037,5739500,44123183.0,3962438100.0,3962438100.0
2015-11-02,'603333,明星电缆,7.76,8.09,7.74,7.97,8.12,-0.36,-4.4335,1.4065,7313670,57763080.0,4035238800.0,4035238800.0
2015-10-30,'603333,明星电缆,8.12,8.37,7.88,8.16,8.23,-0.11,-1.3366,2.1656,11261415,91233004.0,4222440600.0,4222440600.0
2015-10-29,'603333,明星电缆,8.23,8.42,8.11,8.17,8.2,0.03,0.3659,3.2428,16862966,139029847.0,4279641150.0,4279641150.0
2015-10-28,'603333,明星电缆,8.2,8.5,7.83,8.1,8.11,0.09,1.1097,3.5146,18276119,149025334.0,4264041000.0,4264041000.0
2015-10-27,'603333,明星电缆,8.11,8.26,7.81,8.18,8.33,-0.22,-2.6411,2.3414,12175364,98088007.0,4217240550.0,4217240550.0
2015-10-26,'603333,明星电缆,8.33,8.38,8.05,8.19,8.12,0.21,2.5862,2.5373,13194257,107881058.0,4331641650.0,4331641650.0
2015-10-23,'603333,明星电缆,8.12,8.25,7.9,8.04,8.02,0.1,1.2469,1.6989,8834594,71632367.0,4222440600.0,4222440600.0
2015-10-22,'603333,明星电缆,8.02,8.1,7.58,7.8,7.82,0.2,2.5575,1.8304,9518375,75347003.0,4170440100.0,4170440100.0
2015-10-21,'603333,明星电缆,7.82,8.67,7.7,8.25,8.27,-0.45,-5.4414,3.8115,19819907,162591283.0,4066439100.0,4066439100.0
2015-10-20,'603333,明星电缆,8.27,8.28,7.98,8.04,8.1,0.17,2.0988,2.1634,11249807,91518485.0,4300441350.0,4300441350.0
2015-10-19,'603333,明星电缆,8.1,8.39,8.02,8.22,8.25,-0.15,-1.8182,2.7753,14431934,118254160.0,4212040500.0,4212040500.0
2015-10-16,'603333,明星电缆,8.25,8.4,8.08,8.39,8.22,0.03,0.365,3.1416,16336342,134613968.0,4290041250.0,4290041250.0
2015-10-15,'603333,明星电缆,8.22,8.25,7.5,7.6,7.7,0.52,6.7532,3.3769,17560179,139291250.0,4274441100.0,4274441100.0
2015-10-14,'603333,明星电缆,7.7,8.08,7.67,8.07,7.94,-0.24,-3.0227,4.2673,22190074,174998924.0,4004038500.0,4004038500.0
2015-10-13,'603333,明星电缆,7.94,7.94,7.14,7.23,7.22,0.72,9.9723,3.5221,18314908,138560654.0,4128839700.0,4128839700.0
2015-10-12,'603333,明星电缆,7.22,7.3,6.94,7.0,6.94,0.28,4.0346,2.0422,10619321,76030415.0,3754436100.0,3754436100.0
2015-10-09,'603333,明星电缆,6.94,7.0,6.79,6.87,6.87,0.07,1.0189,1.3773,7161781,49418166.0,3608834700.0,3608834700.0
2015-10-08,'603333,明星电缆,6.87,6.89,6.68,6.74,6.53,0.34,5.2067,1.2527,6514265,44440057.0,3572434350.0,3572434350.0
2015-09-30,'603333,明星电缆,6.53,6.59,6.42,6.49,6.45,0.08,1.2403,0.5529,2874941,18794946.0,3395632650.0,3395632650.0
2015-09-29,'603333,明星电缆,6.45,6.67,6.42,6.6,6.72,-0.27,-4.0179,0.8289,4310439,28135287.0,3354032250.0,3354032250.0
2015-09-28,'603333,明星电缆,6.72,6.76,6.54,6.54,6.54,0.18,2.7523,0.8992,4675649,31178369.0,3494433600.0,3494433600.0
2015-09-25,'603333,明星电缆,6.54,6.94,6.52,6.9,6.98,-0.44,-6.3037,1.7448,9073001,61125616.0,3400832700.0,3400832700.0
2015-09-24,'603333,明星电缆,6.98,7.05,6.76,6.8,6.89,0.09,1.3062,2.2004,11442265,78900939.0,3629634900.0,3629634900.0
2015-09-23,'603333,明星电缆,6.89,7.15,6.85,6.86,6.79,0.1,1.4728,2.8632,14888546,103921354.0,3582834450.0,3582834450.0
2015-09-22,'603333,明星电缆,6.79,7.07,6.71,6.82,6.95,-0.16,-2.3022,2.6483,13771382,94174779.0,3530833950.0,3530833950.0
2015-09-21,'603333,明星电缆,6.95,7.03,6.48,6.55,6.9,0.05,0.7246,3.5358,18386085,124210935.0,3614034750.0,3614034750.0
2015-09-18,'603333,明星电缆,6.9,7.1,6.66,6.66,6.53,0.37,5.6662,4.8994,25477154,173716608.0,3588034500.0,3588034500.0
2015-09-17,'603333,明星电缆,6.53,6.6,6.41,6.6,6.0,0.53,8.8333,1.6486,8572770,56524792.0,3395632650.0,3395632650.0
2015-09-16,'603333,明星电缆,6.0,6.0,5.46,5.46,5.45,0.55,10.0917,1.5493,8056477,47814792.0,3120030000.0,3120030000.0
2015-09-15,'603333,明星电缆,5.45,5.9,5.4,5.9,6.0,-0.55,-9.1667,1.1754,6112150,34580632.0,2834027250.0,2834027250.0
2015-09-14,'603333,明星电缆,6.0,6.8,6.0,6.65,6.67,-0.67,-10.045,1.2937,6727502,42277098.0,3120030000.0,3120030000.0
2015-09-11,'603333,明星电缆,6.67,6.8,6.53,6.66,6.7,-0.03,-0.4478,1.0772,5601564,37279681.0,3468433350.0,3468433350.0
2015-09-10,'603333,明星电缆,6.7,7.14,6.55,6.61,6.78,-0.08,-1.1799,1.8984,9871732,67313123.0,3484033500.0,3484033500.0
2015-09-09,'603333,明星电缆,6.78,6.79,6.36,6.43,6.38,0.4,6.2696,1.9406,10091477,66527178.0,3525633900.0,3525633900.0
2015-09-08,'603333,明星电缆,6.38,6.39,6.01,6.14,6.12,0.26,4.2484,0.9948,5173202,32158134.0,3317631900.0,3317631900.0
2015-09-07,'603333,明星电缆,6.12,6.46,6.06,6.16,6.01,0.11,1.8303,1.0915,5676095,35403479.0,3182430600.0,3182430600.0
2015-09-02,'603333,明星电缆,6.01,6.65,5.86,5.86,6.51,-0.5,-7.6805,1.6765,8717913,54014208.0,3125230050.0,3125230050.0
2015-09-01,'603333,明星电缆,0.0,0.0,0.0,0.0,6.51,None,None,0.0,0,0.0,3385232550.0,3385232550.0
2015-08-31,'603333,明星电缆,0.0,0.0,0.0,0.0,6.51,None,None,0.0,0,0.0,3385232550.0,3385232550.0
2015-08-28,'603333,明星电缆,0.0,0.0,0.0,0.0,6.51,None,None,0.0,0,0.0,3385232550.0,3385232550.0
2015-08-27,'603333,明星电缆,0.0,0.0,0.0,0.0,6.51,None,None,0.0,0,0.0,3385232550.0,3385232550.0
2015-08-26,'603333,明星电缆,0.0,0.0,0.0,0.0,6.51,None,None,0.0,0,0.0,3385232550.0,3385232550.0
2015-08-25,'603333,明星电缆,6.51,6.77,6.51,6.53,7.23,-0.72,-9.9585,1.1974,6226719,40822408.0,3385232550.0,3385232550.0
2015-08-24,'603333,明星电缆,7.23,7.65,7.23,7.65,8.03,-0.8,-9.9626,1.4779,7685002,56186225.0,3759636150.0,3759636150.0
2015-08-21,'603333,明星电缆,8.03,8.58,8.0,8.23,8.46,-0.43,-5.0827,1.9968,10383390,85950871.0,4175640150.0,4175640150.0
2015-08-20,'603333,明星电缆,8.46,8.99,8.45,8.77,8.79,-0.33,-3.7543,2.1407,11131633,96402436.0,4399242300.0,4399242300.0
2015-08-19,'603333,明星电缆,8.79,8.92,8.0,8.12,8.52,0.27,3.169,2.6335,13694267,116079440.0,4570843950.0,4570843950.0
2015-08-18,'603333,明星电缆,8.52,9.45,8.52,9.45,9.47,-0.95,-10.0317,3.1069,16156148,144883930.0,4430442600.0,4430442600.0
2015-08-17,'603333,明星电缆,9.47,9.48,8.98,9.05,9.04,0.43,4.7566,3.5028,18214723,168093307.0,4924447350.0,4924447350.0
2015-08-14,'603333,明星电缆,9.04,9.22,8.93,9.03,9.0,0.04,0.4444,3.0487,15853172,143650007.0,4700845200.0,4700845200.0
2015-08-13,'603333,明星电缆,9.0,9.0,8.68,8.72,8.69,0.31,3.5673,2.2544,11722849,103908940.0,4680045000.0,4680045000.0
2015-08-12,'603333,明星电缆,8.69,8.97,8.68,8.8,9.03,-0.34,-3.7652,2.675,13910320,122464604.0,4518843450.0,4518843450.0
2015-08-11,'603333,明星电缆,9.03,9.45,8.84,8.9,8.87,0.16,1.8038,5.7085,29684242,270065239.0,4695645150.0,4695645150.0
2015-08-10,'603333,明星电缆,8.87,8.87,8.02,8.02,8.06,0.81,10.0496,3.8253,19891844,169710641.0,4612444350.0,4612444350.0
2015-08-07,'603333,明星电缆,8.06,8.11,7.7,7.75,7.69,0.37,4.8114,2.2388,11641749,92491106.0,4191240300.0,4191240300.0
2015-08-06,'603333,明星电缆,7.69,7.83,7.3,7.51,7.68,0.01,0.1302,1.2618,6561351,50111010.0,3998838450.0,3998838450.0
2015-08-05,'603333,明星电缆,7.68,7.93,7.58,7.75,7.79,-0.11,-1.4121,1.6868,8771677,67908502.0,3993638400.0,3993638400.0
2015-08-04,'603333,明星电缆,7.79,7.8,7.22,7.22,7.2,0.59,8.1944,1.6327,8490190,63767723.0,4050838950.0,4050838950.0
2015-08-03,'603333,明星电缆,7.2,7.61,7.05,7.53,7.68,-0.48,-6.25,1.358,7061843,51899767.0,3744036000.0,3744036000.0
2015-07-31,'603333,明星电缆,7.68,7.9,7.6,7.65,7.9,-0.22,-2.7848,1.5732,8180953,63113818.0,3993638400.0,3993638400.0
2015-07-30,'603333,明星电缆,7.9,8.26,7.81,8.05,8.04,-0.14,-1.7413,2.0793,10812572,87431539.0,4108039500.0,4108039500.0
2015-07-29,'603333,明星电缆,8.04,8.05,7.33,7.63,7.41,0.63,8.502,1.9325,10049152,76631643.0,4180840200.0,4180840200.0
2015-07-28,'603333,明星电缆,7.41,8.0,7.1,7.22,7.89,-0.48,-6.0837,3.1386,16320939,121331366.0,3853237050.0,3853237050.0
2015-07-27,'603333,明星电缆,7.89,8.78,7.89,8.6,8.77,-0.88,-10.0342,2.9791,15491621,129939176.0,4102839450.0,4102839450.0
2015-07-24,'603333,明星电缆,8.77,9.37,8.62,8.94,8.94,-0.17,-1.9016,4.0672,21149749,190912073.0,4560443850.0,4560443850.0
2015-07-23,'603333,明星电缆,8.94,9.0,8.45,8.53,8.53,0.41,4.8066,3.8887,20221490,178616651.0,4648844700.0,4648844700.0
2015-07-22,'603333,明星电缆,8.53,8.66,8.17,8.42,8.46,0.07,0.8274,3.3082,17202839,145619445.0,4435642650.0,4435642650.0
2015-07-21,'603333,明星电缆,8.46,8.5,8.0,8.18,8.32,0.14,1.6827,3.2003,16641504,138570472.0,4399242300.0,4399242300.0
2015-07-20,'603333,明星电缆,8.32,8.58,7.94,8.2,8.11,0.21,2.5894,3.9784,20687917,171761222.0,4326441600.0,4326441600.0
2015-07-17,'603333,明星电缆,8.11,8.2,7.45,7.49,7.49,0.62,8.2777,3.3486,17412725,137225924.0,4217240550.0,4217240550.0
2015-07-16,'603333,明星电缆,7.49,7.77,6.7,6.7,7.24,0.25,3.453,3.068,15953787,117332584.0,3894837450.0,3894837450.0
2015-07-15,'603333,明星电缆,7.24,8.41,7.16,8.41,7.65,-0.41,-5.3595,6.3113,32819298,258603843.0,3764836200.0,3764836200.0
2015-07-14,'603333,明星电缆,7.65,7.65,7.65,7.65,6.95,0.7,10.0719,0.0686,356589,2727906.0,3978038250.0,3978038250.0
2015-07-13,'603333,明星电缆,6.95,6.95,6.95,6.95,6.32,0.63,9.9684,0.1142,593828,4127105.0,3614034750.0,3614034750.0
2015-07-10,'603333,明星电缆,0.0,0.0,0.0,0.0,6.32,None,None,0.0,0,0.0,3286431600.0,3286431600.0
2015-07-09,'603333,明星电缆,0.0,0.0,0.0,0.0,6.32,None,None,0.0,0,0.0,3286431600.0,3286431600.0
2015-07-08,'603333,明星电缆,0.0,0.0,0.0,0.0,6.32,None,None,0.0,0,0.0,3286431600.0,3286431600.0
2015-07-07,'603333,明星电缆,6.32,6.95,6.32,6.62,7.02,-0.7,-9.9715,1.5501,8060407,52000718.0,3286431600.0,3286431600.0
2015-07-06,'603333,明星电缆,7.02,7.82,6.6,7.82,7.11,-0.09,-1.2658,3.5719,18573965,134426361.0,3650435100.0,3650435100.0
2015-07-03,'603333,明星电缆,7.11,8.08,7.11,7.6,7.9,-0.79,-10.0,3.3005,17162980,126638973.0,3697235550.0,3697235550.0
2015-07-02,'603333,明星电缆,7.9,8.99,7.83,8.7,8.69,-0.79,-9.0909,3.2155,16720867,141420349.0,4108039500.0,4108039500.0
2015-07-01,'603333,明星电缆,8.69,9.99,8.69,9.3,9.65,-0.96,-9.9482,3.5581,18502144,174322375.0,4518843450.0,4518843450.0
2015-06-30,'603333,明星电缆,9.65,9.68,8.21,8.91,9.12,0.53,5.8114,4.1289,21470529,190748754.0,5018048250.0,5018048250.0
2015-06-29,'603333,明星电缆,9.12,10.46,9.12,10.32,10.13,-1.01,-9.9704,3.3482,17410979,164965688.0,4742445600.0,4742445600.0
2015-06-26,'603333,明星电缆,10.13,10.98,10.13,10.98,11.26,-1.13,-10.0355,2.4454,12716357,131481742.0,5267650650.0,5267650650.0
2015-06-25,'603333,明星电缆,11.26,12.17,11.0,12.08,12.18,-0.92,-7.5534,2.6474,13766838,161945412.0,5855256300.0,5855256300.0
2015-06-24,'603333,明星电缆,12.18,12.32,11.8,11.8,11.74,0.44,3.7479,2.6112,13578483,164092742.0,6333660900.0,6333660900.0
2015-06-23,'603333,明星电缆,11.74,12.18,10.99,11.7,12.21,-0.47,-3.8493,3.0453,15835530,181242950.0,6104858700.0,6104858700.0
2015-06-19,'603333,明星电缆,12.21,13.3,12.21,12.88,13.57,-1.36,-10.0221,2.6493,13776672,172190084.0,6349261050.0,6349261050.0
2015-06-18,'603333,明星电缆,13.57,14.4,13.51,14.4,14.59,-1.02,-6.9911,2.8232,14680951,205811061.0,7056467850.0,7056467850.0
2015-06-17,'603333,明星电缆,14.59,15.0,13.67,14.89,15.19,-0.6,-3.95,4.3723,22736185,324461846.0,7586872950.0,7586872950.0
2015-06-16,'603333,明星电缆,15.19,15.76,14.81,15.04,14.98,0.21,1.4019,5.1215,26632269,408454746.0,7898875950.0,7898875950.0
2015-06-15,'603333,明星电缆,14.98,15.4,14.71,14.78,14.8,0.18,1.2162,4.3981,22870110,345807686.0,7789674900.0,7789674900.0
2015-06-12,'603333,明星电缆,14.8,14.99,14.62,14.9,14.93,-0.13,-0.8707,2.957,15376521,227284178.0,7696074000.0,7696074000.0
2015-06-11,'603333,明星电缆,14.93,15.3,14.8,14.95,14.97,-0.04,-0.2672,2.7312,14202328,212994304.0,7763674650.0,7763674650.0
2015-06-10,'603333,明星电缆,14.97,15.4,14.68,15.15,15.52,-0.55,-3.5438,3.0179,15693001,236406641.0,7784474850.0,7784474850.0
2015-06-09,'603333,明星电缆,15.52,15.8,14.0,14.35,14.39,1.13,7.8527,4.0775,21203226,314417687.0,8070477600.0,8070477600.0
2015-06-08,'603333,明星电缆,14.39,14.98,14.3,14.98,14.97,-0.58,-3.8744,2.9628,15406884,223549703.0,7482871950.0,7482871950.0
2015-06-05,'603333,明星电缆,14.97,15.7,14.66,15.42,15.25,-0.28,-1.8361,3.6726,19097639,288362974.0,7784474850.0,7784474850.0
2015-06-04,'603333,明星电缆,15.25,15.35,13.69,14.47,14.5,0.75,5.1724,4.2832,22273039,326336848.0,7930076250.0,7930076250.0
2015-06-03,'603333,明星电缆,14.5,15.23,14.24,15.23,15.23,-0.73,-4.7932,4.3733,22741145,332726326.0,7540072500.0,7540072500.0
2015-06-02,'603333,明星电缆,15.23,15.49,14.63,15.02,15.32,-0.09,-0.5875,5.2451,27274561,411183440.0,7919676150.0,7919676150.0
2015-06-01,'603333,明星电缆,15.32,16.0,15.01,16.0,14.94,0.38,2.5435,6.9796,36294144,565362714.0,7966476600.0,7966476600.0
2015-05-29,'603333,明星电缆,14.94,14.94,12.77,13.4,13.58,1.36,10.0147,7.542,39218739,554106893.0,7768874700.0,7768874700.0
2015-05-28,'603333,明星电缆,13.58,15.17,13.2,14.0,13.79,-0.21,-1.5228,8.0018,41609747,611164282.0,7061667900.0,7061667900.0
2015-05-27,'603333,明星电缆,13.79,13.79,12.6,13.0,12.54,1.25,9.9681,6.2563,32532948,431142265.0,7170868950.0,7170868950.0
2015-05-26,'603333,明星电缆,12.54,12.54,11.25,11.41,11.4,1.14,10.0,4.7312,24602262,300756649.0,6520862700.0,6520862700.0
2015-05-25,'603333,明星电缆,11.4,11.57,10.71,10.9,10.98,0.42,3.8251,4.3021,22371352,251684844.0,5928057000.0,5928057000.0
2015-05-22,'603333,明星电缆,10.98,11.3,10.78,11.21,10.97,0.01,0.0912,3.7878,19696923,216173175.0,5709654900.0,5709654900.0
2015-05-21,'603333,明星电缆,10.97,11.0,10.53,10.72,10.72,0.25,2.3321,3.3609,17476808,187561678.0,5704454850.0,5704454850.0
2015-05-20,'603333,明星电缆,10.72,11.28,10.7,10.91,10.9,-0.18,-1.6514,3.3699,17523700,192791604.0,5574453600.0,5574453600.0
2015-05-19,'603333,明星电缆,10.9,11.1,10.5,10.7,10.78,0.12,1.1132,3.2641,16973369,183841468.0,5668054500.0,5668054500.0
2015-05-18,'603333,明星电缆,10.78,11.45,10.29,10.48,10.49,0.29,2.7645,4.3076,22399808,244583423.0,5605653900.0,5605653900.0
