2016-05-13,'603703,盛洋科技,55.58,56.4,54.75,55.55,55.55,0.03,0.054,3.206,1230072,68673019.0,5106690400.0,2132465650.0
2016-05-12,'603703,盛洋科技,55.55,56.2,53.01,55.81,56.34,-0.79,-1.4022,4.0487,1553366,85360209.0,5103934000.0,2131314625.0
2016-05-11,'603703,盛洋科技,56.34,58.0,55.49,57.77,57.37,-1.03,-1.7954,4.3992,1687866,95722177.0,5176519200.0,2161624950.0
2016-05-10,'603703,盛洋科技,57.37,57.89,55.03,56.9,58.11,-0.74,-1.2734,5.2047,1996930,113124047.0,5271155600.0,2201143475.0
2016-05-09,'603703,盛洋科技,58.11,58.89,55.9,58.5,57.68,0.43,0.7455,7.3487,2819519,163233828.0,5339146800.0,2229535425.0
2016-05-06,'603703,盛洋科技,57.68,61.38,57.2,59.18,59.23,-1.55,-2.6169,13.0239,4996939,297291282.0,5299638400.0,2213037400.0
2016-05-05,'603703,盛洋科技,59.23,59.5,57.04,58.39,57.07,2.16,3.7848,11.4499,4393057,256761120.0,5442052400.0,2272507025.0
2016-05-04,'603703,盛洋科技,57.07,60.5,55.13,55.13,55.13,1.94,3.519,10.8485,4162303,240861567.0,5243591600.0,2189633225.0
2016-05-03,'603703,盛洋科技,55.13,55.13,50.11,50.8,50.12,5.01,9.996,8.0617,3093085,165256511.0,5065344400.0,2115200275.0
2016-04-29,'603703,盛洋科技,50.12,51.5,50.05,50.5,50.79,-0.67,-1.3192,3.2665,1253285,63504898.0,4605025600.0,1922979100.0
2016-04-28,'603703,盛洋科技,50.79,51.87,49.49,51.49,51.98,-1.19,-2.2893,6.2964,2415761,121058797.0,4666585200.0,1948685325.0
2016-04-27,'603703,盛洋科技,51.98,54.76,51.61,54.75,54.76,-2.78,-5.0767,6.8736,2637245,139561340.0,4775922400.0,1994342650.0
2016-04-26,'603703,盛洋科技,54.76,55.3,52.8,53.05,53.87,0.89,1.6521,4.4814,1719416,93522827.0,5031348800.0,2101004300.0
2016-04-25,'603703,盛洋科技,53.87,54.65,50.5,51.78,52.53,1.34,2.5509,3.5543,1363685,70404008.0,4949575600.0,2066857225.0
2016-04-22,'603703,盛洋科技,52.53,52.9,51.51,52.0,53.16,-0.63,-1.1851,6.0038,1380867,71904952.0,4826456400.0,1208190000.0
2016-04-21,'603703,盛洋科技,53.16,55.5,53.11,55.0,55.03,-1.87,-3.3981,4.2477,976966,53321774.0,4884340800.0,1222680000.0
2016-04-20,'603703,盛洋科技,55.03,59.88,54.5,59.45,59.45,-4.42,-7.4348,9.4465,2172695,123151783.0,5056156400.0,1265690000.0
2016-04-19,'603703,盛洋科技,59.45,61.48,58.5,59.8,59.37,0.08,0.1347,8.9328,2054540,123716007.0,5462266000.0,1367350000.0
2016-04-18,'603703,盛洋科技,59.37,59.85,57.7,59.8,59.86,-0.49,-0.8186,5.0935,1171512,68756507.0,5454915600.0,1365510000.0
2016-04-15,'603703,盛洋科技,59.86,60.43,59.0,59.82,60.51,-0.65,-1.0742,6.47,1488103,88501607.0,5499936800.0,1376780000.0
2016-04-14,'603703,盛洋科技,60.51,60.59,57.0,57.67,57.29,3.22,5.6205,9.3902,2159735,127442649.0,5559658800.0,1391730000.0
2016-04-13,'603703,盛洋科技,57.29,57.98,56.39,56.39,56.34,0.95,1.6862,5.6833,1307165,75249416.0,5263805200.0,1317670000.0
2016-04-12,'603703,盛洋科技,56.34,59.2,55.5,58.05,58.74,-2.4,-4.0858,7.1865,1652893,93998143.0,5176519200.0,1295820000.0
2016-04-11,'603703,盛洋科技,58.74,59.85,58.56,58.79,58.19,0.55,0.9452,5.5241,1270553,75054760.0,5397031200.0,1351020000.0
2016-04-08,'603703,盛洋科技,58.19,60.0,56.65,60.0,61.4,-3.21,-5.228,9.277,2133721,124238718.0,5346497200.0,1338370000.0
2016-04-07,'603703,盛洋科技,61.4,65.0,61.33,61.7,60.99,0.41,0.6722,15.0557,3462822,217729643.0,5641432000.0,1412200000.0
2016-04-06,'603703,盛洋科技,60.99,61.8,60.0,61.0,60.87,0.12,0.1971,8.7255,2006860,122074964.0,5603761200.0,1402770000.0
2016-04-05,'603703,盛洋科技,60.87,61.7,58.0,58.3,58.72,2.15,3.6614,7.7149,1774436,107467644.0,5592735600.0,1400010000.0
2016-04-01,'603703,盛洋科技,58.72,59.79,57.7,58.55,60.72,-2.0,-3.2938,7.7348,1779000,103879599.0,5395193600.0,1350560000.0
2016-03-31,'603703,盛洋科技,60.72,62.75,56.0,62.75,62.22,-1.5,-2.4108,13.0563,3002941,184884396.0,5578953600.0,1396560000.0
2016-03-30,'603703,盛洋科技,62.22,62.52,58.99,59.0,59.6,2.62,4.396,13.7061,3152394,190987489.0,5716773600.0,1431060000.0
2016-03-29,'603703,盛洋科技,59.6,59.76,55.7,59.44,58.6,1.0,1.7065,9.4658,2177140,124420393.0,5476048000.0,1370800000.0
2016-03-28,'603703,盛洋科技,58.6,62.18,58.3,61.7,61.53,-2.93,-4.7619,10.7411,2470457,148006866.0,5384168000.0,1347800000.0
2016-03-25,'603703,盛洋科技,61.53,64.83,59.3,61.51,60.05,1.48,2.4646,17.6975,4070415,252699885.0,5653376400.0,1415190000.0
2016-03-24,'603703,盛洋科技,60.05,60.05,53.51,53.93,54.59,5.46,10.0018,10.7124,2463851,144284957.0,5517394000.0,1381150000.0
2016-03-23,'603703,盛洋科技,54.59,55.0,52.51,53.36,53.9,0.69,1.2801,7.7882,1791288,96600530.0,5015729200.0,1255570000.0
2016-03-22,'603703,盛洋科技,53.9,54.97,51.01,51.5,52.38,1.52,2.9019,11.0336,2537726,135728653.0,4952332000.0,1239700000.0
2016-03-21,'603703,盛洋科技,52.38,52.48,49.02,50.43,49.02,3.36,6.8543,10.5838,2434283,122818477.0,4812674400.0,1204740000.0
2016-03-18,'603703,盛洋科技,49.02,50.02,45.58,45.84,45.84,3.18,6.9372,10.12,2327597,112454047.0,4503957600.0,1127460000.0
2016-03-17,'603703,盛洋科技,45.84,45.9,43.21,43.64,43.25,2.59,5.9884,5.6146,1291367,58113534.0,4211779200.0,1054320000.0
2016-03-16,'603703,盛洋科技,43.25,44.9,43.01,44.8,44.28,-1.03,-2.3261,2.8055,645269,28217380.0,3973810000.0,994750000.0
2016-03-15,'603703,盛洋科技,44.28,45.2,44.17,44.4,45.37,-1.09,-2.4025,3.1899,733688,32669549.0,4068446400.0,1018440000.0
2016-03-14,'603703,盛洋科技,45.37,46.4,43.8,43.8,43.18,2.19,5.0718,5.8947,1355773,61482643.0,4168595600.0,1043510000.0
2016-03-11,'603703,盛洋科技,43.18,43.5,41.22,41.9,42.76,0.42,0.9822,3.0425,699785,29742180.0,3967378400.0,993140000.0
2016-03-10,'603703,盛洋科技,42.76,44.18,42.46,44.0,43.33,-0.57,-1.3155,2.4038,552866,23884438.0,3928788800.0,983480000.0
2016-03-09,'603703,盛洋科技,43.33,44.5,42.58,43.69,44.76,-1.43,-3.1948,2.5948,596812,25929005.0,3981160400.0,996590000.0
2016-03-08,'603703,盛洋科技,44.76,44.88,40.68,43.56,43.71,1.05,2.4022,4.2754,983332,42006576.0,4112548800.0,1029480000.0
2016-03-07,'603703,盛洋科技,43.71,44.7,42.96,42.96,42.51,1.2,2.8229,3.7037,851851,37423479.0,4016074800.0,1005330000.0
2016-03-04,'603703,盛洋科技,42.51,46.27,41.45,45.99,45.98,-3.47,-7.5468,5.0867,1169935,51108477.0,3905818800.0,977730000.0
2016-03-03,'603703,盛洋科技,45.98,47.7,45.81,46.55,46.23,-0.25,-0.5408,4.9622,1141300,53403888.0,4224642400.0,1057540000.0
2016-03-02,'603703,盛洋科技,46.23,46.28,43.15,43.69,44.06,2.17,4.9251,5.4614,1256130,56443685.0,4247612400.0,1063290000.0
2016-03-01,'603703,盛洋科技,44.06,44.94,40.67,43.39,43.26,0.8,1.8493,4.8386,1112871,47830466.0,4048232800.0,1013380000.0
2016-02-29,'603703,盛洋科技,43.26,48.1,43.26,47.09,48.07,-4.81,-10.0062,4.6993,1080836,47541880.0,3974728800.0,994980000.0
2016-02-26,'603703,盛洋科技,48.07,49.88,46.81,49.0,48.31,-0.24,-0.4968,3.5837,824248,39754966.0,4416671600.0,1105610000.0
2016-02-25,'603703,盛洋科技,48.31,53.49,48.31,52.95,53.68,-5.37,-10.0037,6.6308,1525080,76374547.0,4438722800.0,1111130000.0
2016-02-24,'603703,盛洋科技,53.68,55.16,52.0,54.79,54.86,-1.18,-2.1509,6.1579,1416318,75362338.0,4932118400.0,1234640000.0
2016-02-23,'603703,盛洋科技,54.86,56.88,53.92,56.88,56.54,-1.68,-2.9713,5.9355,1365164,75325283.0,5040536800.0,1261780000.0
2016-02-22,'603703,盛洋科技,56.54,57.0,56.03,56.03,55.73,0.81,1.4534,5.266,1211169,68362698.0,5194895200.0,1300420000.0
2016-02-19,'603703,盛洋科技,55.73,56.3,54.58,55.9,56.71,-0.98,-1.7281,5.9181,1361153,75500921.0,5120472400.0,1281790000.0
2016-02-18,'603703,盛洋科技,56.71,57.75,55.49,56.48,54.83,1.88,3.4288,9.8865,2273888,128846183.0,5210514800.0,1304330000.0
2016-02-17,'603703,盛洋科技,54.83,54.97,52.35,53.25,53.09,1.74,3.2775,7.7471,1781832,96112824.0,5037780400.0,1261090000.0
2016-02-16,'603703,盛洋科技,53.09,53.47,50.29,50.29,50.25,2.84,5.6517,6.3178,1453087,76313429.0,4877909200.0,1221070000.0
2016-02-15,'603703,盛洋科技,50.25,50.73,48.0,48.0,51.03,-0.78,-1.5285,3.5311,812164,40123535.0,4616970000.0,1155750000.0
2016-02-05,'603703,盛洋科技,51.03,52.3,50.8,51.61,50.97,0.06,0.1177,4.4784,1030041,53061352.0,4688636400.0,1173690000.0
2016-02-04,'603703,盛洋科技,50.97,52.15,49.7,50.5,49.7,1.27,2.5553,5.0097,1152225,58878096.0,4683123600.0,1172310000.0
2016-02-03,'603703,盛洋科技,49.7,49.89,48.02,49.35,50.05,-0.35,-0.6993,4.1931,964412,47300336.0,4566436000.0,1143100000.0
2016-02-02,'603703,盛洋科技,50.05,50.9,47.26,47.26,47.21,2.84,6.0157,5.1124,1175848,58404761.0,4598594000.0,1151150000.0
2016-02-01,'603703,盛洋科技,47.21,49.48,46.5,48.21,48.5,-1.29,-2.6598,4.2995,988882,47753514.0,4337654800.0,1085830000.0
2016-01-29,'603703,盛洋科技,48.5,49.5,45.75,46.01,46.44,2.06,4.4358,4.9386,1135878,54365750.0,4456180000.0,1115500000.0
2016-01-28,'603703,盛洋科技,46.44,51.0,46.43,50.6,51.59,-5.15,-9.9826,5.797,1333310,65011096.0,4266907200.0,1068120000.0
2016-01-27,'603703,盛洋科技,51.59,55.77,49.5,53.86,54.75,-3.16,-5.7717,7.7332,1778628,91242228.0,4740089200.0,1186570000.0
2016-01-26,'603703,盛洋科技,54.75,60.0,54.75,60.0,60.83,-6.08,-9.9951,7.6983,1770599,100161457.0,5030430000.0,1259250000.0
2016-01-25,'603703,盛洋科技,60.83,62.42,60.0,61.81,61.3,-0.47,-0.7667,7.6898,1768656,108689681.0,5589060400.0,1399090000.0
2016-01-22,'603703,盛洋科技,61.3,61.48,58.11,60.11,59.3,2.0,3.3727,6.3631,1463522,88291926.0,5632244000.0,1409900000.0
2016-01-21,'603703,盛洋科技,59.3,65.1,59.02,63.01,65.04,-5.74,-8.8253,8.2748,1903208,119414920.0,5448484000.0,1363900000.0
2016-01-20,'603703,盛洋科技,65.04,68.0,62.2,62.2,63.19,1.85,2.9277,11.3812,2617679,170253259.0,5975875200.0,1495920000.0
2016-01-19,'603703,盛洋科技,63.19,63.42,59.51,60.0,60.98,2.21,3.6241,7.6008,1748175,108483074.0,5805897200.0,1453370000.0
2016-01-18,'603703,盛洋科技,60.98,62.65,56.28,57.57,59.86,1.12,1.871,5.5521,1276989,76783855.0,5602842400.0,1402540000.0
2016-01-15,'603703,盛洋科技,59.86,66.51,59.83,66.01,66.48,-6.62,-9.9579,6.5942,1516669,95117410.0,5499936800.0,1376780000.0
2016-01-14,'603703,盛洋科技,66.48,68.15,61.08,61.08,65.79,0.69,1.0488,6.0232,1385327,90157243.0,6108182400.0,1529040000.0
2016-01-13,'603703,盛洋科技,65.79,70.5,63.5,69.31,69.31,-3.52,-5.0786,7.5801,1743427,117024085.0,6044785200.0,1513170000.0
2016-01-12,'603703,盛洋科技,69.31,69.99,66.01,67.02,65.93,3.38,5.1266,9.0616,2084158,142615831.0,6368202800.0,1594130000.0
2016-01-11,'603703,盛洋科技,65.93,71.8,64.5,65.6,67.86,-1.93,-2.8441,8.2037,1886840,128457668.0,6057648400.0,1516390000.0
2016-01-08,'603703,盛洋科技,67.86,69.55,63.0,66.0,64.23,3.63,5.6516,9.8101,2256313,150441578.0,6234976800.0,1560780000.0
2016-01-07,'603703,盛洋科技,64.23,68.88,64.23,68.88,71.37,-7.14,-10.0042,2.0559,472850,31466743.0,5901452400.0,1477290000.0
2016-01-06,'603703,盛洋科技,71.37,72.0,65.01,66.7,66.79,4.58,6.8573,10.1954,2344942,161047720.0,6557475600.0,1641510000.0
2016-01-05,'603703,盛洋科技,66.79,69.58,63.0,63.0,69.37,-2.58,-3.7192,8.4879,1952226,129266955.0,6136665200.0,1536170000.0
2016-01-04,'603703,盛洋科技,69.37,77.88,69.37,77.0,77.08,-7.71,-10.0026,4.7881,1101262,82065451.0,6373715600.0,1595510000.0
2015-12-31,'603703,盛洋科技,77.08,82.82,76.38,82.59,82.61,-5.53,-6.6941,6.7537,1553352,123457286.0,7082110400.0,1772840000.0
2015-12-30,'603703,盛洋科技,82.61,83.63,80.33,81.96,81.27,1.34,1.6488,4.9221,1132086,92752788.0,7590206800.0,1900030000.0
2015-12-29,'603703,盛洋科技,81.27,84.13,80.1,81.49,84.16,-2.89,-3.4339,7.0491,1621284,132254513.0,7467087600.0,1869210000.0
2015-12-28,'603703,盛洋科技,84.16,91.37,83.33,89.0,90.54,-6.38,-7.0466,6.2122,1428816,125417406.0,7732620800.0,1935680000.0
2015-12-25,'603703,盛洋科技,90.54,92.59,89.9,91.11,91.01,-0.47,-0.5164,4.2648,980898,89229163.0,8318815200.0,2082420000.0
2015-12-24,'603703,盛洋科技,91.01,92.03,87.34,88.49,89.17,1.84,2.0635,5.788,1331251,119207062.0,8361998800.0,2093230000.0
2015-12-23,'603703,盛洋科技,89.17,93.4,88.0,92.15,91.99,-2.82,-3.0656,6.9585,1600456,144589117.0,8192939600.0,2050910000.0
2015-12-22,'603703,盛洋科技,91.99,93.0,90.73,91.6,91.47,0.52,0.5685,5.147,1183800,108447288.0,8452041200.0,2115770000.0
2015-12-21,'603703,盛洋科技,91.47,92.86,90.03,92.36,93.96,-2.49,-2.6501,7.2725,1672671,152359659.0,8404263600.0,2103810000.0
2015-12-18,'603703,盛洋科技,93.96,99.0,93.28,99.0,100.16,-6.2,-6.1901,12.8733,2960867,282056614.0,8633044800.0,2161080000.0
2015-12-17,'603703,盛洋科技,100.16,106.98,96.01,97.1,97.74,2.42,2.476,16.2045,3727043,377111002.0,9202700800.0,2303680000.0
2015-12-16,'603703,盛洋科技,97.74,102.2,92.7,92.92,93.08,4.66,5.0064,14.5115,3337642,326697421.0,8980351200.0,2248020000.0
2015-12-15,'603703,盛洋科技,93.08,95.48,92.21,93.52,93.35,-0.27,-0.2892,8.2228,1891245,176915723.0,8552190400.0,2140840000.0
2015-12-14,'603703,盛洋科技,93.35,94.85,89.78,93.94,94.88,-1.53,-1.6126,13.0167,2993838,276130058.0,8576998000.0,2147050000.0
2015-12-11,'603703,盛洋科技,94.88,94.88,85.58,86.25,86.25,8.63,10.0058,19.0347,4377970,399418103.0,8717574400.0,2182240000.0
2015-12-10,'603703,盛洋科技,86.25,89.35,86.0,87.82,87.59,-1.34,-1.5299,9.2598,2129749,186545202.0,7924650000.0,1983750000.0
2015-12-09,'603703,盛洋科技,87.59,89.0,86.0,88.8,89.28,-1.69,-1.8929,10.3475,2379923,208305316.0,8047769200.0,2014570000.0
2015-12-08,'603703,盛洋科技,89.28,93.0,89.01,92.0,94.31,-5.03,-5.3335,14.3121,3291792,298085404.0,8203046400.0,2053440000.0
2015-12-07,'603703,盛洋科技,94.31,94.7,92.0,93.0,92.95,1.36,1.4632,12.8651,2958976,276929900.0,8665202800.0,2169130000.0
2015-12-04,'603703,盛洋科技,92.95,96.94,90.6,94.0,95.62,-2.67,-2.7923,15.7597,3624726,340852391.0,8540246000.0,2137850000.0
2015-12-03,'603703,盛洋科技,95.62,98.0,92.0,92.29,93.4,2.22,2.3769,14.2751,3283268,310760732.0,8785565600.0,2199260000.0
2015-12-02,'603703,盛洋科技,93.4,98.3,88.51,94.0,98.31,-4.91,-4.9944,19.3863,4458841,414434830.0,8581592000.0,2148200000.0
2015-12-01,'603703,盛洋科技,98.31,109.0,98.31,103.8,109.23,-10.92,-9.9973,21.486,4941776,508467584.0,9032722800.0,2261130000.0
2015-11-30,'603703,盛洋科技,109.23,109.23,93.5,99.57,99.3,9.93,10.0,36.0801,8298431,826998620.0,10036052400.0,2512290000.0
2015-11-27,'603703,盛洋科技,99.3,99.3,93.56,94.3,90.27,9.03,10.0033,33.3565,7671984,744331212.0,9123684000.0,2283900000.0
2015-11-26,'603703,盛洋科技,90.27,90.27,90.27,90.27,82.06,8.21,10.0049,2.625,603755,54500964.0,8294007600.0,2076210000.0
2015-11-25,'603703,盛洋科技,82.06,82.06,82.06,82.06,74.6,7.46,10.0,0.6074,139712,11464767.0,7539672800.0,1887380000.0
2015-11-24,'603703,盛洋科技,74.6,74.6,68.25,68.25,67.82,6.78,9.9971,3.2293,742737,55111941.0,6854248000.0,1715800000.0
2015-11-23,'603703,盛洋科技,67.82,71.48,65.08,67.57,67.57,0.25,0.37,7.8623,1808324,123653729.0,6231301600.0,1559860000.0
2015-11-20,'603703,盛洋科技,67.57,69.7,66.8,67.49,67.74,-0.17,-0.251,4.0184,924237,63160958.0,6208331600.0,1554110000.0
2015-11-19,'603703,盛洋科技,67.74,68.2,62.84,62.84,63.8,3.94,6.1755,3.5491,816293,53650819.0,6223951200.0,1558020000.0
2015-11-18,'603703,盛洋科技,63.8,68.59,63.72,66.6,67.99,-4.19,-6.1627,3.1495,724385,47684457.0,5861944000.0,1467400000.0
2015-11-17,'603703,盛洋科技,67.99,71.5,67.8,68.0,67.84,0.15,0.2211,7.4477,1712975,119613349.0,6246921200.0,1563770000.0
2015-11-16,'603703,盛洋科技,67.84,67.99,63.2,63.2,66.43,1.41,2.1225,4.0559,932855,61160323.0,6233139200.0,1560320000.0
2015-11-13,'603703,盛洋科技,66.43,69.75,63.8,69.7,70.34,-3.91,-5.5587,8.7065,2002494,134288366.0,6103588400.0,1527890000.0
2015-11-12,'603703,盛洋科技,70.34,71.59,67.45,68.88,67.45,2.89,4.2847,9.9954,2298952,159424577.0,6462839200.0,1617820000.0
2015-11-11,'603703,盛洋科技,67.45,67.5,62.35,63.1,63.21,4.24,6.7078,8.4556,1944786,126289703.0,6197306000.0,1551350000.0
2015-11-10,'603703,盛洋科技,63.21,65.0,61.5,63.97,64.33,-1.12,-1.741,5.4646,1256864,79439733.0,5807734800.0,1453830000.0
2015-11-09,'603703,盛洋科技,64.33,66.66,60.33,61.25,61.23,3.1,5.0629,8.1794,1881269,118517405.0,5910640400.0,1479590000.0
2015-11-06,'603703,盛洋科技,61.23,62.66,58.0,58.0,58.33,2.9,4.9717,7.052,1621963,98611895.0,5625812400.0,1408290000.0
2015-11-05,'603703,盛洋科技,58.33,62.94,58.0,59.0,60.1,-1.77,-2.9451,5.6495,1299385,78181341.0,5359360400.0,1341590000.0
2015-11-04,'603703,盛洋科技,60.1,60.84,57.02,58.53,58.48,1.62,2.7702,7.1878,1653204,97978798.0,5521988000.0,1382300000.0
2015-11-03,'603703,盛洋科技,58.48,60.0,55.01,55.78,56.21,2.27,4.0384,6.4638,1486684,85767726.0,5373142400.0,1345040000.0
2015-11-02,'603703,盛洋科技,56.21,58.74,52.0,53.85,55.26,0.95,1.7191,7.1244,1638606,93369426.0,5164574800.0,1292830000.0
2015-10-30,'603703,盛洋科技,55.26,57.04,50.28,52.6,52.91,2.35,4.4415,5.7594,1324666,72745092.0,5077288800.0,1270980000.0
2015-10-29,'603703,盛洋科技,52.91,54.22,50.8,53.25,53.08,-0.17,-0.3203,4.2535,978302,51324049.0,4861370800.0,1216930000.0
2015-10-28,'603703,盛洋科技,53.08,55.28,52.46,55.0,55.18,-2.1,-3.8057,5.1358,1181239,63370187.0,4876990400.0,1220840000.0
2015-10-27,'603703,盛洋科技,55.18,57.25,51.08,54.6,56.76,-1.58,-2.7837,9.9317,2284296,123029793.0,5069938400.0,1269140000.0
2015-10-26,'603703,盛洋科技,56.76,57.04,52.0,52.01,51.85,4.91,9.4696,11.6273,2674274,148931278.0,5215108800.0,1305480000.0
2015-10-23,'603703,盛洋科技,51.85,53.4,50.7,53.4,49.29,2.56,5.1938,10.484,2411328,125484527.0,4763978000.0,1192550000.0
2015-10-22,'603703,盛洋科技,49.29,49.29,44.18,44.18,44.81,4.48,9.9978,6.882,1582850,75716094.0,4528765200.0,1133670000.0
2015-10-21,'603703,盛洋科技,44.81,48.26,43.33,47.26,48.14,-3.33,-6.9173,13.4376,3090641,142922267.0,4117142800.0,1030630000.0
2015-10-20,'603703,盛洋科技,48.14,48.98,46.65,47.35,47.44,0.7,1.4755,9.093,2091385,100513556.0,4423103200.0,1107220000.0
2015-10-19,'603703,盛洋科技,47.44,49.6,46.6,48.0,46.67,0.77,1.6499,14.9108,3429495,163889661.0,4358787200.0,1091120000.0
2015-10-16,'603703,盛洋科技,46.67,46.67,42.83,42.84,42.43,4.24,9.9929,11.548,2656031,120809791.0,4288039600.0,1073410000.0
2015-10-15,'603703,盛洋科技,42.43,42.5,39.88,39.95,40.63,1.8,4.4302,9.9895,2297577,94963842.0,3898468400.0,975890000.0
2015-10-14,'603703,盛洋科技,40.63,41.98,40.42,41.0,40.89,-0.26,-0.6359,9.1465,2103700,86744311.0,3733084400.0,934490000.0
2015-10-13,'603703,盛洋科技,40.89,41.72,40.21,40.9,41.16,-0.27,-0.656,7.4721,1718592,70121078.0,3756973200.0,940470000.0
2015-10-12,'603703,盛洋科技,41.16,41.45,38.67,39.0,38.85,2.31,5.9459,6.7923,1562218,63404489.0,3781780800.0,946680000.0
2015-10-09,'603703,盛洋科技,38.85,39.25,38.23,39.1,39.11,-0.26,-0.6648,4.5011,1035246,40128527.0,3569538000.0,893550000.0
2015-10-08,'603703,盛洋科技,39.11,39.5,37.6,38.5,37.11,2.0,5.3894,6.3358,1457234,56385181.0,3593426800.0,899530000.0
2015-09-30,'603703,盛洋科技,37.11,38.28,36.97,37.0,36.98,0.13,0.3515,2.8487,655200,24584657.0,3409666800.0,853530000.0
2015-09-29,'603703,盛洋科技,36.98,37.99,36.65,37.18,38.56,-1.58,-4.0975,4.6012,1058280,39432515.0,3397722400.0,850540000.0
2015-09-28,'603703,盛洋科技,38.56,38.65,36.15,36.18,36.32,2.24,6.1674,5.2088,1198032,44638218.0,3542892800.0,886880000.0
2015-09-25,'603703,盛洋科技,36.32,39.86,36.32,39.5,40.36,-4.04,-10.0099,8.7206,2005730,75602090.0,3337081600.0,835360000.0
2015-09-24,'603703,盛洋科技,40.36,41.51,39.47,40.97,40.7,-0.34,-0.8354,12.7001,2921020,117821419.0,3708276800.0,928280000.0
2015-09-23,'603703,盛洋科技,40.7,40.92,35.2,36.0,37.2,3.5,9.4086,16.3557,3761814,147486829.0,3739516000.0,936100000.0
2015-09-22,'603703,盛洋科技,37.2,39.74,36.78,38.2,36.53,0.67,1.8341,10.0835,2319199,87987005.0,3417936000.0,855600000.0
2015-09-21,'603703,盛洋科技,36.53,36.53,32.41,32.41,33.21,3.32,9.997,8.069,1855860,65966566.0,3356376400.0,840190000.0
2015-09-18,'603703,盛洋科技,33.21,33.8,32.52,32.91,32.57,0.64,1.965,3.3961,781113,25904322.0,3051334800.0,763830000.0
2015-09-17,'603703,盛洋科技,32.57,36.0,32.45,33.7,33.66,-1.09,-3.2383,6.5061,1496407,50834086.0,2992531600.0,749110000.0
2015-09-16,'603703,盛洋科技,33.66,33.69,30.6,30.8,30.63,3.03,9.8923,6.7961,1563099,50246517.0,3092680800.0,774180000.0
2015-09-15,'603703,盛洋科技,30.63,33.82,30.63,31.98,34.03,-3.4,-9.9912,5.2898,1216651,38584960.0,2814284400.0,704490000.0
2015-09-14,'603703,盛洋科技,34.03,38.5,34.03,37.88,37.81,-3.78,-9.9974,10.2202,2350651,82815429.0,3126676400.0,782690000.0
2015-09-11,'603703,盛洋科技,37.81,38.73,36.41,36.68,36.7,1.11,3.0245,8.0211,1844854,69560447.0,3473982800.0,869630000.0
2015-09-10,'603703,盛洋科技,36.7,39.98,36.7,38.0,37.55,-0.85,-2.2636,11.8642,2728777,105614992.0,3371996000.0,844100000.0
2015-09-09,'603703,盛洋科技,37.55,38.1,35.72,36.1,36.48,1.07,2.9331,6.8615,1578145,58803374.0,3450094000.0,863650000.0
2015-09-08,'603703,盛洋科技,36.48,37.2,32.85,33.8,33.85,2.63,7.7696,5.9446,1367261,47700283.0,3351782400.0,839040000.0
2015-09-07,'603703,盛洋科技,33.85,35.06,31.99,31.99,31.87,1.98,6.2127,5.7886,1331377,44847127.0,3110138000.0,778550000.0
2015-09-02,'603703,盛洋科技,31.87,33.51,29.6,30.8,32.28,-0.41,-1.2701,5.5209,1269806,40243155.0,2928215600.0,733010000.0
2015-09-01,'603703,盛洋科技,32.28,34.68,32.28,34.68,35.87,-3.59,-10.0084,3.5539,817400,27003001.0,2965886400.0,742440000.0
2015-08-31,'603703,盛洋科技,35.87,38.4,35.5,37.0,38.35,-2.48,-6.4668,6.6724,1534648,56540640.0,3295735600.0,825010000.0
2015-08-28,'603703,盛洋科技,38.35,38.4,34.58,35.5,34.92,3.43,9.8225,6.4899,1492679,54265543.0,3523598000.0,882050000.0
2015-08-27,'603703,盛洋科技,34.92,36.21,32.32,34.86,34.21,0.71,2.0754,5.3295,1225781,42359061.0,3208449600.0,803160000.0
2015-08-26,'603703,盛洋科技,34.21,37.34,32.01,35.5,34.94,-0.73,-2.0893,7.7704,1787202,62444468.0,3143214800.0,786830000.0
2015-08-25,'603703,盛洋科技,34.94,36.25,34.94,34.94,38.82,-3.88,-9.9948,3.9345,904926,31864641.0,3210287200.0,803620000.0
2015-08-24,'603703,盛洋科技,38.82,40.65,38.82,40.61,43.13,-4.31,-9.993,2.0174,464000,18203146.0,3566781600.0,892860000.0
2015-08-21,'603703,盛洋科技,43.13,47.08,42.2,45.2,46.37,-3.24,-6.9873,4.7552,1093689,49715659.0,3962784400.0,991990000.0
2015-08-20,'603703,盛洋科技,46.37,46.86,43.18,45.8,46.36,0.01,0.0216,6.3185,1453255,65814345.0,4260475600.0,1066510000.0
2015-08-19,'603703,盛洋科技,46.36,47.26,41.44,44.3,45.55,0.81,1.7783,6.8996,1586919,70475506.0,4259556800.0,1066280000.0
2015-08-18,'603703,盛洋科技,45.55,50.9,45.55,48.96,50.61,-5.06,-9.998,7.1833,1652154,79726483.0,4185134000.0,1047650000.0
2015-08-17,'603703,盛洋科技,50.61,51.2,48.6,51.2,51.3,-0.69,-1.345,5.5812,1283665,63806424.0,4650046800.0,1164030000.0
2015-08-14,'603703,盛洋科技,51.3,51.97,50.13,51.25,51.14,0.16,0.3129,7.2669,1671387,85397358.0,4713444000.0,1179900000.0
2015-08-13,'603703,盛洋科技,51.14,52.0,48.1,50.0,50.23,0.91,1.8117,5.6176,1292040,64618551.0,4698743200.0,1176220000.0
2015-08-12,'603703,盛洋科技,50.23,52.42,50.0,51.93,52.59,-2.36,-4.4875,7.5442,1735156,88861752.0,4615132400.0,1155290000.0
2015-08-11,'603703,盛洋科技,52.59,55.8,51.5,53.39,53.36,-0.77,-1.443,12.0798,2778357,148262474.0,4831969200.0,1209570000.0
2015-08-10,'603703,盛洋科技,53.36,54.66,51.01,51.7,51.01,2.35,4.6069,9.8949,2275830,120359084.0,4902716800.0,1227280000.0
2015-08-07,'603703,盛洋科技,51.01,52.8,48.99,48.99,49.97,1.04,2.0812,8.2972,1908366,98344705.0,4686798800.0,1173230000.0
2015-08-06,'603703,盛洋科技,49.97,52.9,49.51,51.3,53.29,-3.32,-6.2301,9.8823,2272920,115934199.0,4591243600.0,1149310000.0
2015-08-05,'603703,盛洋科技,53.29,53.97,47.05,48.87,49.06,4.23,8.6221,18.0042,4140961,208124737.0,4896285200.0,1225670000.0
2015-08-04,'603703,盛洋科技,49.06,49.1,44.1,44.69,45.13,3.93,8.7082,12.002,2760456,128906801.0,4507632800.0,1128380000.0
2015-08-03,'603703,盛洋科技,45.13,47.88,43.2,46.0,47.04,-1.91,-4.0604,8.6669,1993390,91277241.0,4146544400.0,1037990000.0
2015-07-31,'603703,盛洋科技,47.04,49.99,44.93,44.93,47.55,-0.51,-1.0726,8.4614,1946131,92003684.0,4322035200.0,1081920000.0
2015-07-30,'603703,盛洋科技,47.55,51.97,46.82,49.4,49.62,-2.07,-4.1717,11.808,2715830,134893651.0,4368894000.0,1093650000.0
2015-07-29,'603703,盛洋科技,49.62,49.62,42.01,45.22,45.11,4.51,9.9978,10.5028,2415641,110614096.0,4559085600.0,1141260000.0
2015-07-28,'603703,盛洋科技,45.11,50.16,45.11,45.33,50.12,-5.01,-9.996,10.0375,2308618,106650977.0,4144706800.0,1037530000.0
2015-07-27,'603703,盛洋科技,50.12,56.32,50.12,53.11,55.69,-5.57,-10.0018,9.4774,2179805,115277548.0,4605025600.0,1152760000.0
2015-07-24,'603703,盛洋科技,55.69,61.6,52.93,59.01,58.81,-3.12,-5.3052,15.9078,3658798,213285338.0,5116797200.0,1280870000.0
2015-07-23,'603703,盛洋科技,58.81,61.66,55.2,56.68,56.97,1.84,3.2298,12.3113,2831594,166478703.0,5403462800.0,1352630000.0
2015-07-22,'603703,盛洋科技,56.97,59.42,54.8,58.9,58.27,-1.3,-2.231,11.6172,2671963,154389604.0,5234403600.0,1310310000.0
2015-07-21,'603703,盛洋科技,58.27,58.27,48.66,51.18,52.97,5.3,10.0057,13.7899,3171672,173441376.0,5353847600.0,1340210000.0
2015-07-20,'603703,盛洋科技,52.97,55.02,49.13,51.26,50.02,2.95,5.8976,15.7727,3627725,188820159.0,4866883600.0,1218310000.0
2015-07-17,'603703,盛洋科技,50.02,50.02,44.01,45.66,45.47,4.55,10.0066,10.0802,2318454,110818199.0,4595837600.0,1150460000.0
2015-07-16,'603703,盛洋科技,45.47,45.93,37.59,37.59,41.77,3.7,8.858,13.8346,3181959,135983642.0,4177783600.0,1045810000.0
2015-07-15,'603703,盛洋科技,41.77,47.8,40.2,47.8,43.96,-2.19,-4.9818,19.4138,4465185,198948723.0,3837827600.0,960710000.0
2015-07-14,'603703,盛洋科技,43.96,43.96,43.0,43.96,39.96,4.0,10.01,6.0836,1399239,61498812.0,4039044800.0,1011080000.0
2015-07-13,'603703,盛洋科技,39.96,39.96,39.96,39.96,36.33,3.63,9.9917,1.6848,387500,15484500.0,3671524800.0,919080000.0
2015-07-10,'603703,盛洋科技,36.33,36.33,35.01,36.2,33.03,3.3,9.9909,3.0913,711000,25701041.0,3338000400.0,835590000.0
2015-07-09,'603703,盛洋科技,33.03,33.03,29.2,29.2,30.03,3.0,9.99,10.7969,2483293,80126707.0,3034796400.0,759690000.0
2015-07-08,'603703,盛洋科技,30.03,30.94,30.03,30.03,33.37,-3.34,-10.009,7.5671,1740423,52383909.0,2759156400.0,690690000.0
2015-07-07,'603703,盛洋科技,33.37,36.0,33.37,35.6,37.08,-3.71,-10.0054,5.1445,1183224,40261854.0,3066035600.0,767510000.0
2015-07-06,'603703,盛洋科技,37.08,43.3,35.42,43.3,39.36,-2.28,-5.7927,13.8153,3177527,122494318.0,3406910400.0,852840000.0
2015-07-03,'603703,盛洋科技,39.36,45.29,39.3,42.6,43.6,-4.24,-9.7248,8.3145,1912343,79204731.0,3616396800.0,905280000.0
2015-07-02,'603703,盛洋科技,43.6,49.97,43.6,48.22,48.43,-4.83,-9.9732,7.9536,1829321,84602277.0,4005968000.0,1002800000.0
2015-07-01,'603703,盛洋科技,48.43,56.88,48.35,52.49,53.72,-5.29,-9.8474,11.266,2591181,139733009.0,4449748400.0,1113890000.0
2015-06-30,'603703,盛洋科技,53.72,53.97,45.1,47.95,50.11,3.61,7.2042,9.8419,2263639,112173043.0,4935793600.0,1235560000.0
2015-06-29,'603703,盛洋科技,50.11,57.2,50.11,57.19,55.68,-5.57,-10.0036,6.9271,1593228,82611266.0,4604106800.0,1152530000.0
2015-06-26,'603703,盛洋科技,55.68,59.58,55.68,59.58,61.87,-6.19,-10.0048,9.7421,2240688,127920808.0,5115878400.0,1280640000.0
2015-06-25,'603703,盛洋科技,61.87,64.62,61.58,64.62,64.62,-2.75,-4.2556,9.6765,2225588,139608740.0,5684615600.0,1423010000.0
2015-06-24,'603703,盛洋科技,64.62,67.28,61.23,66.8,65.85,-1.23,-1.8679,11.7727,2707715,174809339.0,5937285600.0,1486260000.0
2015-06-23,'603703,盛洋科技,65.85,68.88,62.78,63.5,69.75,-3.9,-5.5914,11.7425,2700777,175426782.0,6050298000.0,1514550000.0
2015-06-19,'603703,盛洋科技,69.75,72.88,69.75,72.5,77.5,-7.75,-10.0,7.1711,1649361,115853844.0,6408630000.0,1604250000.0
2015-06-18,'603703,盛洋科技,77.5,83.0,77.26,83.0,85.84,-8.34,-9.7158,14.7724,3397660,274304230.0,7120700000.0,1782500000.0
2015-06-17,'603703,盛洋科技,85.84,92.67,82.99,86.15,86.15,-0.31,-0.3598,20.5598,4728764,417554140.0,7886979200.0,1974320000.0
2015-06-16,'603703,盛洋科技,86.15,88.5,79.53,80.5,82.42,3.73,4.5256,20.0144,4603321,395112222.0,7915462000.0,1981450000.0
2015-06-15,'603703,盛洋科技,82.42,86.0,79.23,86.0,88.03,-5.61,-6.3728,18.7291,4307697,355562255.0,7572749600.0,1895660000.0
2015-06-12,'603703,盛洋科技,88.03,89.98,82.18,86.1,85.87,2.16,2.5154,32.8815,7562736,656320366.0,8088196400.0,2024690000.0
2015-06-11,'603703,盛洋科技,85.87,85.94,78.0,79.0,80.85,5.02,6.209,26.4929,6093362,508353002.0,7889735600.0,1975010000.0
2015-06-10,'603703,盛洋科技,80.85,82.56,75.2,75.55,78.59,2.26,2.8757,18.1176,4167039,334716590.0,7428498000.0,1859550000.0
2015-06-09,'603703,盛洋科技,78.59,83.04,77.5,80.8,82.87,-4.28,-5.1647,18.1395,4172077,332440414.0,7220849200.0,1807570000.0
2015-06-08,'603703,盛洋科技,82.87,84.8,76.0,78.0,79.33,3.54,4.4624,27.2508,6267679,508967466.0,7614095600.0,1906010000.0
2015-06-05,'603703,盛洋科技,79.33,81.68,75.0,76.37,75.09,4.24,5.6466,24.7819,5699826,443751152.0,7288840400.0,1824590000.0
2015-06-04,'603703,盛洋科技,75.09,80.96,74.72,80.0,83.02,-7.93,-9.5519,23.7788,5469118,420856655.0,6899269200.0,1727070000.0
2015-06-03,'603703,盛洋科技,83.02,86.97,81.8,83.99,84.67,-1.65,-1.9487,27.055,6222652,524090685.0,7627877600.0,1909460000.0
2015-06-02,'603703,盛洋科技,84.67,85.02,80.91,84.99,89.9,-5.23,-5.8176,42.96,9880793,811161714.0,7779479600.0,1947410000.0
2015-06-01,'603703,盛洋科技,89.9,96.0,89.9,96.0,99.89,-9.99,-10.001,26.8823,6182920,561982725.0,8260012000.0,2067700000.0
2015-05-29,'603703,盛洋科技,99.89,117.95,96.81,96.81,107.57,-7.68,-7.1395,47.6239,10953492,1120040600.0,9177893200.0,2297470000.0
2015-05-28,'603703,盛洋科技,107.57,131.47,107.57,131.47,119.52,-11.95,-9.9983,7.4522,1714000,213044243.0,9883531600.0,2474110000.0
2015-05-27,'603703,盛洋科技,119.52,119.52,119.52,119.52,108.65,10.87,10.0046,0.4057,93300,11151216.0,10981497600.0,2748960000.0
2015-05-26,'603703,盛洋科技,108.65,108.65,108.65,108.65,98.77,9.88,10.003,0.6206,142736,15508266.0,9982762000.0,2498950000.0
2015-05-25,'603703,盛洋科技,98.77,98.77,94.73,98.77,89.79,8.98,10.0011,7.5561,1737909,171063532.0,9074987600.0,2271710000.0
2015-05-22,'603703,盛洋科技,89.79,89.79,85.0,89.79,81.63,8.16,9.9963,7.17,1649101,147396784.0,8249905200.0,2065170000.0
2015-05-21,'603703,盛洋科技,81.63,81.63,78.5,80.89,74.21,7.42,9.9987,8.8574,2037193,165588201.0,7500164400.0,1877490000.0
2015-05-20,'603703,盛洋科技,74.21,74.21,67.46,71.99,67.46,6.75,10.0059,20.0523,4612039,332260813.0,6818414800.0,1706830000.0
2015-05-19,'603703,盛洋科技,67.46,67.46,55.81,67.46,61.33,6.13,9.9951,41.3065,9500506,614411368.0,6198224800.0,1551580000.0
2015-05-18,'603703,盛洋科技,61.33,61.33,61.33,61.33,55.75,5.58,10.009,0.8473,194874,11951622.0,5635000400.0,1410590000.0
