2016-05-13,'900943,开开Ｂ股,1.249,1.264,1.246,1.252,1.246,0.003,0.2408,0.5227,418184,524229.0,1980261772.2,651938032.0
2016-05-12,'900943,开开Ｂ股,1.246,1.25,1.202,1.248,1.25,-0.004,-0.32,0.7962,636960,782896.0,1966815610.2,647511312.0
2016-05-11,'900943,开开Ｂ股,1.25,1.316,1.241,1.309,1.301,-0.051,-3.9201,0.6786,542900,696019.0,1980723375.0,652090000.0
2016-05-10,'900943,开开Ｂ股,1.301,1.31,1.292,1.296,1.296,0.005,0.3858,0.7223,577841,751522.0,316143000.0,104080000.0
2016-05-09,'900943,开开Ｂ股,1.296,1.358,1.289,1.336,1.343,-0.047,-3.4996,1.4297,1143740,1494652.0,2050338744.0,675008640.0
2016-05-06,'900943,开开Ｂ股,1.343,1.414,1.339,1.414,1.414,-0.071,-5.0212,1.7484,1398700,1911885.0,2127860749.8,700530288.0
2016-05-05,'900943,开开Ｂ股,1.414,1.429,1.396,1.415,1.42,-0.006,-0.4225,0.4358,348600,491650.0,2237811105.6,736727936.0
2016-05-04,'900943,开开Ｂ股,1.42,1.436,1.408,1.41,1.408,0.012,0.8523,0.9524,761910,1085248.0,2240923158.0,737752480.0
2016-05-03,'900943,开开Ｂ股,1.408,1.408,1.369,1.37,1.379,0.029,2.103,0.6179,494310,691485.0,2209052736.0,727260160.0
2016-04-29,'900943,开开Ｂ股,1.379,1.381,1.373,1.38,1.375,0.004,0.2909,0.2283,182600,251498.0,2164358013.3,712545848.0
2016-04-28,'900943,开开Ｂ股,1.375,1.39,1.356,1.39,1.385,-0.01,-0.722,0.5185,414800,566769.0,2170275525.0,714494000.0
2016-04-27,'900943,开开Ｂ股,1.385,1.396,1.378,1.378,1.378,0.007,0.508,0.43,344000,477101.0,2182121653.5,718393960.0
2016-04-26,'900943,开开Ｂ股,1.378,1.395,1.355,1.355,1.354,0.024,1.7725,0.6846,547681,753056.0,2172599722.8,715259168.0
2016-04-25,'900943,开开Ｂ股,1.354,1.389,1.341,1.37,1.385,-0.031,-2.2383,0.8604,688289,935611.0,2142591264.0,705379840.0
2016-04-22,'900943,开开Ｂ股,1.385,1.387,1.372,1.381,1.387,-0.002,-0.1442,0.7088,567000,782184.0,2184174639.0,719069840.0
2016-04-21,'900943,开开Ｂ股,1.387,1.408,1.38,1.393,1.383,0.004,0.2892,1.0596,847699,1181132.0,2184126792.3,719054088.0
2016-04-20,'900943,开开Ｂ股,1.383,1.446,1.368,1.438,1.438,-0.055,-3.8248,2.4456,1956501,2724098.0,2170299995.1,714502056.0
2016-04-19,'900943,开开Ｂ股,1.438,1.464,1.416,1.464,1.451,-0.013,-0.8959,1.2086,966919,1387372.0,2260837980.0,744308800.0
2016-04-18,'900943,开开Ｂ股,1.451,1.475,1.406,1.421,1.432,0.019,1.3268,1.5754,1260299,1828077.0,2284344269.1,752047496.0
2016-04-15,'900943,开开Ｂ股,1.432,1.466,1.416,1.444,1.433,-0.001,-0.0698,1.1756,940477,1353582.0,2258642620.8,743586048.0
2016-04-14,'900943,开开Ｂ股,1.433,1.443,1.403,1.403,1.409,0.024,1.7033,1.4976,1198076,1719573.0,2259627912.9,743910424.0
2016-04-13,'900943,开开Ｂ股,1.409,1.423,1.403,1.405,1.401,0.008,0.571,1.0637,850954,1203367.0,2211511871.7,728069752.0
2016-04-12,'900943,开开Ｂ股,1.401,1.427,1.393,1.395,1.406,-0.005,-0.3556,1.0209,816739,1149829.0,2199806488.8,724216128.0
2016-04-11,'900943,开开Ｂ股,1.406,1.41,1.375,1.379,1.387,0.019,1.3699,1.6383,1310600,1835157.0,2208784804.2,727171952.0
2016-04-08,'900943,开开Ｂ股,1.387,1.398,1.34,1.353,1.361,0.026,1.9104,2.5723,2057843,2819597.0,2181767505.3,718277368.0
2016-04-07,'900943,开开Ｂ股,1.361,1.387,1.352,1.367,1.368,-0.007,-0.5117,1.1071,885668,1211606.0,2140009316.1,704529816.0
2016-04-06,'900943,开开Ｂ股,1.368,1.385,1.351,1.362,1.363,0.005,0.3668,1.0316,825290,1133085.0,2152578369.6,708667776.0
2016-04-05,'900943,开开Ｂ股,1.363,1.372,1.303,1.309,1.31,0.053,4.0458,1.5993,1279415,1731063.0,2141696756.7,705085352.0
2016-04-01,'900943,开开Ｂ股,1.31,1.311,1.285,1.304,1.31,0.0,0.0,0.7521,601642,781329.0,2055934305.0,676850800.0
2016-03-31,'900943,开开Ｂ股,1.31,1.319,1.299,1.315,1.311,-0.001,-0.0763,0.6811,544881,712065.0,2056793796.0,677133760.0
2016-03-30,'900943,开开Ｂ股,1.311,1.312,1.279,1.279,1.27,0.041,3.2283,1.3366,1069301,1388491.0,2065659189.3,680052408.0
2016-03-29,'900943,开开Ｂ股,1.27,1.284,1.25,1.265,1.268,0.002,0.1577,1.1889,951100,1203980.0,2007816660.0,661009600.0
2016-03-28,'900943,开开Ｂ股,1.268,1.3,1.261,1.29,1.289,-0.021,-1.6292,1.1831,946506,1217433.0,2009954476.8,661713408.0
2016-03-25,'900943,开开Ｂ股,1.289,1.29,1.266,1.274,1.274,0.015,1.1774,0.6084,486701,622124.0,2042960462.1,672579576.0
2016-03-24,'900943,开开Ｂ股,1.274,1.291,1.26,1.27,1.286,-0.012,-0.9331,0.557,445578,569810.0,2016926730.0,664008800.0
2016-03-23,'900943,开开Ｂ股,1.286,1.287,1.26,1.26,1.267,0.019,1.4996,1.4396,1151690,1470641.0,2029237012.8,668061568.0
2016-03-22,'900943,开开Ｂ股,1.267,1.288,1.251,1.269,1.268,-0.001,-0.0789,0.8795,703591,894672.0,2000333645.1,658546056.0
2016-03-21,'900943,开开Ｂ股,1.268,1.28,1.24,1.24,1.228,0.04,3.2573,1.7168,1373423,1739223.0,1997383017.6,657574656.0
2016-03-18,'900943,开开Ｂ股,1.228,1.233,1.186,1.187,1.184,0.044,3.7162,1.3204,1056283,1284992.0,1928525371.2,634905472.0
2016-03-17,'900943,开开Ｂ股,1.184,1.189,1.156,1.166,1.155,0.029,2.5108,0.6612,528983,623938.0,1869005923.2,615310592.0
2016-03-16,'900943,开开Ｂ股,1.155,1.184,1.151,1.181,1.178,-0.023,-1.9525,0.6606,528468,613741.0,1829149938.0,602189280.0
2016-03-15,'900943,开开Ｂ股,1.178,1.184,1.16,1.177,1.17,0.008,0.6838,0.5156,412500,484724.0,1862912406.6,613304496.0
2016-03-14,'900943,开开Ｂ股,1.17,1.185,1.147,1.147,1.141,0.029,2.5416,0.7541,603300,707150.0,1845541503.0,607585680.0
2016-03-11,'900943,开开Ｂ股,1.141,1.147,1.13,1.14,1.135,0.006,0.5286,0.8763,701050,797982.0,1799575501.5,592452840.0
2016-03-10,'900943,开开Ｂ股,1.135,1.204,1.133,1.203,1.19,-0.055,-4.6218,1.2634,1010700,1173546.0,1796235223.5,591353160.0
2016-03-09,'900943,开开Ｂ股,1.19,1.213,1.171,1.2,1.211,-0.021,-1.7341,0.616,492800,590692.0,1882670202.0,619809120.0
2016-03-08,'900943,开开Ｂ股,1.211,1.213,1.171,1.201,1.216,-0.005,-0.4112,0.9247,739778,879556.0,1913981019.3,630117208.0
2016-03-07,'900943,开开Ｂ股,1.216,1.235,1.168,1.168,1.163,0.053,4.5572,0.9717,777341,941328.0,1924011014.4,633419264.0
2016-03-04,'900943,开开Ｂ股,1.163,1.205,1.161,1.19,1.196,-0.033,-2.7592,0.6329,506301,595607.0,1844984595.6,607402336.0
2016-03-03,'900943,开开Ｂ股,1.196,1.219,1.185,1.2,1.197,-0.001,-0.0835,0.6109,488741,589154.0,1901055873.6,625862016.0
2016-03-02,'900943,开开Ｂ股,1.197,1.204,1.13,1.139,1.139,0.058,5.0922,0.9256,740510,869703.0,1904914179.0,627132240.0
2016-03-01,'900943,开开Ｂ股,1.139,1.143,1.09,1.117,1.117,0.022,1.9696,0.5793,463400,521927.0,1809706414.5,595788120.0
2016-02-29,'900943,开开Ｂ股,1.117,1.193,1.09,1.18,1.191,-0.074,-6.2133,1.1178,894201,1002639.0,1776570181.2,584879072.0
2016-02-26,'900943,开开Ｂ股,1.191,1.208,1.172,1.194,1.178,0.013,1.1036,0.9013,721020,859786.0,1890966659.4,622540464.0
2016-02-25,'900943,开开Ｂ股,1.178,1.304,1.175,1.295,1.305,-0.127,-9.7318,2.3934,1914750,2344261.0,1869753877.2,615556832.0
2016-02-24,'900943,开开Ｂ股,1.305,1.306,1.28,1.293,1.294,0.011,0.8501,1.3964,1117132,1450080.0,2070824373.0,681752880.0
2016-02-23,'900943,开开Ｂ股,1.294,1.3,1.272,1.3,1.289,0.005,0.3879,0.8445,675606,866896.0,2052457266.6,675706096.0
2016-02-22,'900943,开开Ｂ股,1.289,1.308,1.267,1.288,1.263,0.026,2.0586,1.3488,1079055,1395133.0,2041143745.5,671981480.0
2016-02-19,'900943,开开Ｂ股,1.263,1.27,1.244,1.27,1.272,-0.009,-0.7075,0.8709,696700,875918.0,2000617007.4,658639344.0
2016-02-18,'900943,开开Ｂ股,1.272,1.3,1.246,1.255,1.255,0.017,1.3546,1.904,1523210,1954021.0,2013822259.2,662986752.0
2016-02-17,'900943,开开Ｂ股,1.255,1.269,1.234,1.248,1.243,0.012,0.9654,1.1889,951100,1192783.0,1989500170.5,654979480.0
2016-02-16,'900943,开开Ｂ股,1.243,1.256,1.223,1.223,1.223,0.02,1.6353,0.8909,712700,887866.0,1967245137.0,647652720.0
2016-02-15,'900943,开开Ｂ股,1.223,1.23,1.19,1.2,1.256,-0.033,-2.6274,0.9667,773359,934805.0,1935235330.2,637114512.0
2016-02-05,'900943,开开Ｂ股,1.256,1.3,1.25,1.29,1.29,-0.034,-2.6357,1.2483,998600,1270135.0,1993435531.2,656275072.0
2016-02-04,'900943,开开Ｂ股,1.29,1.293,1.201,1.209,1.205,0.085,7.0539,2.1885,1750829,2190971.0,2050689393.0,675124080.0
2016-02-03,'900943,开开Ｂ股,1.205,1.206,1.178,1.198,1.196,0.009,0.7525,0.6319,505500,602153.0,1918553161.5,631622440.0
2016-02-02,'900943,开开Ｂ股,1.196,1.205,1.145,1.162,1.177,0.019,1.6143,0.967,773613,923847.0,1903904028.0,626799680.0
2016-02-01,'900943,开开Ｂ股,1.177,1.216,1.17,1.186,1.197,-0.02,-1.6708,1.2798,1023850,1220471.0,1874487492.9,617115224.0
2016-01-29,'900943,开开Ｂ股,1.197,1.211,1.145,1.155,1.164,0.033,2.8351,2.6302,2104199,2468459.0,1905670443.6,627381216.0
2016-01-28,'900943,开开Ｂ股,1.164,1.185,1.075,1.09,1.101,0.063,5.7221,2.6758,2140602,2485047.0,1853472585.6,610196736.0
2016-01-27,'900943,开开Ｂ股,1.101,1.103,1.05,1.083,1.093,0.008,0.7319,0.8569,685512,741831.0,1753289541.9,577214664.0
2016-01-26,'900943,开开Ｂ股,1.093,1.183,1.073,1.162,1.169,-0.076,-6.5013,0.9998,799872,900077.0,1740948325.2,573151712.0
2016-01-25,'900943,开开Ｂ股,1.169,1.183,1.151,1.151,1.159,0.01,0.8628,0.4363,349039,408991.0,1862258031.9,613089064.0
2016-01-22,'900943,开开Ｂ股,1.159,1.173,1.131,1.135,1.133,0.026,2.2948,0.5588,447039,513599.0,1846750136.4,607983584.0
2016-01-21,'900943,开开Ｂ股,1.133,1.189,1.13,1.17,1.185,-0.052,-4.3882,0.5064,405088,471066.0,1805679661.5,594462440.0
2016-01-20,'900943,开开Ｂ股,1.185,1.197,1.157,1.172,1.194,-0.009,-0.7538,0.6018,481400,567713.0,1888351299.0,621679440.0
2016-01-19,'900943,开开Ｂ股,1.194,1.195,1.135,1.142,1.144,0.05,4.3706,1.1083,886660,1039585.0,1903215463.2,626572992.0
2016-01-18,'900943,开开Ｂ股,1.144,1.16,1.088,1.1,1.115,0.029,2.6009,0.6687,534960,602962.0,1823349528.0,600279680.0
2016-01-15,'900943,开开Ｂ股,1.115,1.16,1.105,1.139,1.13,-0.015,-1.3274,1.1238,899035,1016825.0,1778401696.5,585482040.0
2016-01-14,'900943,开开Ｂ股,1.13,1.139,1.035,1.06,1.086,0.044,4.0516,0.9467,757397,839375.0,1801749744.0,593168640.0
2016-01-13,'900943,开开Ｂ股,1.086,1.137,1.085,1.12,1.112,-0.026,-2.3381,0.9062,724950,809580.0,1731962574.0,570193440.0
2016-01-12,'900943,开开Ｂ股,1.112,1.12,1.07,1.09,1.095,0.017,1.5525,1.0178,814263,894830.0,1773373564.8,583826688.0
2016-01-11,'900943,开开Ｂ股,1.095,1.207,1.094,1.207,1.215,-0.12,-9.8765,2.1316,1705260,1940310.0,1746209421.0,574883760.0
2016-01-08,'900943,开开Ｂ股,1.215,1.249,1.159,1.218,1.19,0.025,2.1008,1.7027,1362176,1646279.0,1937870082.0,637981920.0
2016-01-07,'900943,开开Ｂ股,1.19,1.278,1.183,1.278,1.294,-0.104,-8.0371,0.3665,293200,359206.0,1898285382.0,624949920.0
2016-01-06,'900943,开开Ｂ股,1.294,1.315,1.255,1.3,1.294,0.0,0.0,1.8058,1444643,1848791.0,2053746478.8,676130528.0
2016-01-05,'900943,开开Ｂ股,1.294,1.35,1.241,1.267,1.303,-0.009,-0.6907,2.8825,2305967,2962131.0,2049187069.8,674629488.0
2016-01-04,'900943,开开Ｂ股,1.303,1.458,1.303,1.447,1.448,-0.145,-10.0138,1.5468,1237400,1680093.0,2059101712.8,677893568.0
2015-12-31,'900943,开开Ｂ股,1.448,1.463,1.415,1.42,1.424,0.024,1.6854,1.4746,1179706,1701448.0,2284864070.4,752218624.0
2015-12-30,'900943,开开Ｂ股,1.424,1.456,1.381,1.4,1.41,0.014,0.9929,1.4974,1197881,1710303.0,2245574664.0,739283840.0
2015-12-29,'900943,开开Ｂ股,1.41,1.415,1.301,1.362,1.377,0.033,2.3965,3.3362,2668956,3606660.0,2222435232.0,731665920.0
2015-12-28,'900943,开开Ｂ股,1.377,1.569,1.377,1.544,1.53,-0.153,-10.0,4.8337,3866974,5594863.0,2166606225.0,713286000.0
2015-12-25,'900943,开开Ｂ股,1.53,1.535,1.5,1.52,1.508,0.022,1.4589,1.3467,1077374,1636542.0,2405964627.0,792087120.0
2015-12-24,'900943,开开Ｂ股,1.508,1.515,1.461,1.5,1.499,0.009,0.6004,1.9,1520013,2262421.0,2372908122.0,781204320.0
2015-12-23,'900943,开开Ｂ股,1.499,1.558,1.493,1.535,1.533,-0.034,-2.2179,1.9123,1529876,2326110.0,2357871986.7,776254152.0
2015-12-22,'900943,开开Ｂ股,1.533,1.58,1.518,1.528,1.499,0.034,2.2682,1.3822,1105797,1705650.0,2411911517.4,794044944.0
2015-12-21,'900943,开开Ｂ股,1.499,1.51,1.475,1.487,1.469,0.03,2.0422,1.3385,1070811,1601363.0,2358673352.1,776517976.0
2015-12-18,'900943,开开Ｂ股,1.469,1.48,1.432,1.44,1.44,0.029,2.0139,1.6892,1351337,1969638.0,2313645913.8,761694128.0
2015-12-17,'900943,开开Ｂ股,1.44,1.49,1.436,1.487,1.472,-0.032,-2.1739,2.278,1822396,2657835.0,2265976944.0,746000640.0
2015-12-16,'900943,开开Ｂ股,1.472,1.483,1.436,1.454,1.442,0.03,2.0804,1.5226,1218050,1786205.0,2311646169.6,761035776.0
2015-12-15,'900943,开开Ｂ股,1.442,1.459,1.391,1.403,1.403,0.039,2.7798,1.6158,1292625,1855069.0,2262186095.4,744752624.0
2015-12-14,'900943,开开Ｂ股,1.403,1.408,1.37,1.382,1.39,0.013,0.9353,1.4572,1165778,1620565.0,2198821585.5,723891880.0
2015-12-11,'900943,开开Ｂ股,1.39,1.405,1.361,1.361,1.378,0.012,0.8708,1.7525,1402026,1940928.0,2173820166.0,715660960.0
2015-12-10,'900943,开开Ｂ股,1.378,1.408,1.275,1.3,1.299,0.079,6.0816,3.5476,2838048,3904326.0,2150968154.4,708137664.0
2015-12-09,'900943,开开Ｂ股,1.299,1.304,1.235,1.235,1.243,0.056,4.5052,1.95,1560020,2009772.0,2024623998.0,666542880.0
2015-12-08,'900943,开开Ｂ股,1.243,1.272,1.24,1.271,1.27,-0.027,-2.126,0.7397,591758,741305.0,1935469582.2,637191632.0
2015-12-07,'900943,开开Ｂ股,1.27,1.286,1.233,1.252,1.246,0.024,1.9262,1.4236,1138910,1439738.0,1974641085.0,650087600.0
2015-12-04,'900943,开开Ｂ股,1.246,1.27,1.231,1.256,1.26,-0.014,-1.1111,0.6779,542300,678448.0,1933267807.8,636466768.0
2015-12-03,'900943,开开Ｂ股,1.26,1.264,1.244,1.246,1.237,0.023,1.8593,0.6935,554800,696885.0,1959000876.0,644938560.0
2015-12-02,'900943,开开Ｂ股,1.237,1.26,1.2,1.239,1.242,-0.005,-0.4026,0.7724,617900,755509.0,1922519917.8,632928368.0
2015-12-01,'900943,开开Ｂ股,1.242,1.285,1.216,1.246,1.246,-0.004,-0.321,1.4073,1125805,1413373.0,1930743523.8,635635728.0
2015-11-30,'900943,开开Ｂ股,1.246,1.25,1.11,1.187,1.187,0.059,4.9705,1.6121,1289700,1542718.0,1936628643.6,637573216.0
2015-11-27,'900943,开开Ｂ股,1.187,1.283,1.187,1.279,1.285,-0.098,-7.6265,1.618,1294383,1584017.0,1843570651.5,606936840.0
2015-11-26,'900943,开开Ｂ股,1.285,1.313,1.281,1.313,1.302,-0.017,-1.3057,0.789,631200,814693.0,1995184548.0,656850880.0
2015-11-25,'900943,开开Ｂ股,1.302,1.31,1.256,1.256,1.269,0.033,2.6005,1.0546,843710,1089526.0,2020978852.2,665342832.0
2015-11-24,'900943,开开Ｂ股,1.269,1.273,1.246,1.273,1.268,0.001,0.0789,0.4571,365700,460208.0,1970095089.6,648590976.0
2015-11-23,'900943,开开Ｂ股,1.268,1.297,1.264,1.277,1.286,-0.018,-1.3997,1.2048,963800,1237635.0,1967895550.8,647866848.0
2015-11-20,'900943,开开Ｂ股,1.286,1.294,1.24,1.255,1.239,0.047,3.7934,1.5029,1202296,1517937.0,1993112244.0,656168640.0
2015-11-19,'900943,开开Ｂ股,1.239,1.242,1.21,1.212,1.221,0.018,1.4742,0.7027,562197,691115.0,1920600290.7,632296392.0
2015-11-18,'900943,开开Ｂ股,1.221,1.257,1.214,1.244,1.255,-0.034,-2.7092,0.9824,785912,970956.0,1892846458.8,623159328.0
2015-11-17,'900943,开开Ｂ股,1.255,1.292,1.243,1.257,1.25,0.005,0.4,1.857,1485627,1883240.0,1943846910.0,639949600.0
2015-11-16,'900943,开开Ｂ股,1.25,1.252,1.202,1.22,1.236,0.014,1.1327,0.7364,589131,724638.0,1936406250.0,637500000.0
2015-11-13,'900943,开开Ｂ股,1.236,1.257,1.228,1.232,1.241,-0.005,-0.4029,0.7693,615477,762255.0,1911865194.0,629420640.0
2015-11-12,'900943,开开Ｂ股,1.241,1.263,1.225,1.253,1.257,-0.016,-1.2729,0.9904,792300,980415.0,1918785056.4,631698784.0
2015-11-11,'900943,开开Ｂ股,1.257,1.268,1.242,1.249,1.256,0.001,0.0796,0.8371,669663,841053.0,1943095991.4,639702384.0
2015-11-10,'900943,开开Ｂ股,1.256,1.27,1.233,1.247,1.252,0.004,0.3195,1.2857,1028537,1285630.0,1941183921.6,639072896.0
2015-11-09,'900943,开开Ｂ股,1.252,1.268,1.24,1.25,1.257,-0.005,-0.3978,2.1269,1701481,2125161.0,1934271640.8,636797248.0
2015-11-06,'900943,开开Ｂ股,1.257,1.312,1.23,1.278,1.25,0.007,0.56,4.083,3266392,4109500.0,1938361500.9,638143704.0
2015-11-05,'900943,开开Ｂ股,1.25,1.25,1.138,1.14,1.136,0.114,10.0352,4.6596,3727701,4578952.0,1925197875.0,633810000.0
2015-11-04,'900943,开开Ｂ股,1.136,1.138,1.093,1.095,1.093,0.043,3.9341,1.6466,1317300,1482211.0,1748570846.4,575661184.0
2015-11-03,'900943,开开Ｂ股,1.093,1.1,1.064,1.085,1.087,0.006,0.552,0.9804,784289,850169.0,1681507269.0,553582640.0
2015-11-02,'900943,开开Ｂ股,1.087,1.13,1.08,1.101,1.104,-0.017,-1.5399,1.2409,992700,1106438.0,1668156071.4,549187184.0
2015-10-30,'900943,开开Ｂ股,1.104,1.13,1.062,1.075,1.075,0.029,2.6977,2.4397,1951754,2161302.0,1703393064.0,560787840.0
2015-10-29,'900943,开开Ｂ股,1.075,1.092,1.058,1.078,1.062,0.013,1.2241,1.4244,1139500,1222191.0,1661286510.0,546925600.0
2015-10-28,'900943,开开Ｂ股,1.062,1.12,1.05,1.1,1.114,-0.052,-4.6679,1.5479,1238300,1330260.0,1639648137.6,539801856.0
2015-10-27,'900943,开开Ｂ股,1.114,1.12,1.058,1.09,1.1,0.014,1.2727,0.8585,686800,747477.0,1718795278.8,565858528.0
2015-10-26,'900943,开开Ｂ股,1.1,1.14,1.081,1.113,1.105,-0.005,-0.4525,1.3582,1086564,1196836.0,1698664770.0,559231200.0
2015-10-23,'900943,开开Ｂ股,1.105,1.111,1.052,1.053,1.051,0.054,5.138,1.761,1408831,1538791.0,1707621142.5,562179800.0
2015-10-22,'900943,开开Ｂ股,1.051,1.056,1.008,1.009,1.005,0.046,4.5771,1.4963,1197069,1235753.0,1621668932.1,533882776.0
2015-10-21,'900943,开开Ｂ股,1.005,1.097,1.0,1.071,1.075,-0.07,-6.5116,3.1155,2492423,2649713.0,1550105869.5,510322920.0
2015-10-20,'900943,开开Ｂ股,1.075,1.115,1.071,1.088,1.073,0.002,0.1864,1.1986,958884,1045253.0,1661756715.0,547080400.0
2015-10-19,'900943,开开Ｂ股,1.073,1.13,1.07,1.09,1.089,-0.016,-1.4692,2.8803,2304215,2524979.0,1656396645.3,545315768.0
2015-10-16,'900943,开开Ｂ股,1.089,1.09,1.003,1.017,1.008,0.081,8.0357,3.7022,2961762,3114519.0,1678687837.2,552654432.0
2015-10-15,'900943,开开Ｂ股,1.008,1.02,0.969,0.97,0.971,0.037,3.8105,1.3183,1054610,1052462.0,1552993948.8,511273728.0
2015-10-14,'900943,开开Ｂ股,0.971,0.99,0.966,0.99,0.988,-0.017,-1.7206,0.8913,713002,692946.0,1496130782.4,492553344.0
2015-10-13,'900943,开开Ｂ股,0.988,0.995,0.955,0.972,0.972,0.016,1.6461,0.9684,774752,756566.0,1518075140.4,499777824.0
2015-10-12,'900943,开开Ｂ股,0.972,0.979,0.935,0.936,0.93,0.042,4.5161,1.7359,1388753,1335391.0,1497624357.6,493045056.0
2015-10-09,'900943,开开Ｂ股,0.93,0.945,0.908,0.918,0.914,0.016,1.7505,0.969,775200,716696.0,1434878307.0,472387920.0
2015-10-08,'900943,开开Ｂ股,0.914,0.93,0.91,0.92,0.895,0.019,2.1229,1.6024,1281900,1176677.0,1410458751.0,464348560.0
2015-09-30,'900943,开开Ｂ股,0.895,0.904,0.88,0.904,0.9,-0.005,-0.5556,1.015,812024,719895.0,1383487330.5,455469080.0
2015-09-29,'900943,开开Ｂ股,0.9,0.92,0.88,0.9,0.919,-0.019,-2.0675,1.9614,1569148,1406136.0,1392244200.0,458352000.0
2015-09-28,'900943,开开Ｂ股,0.919,0.928,0.89,0.893,0.891,0.028,3.1425,1.2114,969143,879861.0,1423176909.3,468535608.0
2015-09-25,'900943,开开Ｂ股,0.891,0.961,0.871,0.954,0.952,-0.061,-6.4076,1.4312,1144988,1049438.0,1381028170.5,454659480.0
2015-09-24,'900943,开开Ｂ股,0.952,0.975,0.942,0.961,0.971,-0.019,-1.9567,1.0679,854350,815889.0,1475715477.6,485832256.0
2015-09-23,'900943,开开Ｂ股,0.971,0.997,0.93,0.935,0.932,0.039,4.1845,2.2939,1835130,1783537.0,1504743066.9,495388664.0
2015-09-22,'900943,开开Ｂ股,0.932,0.968,0.922,0.938,0.937,-0.005,-0.5336,0.6068,485400,455284.0,1443127719.6,475103776.0
2015-09-21,'900943,开开Ｂ股,0.937,0.944,0.91,0.91,0.917,0.02,2.181,0.4463,357001,332196.0,1449845211.6,477315296.0
2015-09-18,'900943,开开Ｂ股,0.917,0.931,0.886,0.931,0.911,0.006,0.6586,0.4492,359388,325126.0,1417361141.7,466620952.0
2015-09-17,'900943,开开Ｂ股,0.911,0.959,0.905,0.912,0.931,-0.02,-2.1482,1.0868,869479,807626.0,1409481891.0,464026960.0
2015-09-16,'900943,开开Ｂ股,0.931,0.942,0.843,0.856,0.856,0.075,8.7617,1.1302,904138,807691.0,1441375689.6,474526976.0
2015-09-15,'900943,开开Ｂ股,0.856,0.87,0.822,0.843,0.846,0.01,1.182,0.9897,791744,672959.0,1324282932.0,435977920.0
2015-09-14,'900943,开开Ｂ股,0.846,0.977,0.845,0.94,0.939,-0.093,-9.9042,1.9557,1564569,1433117.0,1309716880.2,431182512.0
2015-09-11,'900943,开开Ｂ股,0.939,0.945,0.897,0.897,0.906,0.033,3.6424,1.3383,1070637,979297.0,1453921026.3,478657128.0
2015-09-10,'900943,开开Ｂ股,0.906,0.927,0.896,0.896,0.93,-0.024,-2.5806,0.8461,676910,616809.0,1403991597.6,462219456.0
2015-09-09,'900943,开开Ｂ股,0.93,0.973,0.907,0.925,0.91,0.02,2.1978,1.7786,1422858,1347043.0,1438019568.0,473422080.0
2015-09-08,'900943,开开Ｂ股,0.91,0.915,0.821,0.83,0.855,0.055,6.4327,0.9946,795649,699730.0,1407249207.0,463291920.0
2015-09-07,'900943,开开Ｂ股,0.855,0.874,0.83,0.845,0.825,0.03,3.6364,0.6064,485090,414142.0,1321052976.0,434914560.0
2015-09-02,'900943,开开Ｂ股,0.825,0.881,0.802,0.804,0.853,-0.028,-3.2825,0.7955,636401,536479.0,1275401902.5,419885400.0
2015-09-01,'900943,开开Ｂ股,0.853,0.897,0.83,0.897,0.907,-0.054,-5.9537,0.8134,650709,554605.0,1321445080.8,435043648.0
2015-08-31,'900943,开开Ｂ股,0.907,0.925,0.883,0.925,0.927,-0.02,-2.1575,0.6886,550880,494889.0,1408208109.3,463607608.0
2015-08-28,'900943,开开Ｂ股,0.927,0.941,0.889,0.889,0.873,0.054,6.1856,1.3451,1076094,984007.0,1441355034.6,474520176.0
2015-08-27,'900943,开开Ｂ股,0.873,0.876,0.822,0.839,0.809,0.064,7.911,1.2541,1003273,853866.0,1359492781.5,447569640.0
2015-08-26,'900943,开开Ｂ股,0.809,0.866,0.755,0.85,0.812,-0.003,-0.3695,1.4701,1176046,976344.0,1259002124.1,414486296.0
2015-08-25,'900943,开开Ｂ股,0.812,0.88,0.812,0.812,0.902,-0.09,-9.9778,1.8641,1491294,1239889.0,1262565889.2,415659552.0
2015-08-24,'900943,开开Ｂ股,0.902,0.969,0.902,0.969,1.002,-0.1,-9.98,1.329,1063200,972189.0,1399765633.2,460828192.0
2015-08-21,'900943,开开Ｂ股,1.002,1.058,0.983,1.024,1.061,-0.059,-5.5608,1.2713,1017033,1031345.0,1554998990.4,511933824.0
2015-08-20,'900943,开开Ｂ股,1.061,1.138,1.06,1.115,1.146,-0.085,-7.4171,1.382,1105638,1204559.0,1647875704.5,542510520.0
2015-08-19,'900943,开开Ｂ股,1.146,1.155,1.011,1.05,1.11,0.036,3.2432,2.6308,2104654,2299304.0,1781228831.4,586412784.0
2015-08-18,'900943,开开Ｂ股,1.11,1.22,1.11,1.2,1.233,-0.123,-9.9757,2.0488,1639036,1880227.0,1725354918.0,568018080.0
2015-08-17,'900943,开开Ｂ股,1.233,1.267,1.145,1.244,1.231,0.002,0.1625,3.0663,2453013,2958273.0,1916632781.1,630990216.0
2015-08-14,'900943,开开Ｂ股,1.231,1.28,1.2,1.239,1.184,0.047,3.9696,3.11,2488019,3085031.0,1913703367.5,630025800.0
2015-08-13,'900943,开开Ｂ股,1.184,1.184,1.052,1.069,1.076,0.108,10.0372,3.3423,2673807,3067549.0,1841644512.0,606302720.0
2015-08-12,'900943,开开Ｂ股,1.076,1.095,1.048,1.06,1.061,0.015,1.4138,1.7099,1367933,1461260.0,1655249320.8,544938048.0
2015-08-11,'900943,开开Ｂ股,1.061,1.087,1.0,1.07,1.055,0.006,0.5687,1.1335,906800,964955.0,1606185725.4,528785424.0
2015-08-10,'900943,开开Ｂ股,1.055,1.07,0.988,0.998,0.995,0.06,6.0302,0.9788,783000,815952.0,1567979613.0,516207280.0
2015-08-07,'900943,开开Ｂ股,0.995,0.999,0.959,0.959,0.953,0.042,4.4071,0.6635,530761,520970.0,1479095559.0,486945040.0
2015-08-06,'900943,开开Ｂ股,0.953,0.97,0.92,0.958,0.964,-0.011,-1.1411,0.3643,291461,275956.0,1416823479.9,466443944.0
2015-08-05,'900943,开开Ｂ股,0.964,0.996,0.931,0.996,0.983,-0.019,-1.9329,0.5383,430640,416753.0,1433294287.2,471866432.0
2015-08-04,'900943,开开Ｂ股,0.983,0.996,0.915,0.93,0.911,0.072,7.9034,1.3632,1090530,1025353.0,1461328881.3,481095928.0
2015-08-03,'900943,开开Ｂ股,0.911,0.996,0.898,0.996,0.998,-0.087,-8.7174,0.8542,683381,630530.0,1354116503.7,445799672.0
2015-07-31,'900943,开开Ｂ股,0.998,1.037,0.992,1.02,1.032,-0.034,-3.2946,0.4958,396600,398494.0,1483506640.8,488397248.0
2015-07-30,'900943,开开Ｂ股,1.032,1.057,1.011,1.04,1.052,-0.02,-1.9011,0.9065,725200,758556.0,1533871404.0,504978240.0
2015-07-29,'900943,开开Ｂ股,1.052,1.057,0.98,1.03,1.02,0.032,3.1373,0.7146,571641,586723.0,1563214140.0,514638400.0
2015-07-28,'900943,开开Ｂ股,1.02,1.031,0.908,0.922,0.986,0.034,3.4483,1.5656,1252493,1229094.0,1515763044.0,499016640.0
2015-07-27,'900943,开开Ｂ股,0.986,1.1,0.986,1.078,1.095,-0.109,-9.9543,1.3677,1094170,1144011.0,1465764724.8,482556288.0
2015-07-24,'900943,开开Ｂ股,1.095,1.118,1.08,1.106,1.109,-0.014,-1.2624,1.5345,1227599,1357576.0,1627615336.5,535840440.0
2015-07-23,'900943,开开Ｂ股,1.109,1.114,1.065,1.065,1.062,0.047,4.4256,1.0294,823497,902848.0,1648505876.4,542717984.0
2015-07-22,'900943,开开Ｂ股,1.062,1.076,1.039,1.064,1.059,0.003,0.2833,0.5709,456701,484433.0,1578538108.8,519683328.0
2015-07-21,'900943,XD开开Ｂ,1.059,1.075,1.0,1.06,1.069,-0.01,-0.9355,0.4068,325400,342920.0,1574876706.3,518477928.0
2015-07-20,'900943,开开Ｂ股,1.076,1.094,1.03,1.09,1.083,-0.007,-0.6464,1.1788,943015,1009082.0,1600105719.6,526783776.0
2015-07-17,'900943,开开Ｂ股,1.083,1.091,0.952,1.008,1.001,0.082,8.1918,1.3499,1079957,1120367.0,1610383744.8,530167488.0
2015-07-16,'900943,开开Ｂ股,1.001,1.01,0.85,0.87,0.93,0.071,7.6344,1.1495,919578,891869.0,1487990403.9,489873384.0
2015-07-15,'900943,开开Ｂ股,0.93,1.01,0.93,1.01,1.033,-0.103,-9.971,1.0364,829100,791567.0,1381974048.0,454970880.0
2015-07-14,'900943,开开Ｂ股,1.033,1.086,1.022,1.055,1.054,-0.021,-1.9924,2.1927,1754170,1853108.0,1535357713.5,505467560.0
2015-07-13,'900943,开开Ｂ股,1.054,1.054,0.98,1.03,0.958,0.096,10.0209,2.413,1930381,2000806.0,1565750622.6,515473456.0
2015-07-10,'900943,开开Ｂ股,0.958,0.958,0.905,0.93,0.871,0.087,9.9885,0.8047,643764,610151.0,1423605148.2,468676592.0
2015-07-09,'900943,开开Ｂ股,0.871,0.871,0.715,0.715,0.792,0.079,9.9747,1.6748,1339801,1116522.0,1294279260.3,426100168.0
2015-07-08,'900943,开开Ｂ股,0.792,0.792,0.792,0.792,0.88,-0.088,-10.0,0.4321,345700,273794.0,1177349580.0,387604800.0
2015-07-07,'900943,开开Ｂ股,0.88,0.95,0.88,0.945,0.978,-0.098,-10.0204,1.2498,999828,902123.0,1307973744.0,430608640.0
2015-07-06,'900943,开开Ｂ股,0.978,1.185,0.969,1.185,1.077,-0.099,-9.1922,2.4247,1939782,2043136.0,1453777048.8,478609728.0
2015-07-03,'900943,开开Ｂ股,1.077,1.17,1.045,1.131,1.16,-0.083,-7.1552,1.982,1585609,1730349.0,1600624476.0,526954560.0
2015-07-02,'900943,开开Ｂ股,1.16,1.282,1.15,1.28,1.254,-0.094,-7.496,1.137,909562,1103962.0,1724288148.0,567666880.0
2015-07-01,'900943,开开Ｂ股,1.254,1.348,1.22,1.308,1.319,-0.065,-4.928,1.0569,845492,1097125.0,1863344557.8,613446768.0
2015-06-30,'900943,开开Ｂ股,1.319,1.32,1.156,1.18,1.21,0.109,9.0083,1.5128,1210210,1503127.0,1959512731.2,645107072.0
2015-06-29,'900943,开开Ｂ股,1.21,1.316,1.136,1.29,1.252,-0.042,-3.3546,1.7742,1419392,1740135.0,1798522704.0,592106240.0
2015-06-26,'900943,开开Ｂ股,1.252,1.368,1.251,1.368,1.39,-0.138,-9.9281,1.3399,1071931,1381273.0,1860007633.2,612348192.0
2015-06-25,'900943,开开Ｂ股,1.39,1.503,1.366,1.503,1.5,-0.11,-7.3333,0.6817,545334,791465.0,2065395996.0,679965760.0
2015-06-24,'900943,开开Ｂ股,1.5,1.542,1.44,1.54,1.521,-0.021,-1.3807,0.8844,707526,1061318.0,2228625900.0,733704000.0
2015-06-23,'900943,开开Ｂ股,1.521,1.583,1.386,1.532,1.539,-0.018,-1.1696,1.365,1092036,1627546.0,2258976575.7,743695992.0
2015-06-19,'900943,开开Ｂ股,1.539,1.64,1.529,1.611,1.63,-0.091,-5.5828,1.11,888000,1407327.0,2285149060.8,752312448.0
2015-06-18,'900943,开开Ｂ股,1.63,1.696,1.625,1.683,1.678,-0.048,-2.8605,0.7175,574000,956298.0,2421139734.0,797083040.0
2015-06-17,'900943,开开Ｂ股,1.678,1.744,1.589,1.72,1.724,-0.046,-2.6682,1.3699,1095891,1815167.0,2493741913.2,820984992.0
2015-06-16,'900943,开开Ｂ股,1.724,1.773,1.701,1.721,1.76,-0.036,-2.0455,0.7498,599800,1040667.0,2561978646.0,843449760.0
2015-06-15,'900943,开开Ｂ股,1.76,1.82,1.756,1.819,1.803,-0.043,-2.3849,1.0494,839534,1504004.0,2616075792.0,861259520.0
2015-06-12,'900943,开开Ｂ股,1.803,1.866,1.724,1.76,1.737,0.066,3.7997,2.1387,1710990,3030901.0,2679903654.3,882272808.0
2015-06-11,'900943,开开Ｂ股,1.737,1.748,1.673,1.7,1.7,0.037,2.1765,1.3969,1117540,1918363.0,2581086465.0,849740400.0
2015-06-10,'900943,开开Ｂ股,1.7,1.726,1.653,1.679,1.68,0.02,1.1905,0.945,755997,1283969.0,2527056630.0,831952800.0
2015-06-09,'900943,开开Ｂ股,1.68,1.726,1.638,1.695,1.728,-0.048,-2.7778,1.4896,1191675,1994654.0,2497571496.0,822245760.0
2015-06-08,'900943,开开Ｂ股,1.728,1.792,1.661,1.792,1.792,-0.064,-3.5714,2.3562,1884998,3234020.0,2570022432.0,846097920.0
2015-06-05,'900943,开开Ｂ股,1.792,1.892,1.781,1.85,1.863,-0.071,-3.8111,1.3171,1053691,1928448.0,2664163353.6,877090816.0
2015-06-04,'900943,开开Ｂ股,1.863,1.91,1.762,1.91,1.931,-0.068,-3.5215,2.6325,2105985,3859244.0,2768949327.6,911588256.0
2015-06-03,'900943,开开Ｂ股,1.931,1.959,1.738,1.78,1.789,0.142,7.9374,2.964,2371178,4355653.0,2870579800.8,945046848.0
2015-06-02,'900943,开开Ｂ股,1.789,1.835,1.708,1.708,1.708,0.081,4.7424,2.4212,1936928,3420058.0,2661616057.5,876252200.0
2015-06-01,'900943,开开Ｂ股,1.708,1.708,1.543,1.549,1.553,0.155,9.9807,2.9854,2388329,3987157.0,2540359810.8,836332448.0
2015-05-29,'900943,开开Ｂ股,1.553,1.556,1.471,1.531,1.518,0.035,2.3057,1.6528,1322278,2026073.0,2309408528.4,760299104.0
2015-05-28,'900943,开开Ｂ股,1.518,1.679,1.517,1.661,1.685,-0.167,-9.911,1.7097,1367748,2193032.0,2257582654.8,743237088.0
2015-05-27,'900943,开开Ｂ股,1.685,1.693,1.61,1.66,1.66,0.025,1.506,1.5704,1256287,2062400.0,2505782709.0,824949040.0
2015-05-26,'900943,开开Ｂ股,1.66,1.699,1.637,1.641,1.639,0.021,1.2813,1.5219,1217552,2033880.0,2467556136.0,812364160.0
2015-05-25,'900943,开开Ｂ股,1.639,1.659,1.606,1.63,1.629,0.01,0.6139,1.2525,1002009,1638339.0,2436061270.5,801995480.0
2015-05-22,'900943,开开Ｂ股,1.629,1.67,1.528,1.668,1.666,-0.037,-2.2209,2.0409,1632749,2619185.0,2419852295.7,796659192.0
2015-05-21,'900943,开开Ｂ股,1.666,1.67,1.551,1.551,1.57,0.096,6.1146,2.0933,1674600,2708917.0,2475139048.2,814860592.0
2015-05-20,'900943,开开Ｂ股,1.57,1.6,1.52,1.536,1.533,0.037,2.4136,1.4431,1154485,1816381.0,2331979875.0,767730000.0
2015-05-19,'900943,开开Ｂ股,1.533,1.558,1.501,1.53,1.529,0.004,0.2616,1.6242,1299345,1984260.0,2276016586.2,749305872.0
2015-05-18,'900943,开开Ｂ股,1.529,1.59,1.481,1.499,1.493,0.036,2.4113,2.4922,1993799,3039763.0,2269371921.3,747118328.0
